# Nx1 = 1024
# x1-size = 1
# PRIMITIVE vars at Time = 0.0600788, level= 0, domain= 0
# [1]=i-zone [2]=x1 [3]=d [4]=V1 [5]=V2 [6]=V3 [7]=P
    4 -4.99512e-01  1.00000e+00  0.00000e+00  0.00000e+00  0.00000e+00  1.00000e+00
    5 -4.98535e-01  1.00000e+00  0.00000e+00  0.00000e+00  0.00000e+00  1.00000e+00
    6 -4.97559e-01  1.00000e+00  0.00000e+00  0.00000e+00  0.00000e+00  1.00000e+00
    7 -4.96582e-01  1.00000e+00  0.00000e+00  0.00000e+00  0.00000e+00  1.00000e+00
    8 -4.95605e-01  1.00000e+00  0.00000e+00  0.00000e+00  0.00000e+00  1.00000e+00
    9 -4.94629e-01  1.00000e+00  0.00000e+00  0.00000e+00  0.00000e+00  1.00000e+00
   10 -4.93652e-01  1.00000e+00  0.00000e+00  0.00000e+00  0.00000e+00  1.00000e+00
   11 -4.92676e-01  1.00000e+00  0.00000e+00  0.00000e+00  0.00000e+00  1.00000e+00
   12 -4.91699e-01  1.00000e+00  0.00000e+00  0.00000e+00  0.00000e+00  1.00000e+00
   13 -4.90723e-01  1.00000e+00  0.00000e+00  0.00000e+00  0.00000e+00  1.00000e+00
   14 -4.89746e-01  1.00000e+00  0.00000e+00  0.00000e+00  0.00000e+00  1.00000e+00
   15 -4.88770e-01  1.00000e+00  0.00000e+00  0.00000e+00  0.00000e+00  1.00000e+00
   16 -4.87793e-01  1.00000e+00  0.00000e+00  0.00000e+00  0.00000e+00  1.00000e+00
   17 -4.86816e-01  1.00000e+00  0.00000e+00  0.00000e+00  0.00000e+00  1.00000e+00
   18 -4.85840e-01  1.00000e+00  0.00000e+00  0.00000e+00  0.00000e+00  1.00000e+00
   19 -4.84863e-01  1.00000e+00  0.00000e+00  0.00000e+00  0.00000e+00  1.00000e+00
   20 -4.83887e-01  1.00000e+00  0.00000e+00  0.00000e+00  0.00000e+00  1.00000e+00
   21 -4.82910e-01  1.00000e+00  0.00000e+00  0.00000e+00  0.00000e+00  1.00000e+00
   22 -4.81934e-01  1.00000e+00  0.00000e+00  0.00000e+00  0.00000e+00  1.00000e+00
   23 -4.80957e-01  1.00000e+00  0.00000e+00  0.00000e+00  0.00000e+00  1.00000e+00
   24 -4.79980e-01  1.00000e+00  0.00000e+00  0.00000e+00  0.00000e+00  1.00000e+00
   25 -4.79004e-01  1.00000e+00  0.00000e+00  0.00000e+00  0.00000e+00  1.00000e+00
   26 -4.78027e-01  1.00000e+00  0.00000e+00  0.00000e+00  0.00000e+00  1.00000e+00
   27 -4.77051e-01  1.00000e+00  0.00000e+00  0.00000e+00  0.00000e+00  1.00000e+00
   28 -4.76074e-01  1.00000e+00  0.00000e+00  0.00000e+00  0.00000e+00  1.00000e+00
   29 -4.75098e-01  1.00000e+00  0.00000e+00  0.00000e+00  0.00000e+00  1.00000e+00
   30 -4.74121e-01  1.00000e+00  0.00000e+00  0.00000e+00  0.00000e+00  1.00000e+00
   31 -4.73145e-01  1.00000e+00  0.00000e+00  0.00000e+00  0.00000e+00  1.00000e+00
   32 -4.72168e-01  1.00000e+00  0.00000e+00  0.00000e+00  0.00000e+00  1.00000e+00
   33 -4.71191e-01  1.00000e+00  0.00000e+00  0.00000e+00  0.00000e+00  1.00000e+00
   34 -4.70215e-01  1.00000e+00  0.00000e+00  0.00000e+00  0.00000e+00  1.00000e+00
   35 -4.69238e-01  1.00000e+00  0.00000e+00  0.00000e+00  0.00000e+00  1.00000e+00
   36 -4.68262e-01  1.00000e+00  0.00000e+00  0.00000e+00  0.00000e+00  1.00000e+00
   37 -4.67285e-01  1.00000e+00  0.00000e+00  0.00000e+00  0.00000e+00  1.00000e+00
   38 -4.66309e-01  1.00000e+00  0.00000e+00  0.00000e+00  0.00000e+00  1.00000e+00
   39 -4.65332e-01  1.00000e+00  0.00000e+00  0.00000e+00  0.00000e+00  1.00000e+00
   40 -4.64355e-01  1.00000e+00  0.00000e+00  0.00000e+00  0.00000e+00  1.00000e+00
   41 -4.63379e-01  1.00000e+00  0.00000e+00  0.00000e+00  0.00000e+00  1.00000e+00
   42 -4.62402e-01  1.00000e+00  0.00000e+00  0.00000e+00  0.00000e+00  1.00000e+00
   43 -4.61426e-01  1.00000e+00  0.00000e+00  0.00000e+00  0.00000e+00  1.00000e+00
   44 -4.60449e-01  1.00000e+00  0.00000e+00  0.00000e+00  0.00000e+00  1.00000e+00
   45 -4.59473e-01  1.00000e+00  0.00000e+00  0.00000e+00  0.00000e+00  1.00000e+00
   46 -4.58496e-01  1.00000e+00  0.00000e+00  0.00000e+00  0.00000e+00  1.00000e+00
   47 -4.57520e-01  1.00000e+00  0.00000e+00  0.00000e+00  0.00000e+00  1.00000e+00
   48 -4.56543e-01  1.00000e+00  0.00000e+00  0.00000e+00  0.00000e+00  1.00000e+00
   49 -4.55566e-01  1.00000e+00  0.00000e+00  0.00000e+00  0.00000e+00  1.00000e+00
   50 -4.54590e-01  1.00000e+00  0.00000e+00  0.00000e+00  0.00000e+00  1.00000e+00
   51 -4.53613e-01  1.00000e+00  0.00000e+00  0.00000e+00  0.00000e+00  1.00000e+00
   52 -4.52637e-01  1.00000e+00  0.00000e+00  0.00000e+00  0.00000e+00  1.00000e+00
   53 -4.51660e-01  1.00000e+00  0.00000e+00  0.00000e+00  0.00000e+00  1.00000e+00
   54 -4.50684e-01  1.00000e+00  0.00000e+00  0.00000e+00  0.00000e+00  1.00000e+00
   55 -4.49707e-01  1.00000e+00  0.00000e+00  0.00000e+00  0.00000e+00  1.00000e+00
   56 -4.48730e-01  1.00000e+00  0.00000e+00  0.00000e+00  0.00000e+00  1.00000e+00
   57 -4.47754e-01  1.00000e+00  0.00000e+00  0.00000e+00  0.00000e+00  1.00000e+00
   58 -4.46777e-01  1.00000e+00  0.00000e+00  0.00000e+00  0.00000e+00  1.00000e+00
   59 -4.45801e-01  1.00000e+00  0.00000e+00  0.00000e+00  0.00000e+00  1.00000e+00
   60 -4.44824e-01  1.00000e+00  0.00000e+00  0.00000e+00  0.00000e+00  1.00000e+00
   61 -4.43848e-01  1.00000e+00  0.00000e+00  0.00000e+00  0.00000e+00  1.00000e+00
   62 -4.42871e-01  1.00000e+00  0.00000e+00  0.00000e+00  0.00000e+00  1.00000e+00
   63 -4.41895e-01  1.00000e+00  0.00000e+00  0.00000e+00  0.00000e+00  1.00000e+00
   64 -4.40918e-01  1.00000e+00  0.00000e+00  0.00000e+00  0.00000e+00  1.00000e+00
   65 -4.39941e-01  1.00000e+00  0.00000e+00  0.00000e+00  0.00000e+00  1.00000e+00
   66 -4.38965e-01  1.00000e+00  0.00000e+00  0.00000e+00  0.00000e+00  1.00000e+00
   67 -4.37988e-01  1.00000e+00  0.00000e+00  0.00000e+00  0.00000e+00  1.00000e+00
   68 -4.37012e-01  1.00000e+00  0.00000e+00  0.00000e+00  0.00000e+00  1.00000e+00
   69 -4.36035e-01  1.00000e+00  0.00000e+00  0.00000e+00  0.00000e+00  1.00000e+00
   70 -4.35059e-01  1.00000e+00  0.00000e+00  0.00000e+00  0.00000e+00  1.00000e+00
   71 -4.34082e-01  1.00000e+00  0.00000e+00  0.00000e+00  0.00000e+00  1.00000e+00
   72 -4.33105e-01  1.00000e+00  0.00000e+00  0.00000e+00  0.00000e+00  1.00000e+00
   73 -4.32129e-01  1.00000e+00  0.00000e+00  0.00000e+00  0.00000e+00  1.00000e+00
   74 -4.31152e-01  1.00000e+00  0.00000e+00  0.00000e+00  0.00000e+00  1.00000e+00
   75 -4.30176e-01  1.00000e+00  0.00000e+00  0.00000e+00  0.00000e+00  1.00000e+00
   76 -4.29199e-01  1.00000e+00  0.00000e+00  0.00000e+00  0.00000e+00  1.00000e+00
   77 -4.28223e-01  1.00000e+00  0.00000e+00  0.00000e+00  0.00000e+00  1.00000e+00
   78 -4.27246e-01  1.00000e+00  0.00000e+00  0.00000e+00  0.00000e+00  1.00000e+00
   79 -4.26270e-01  1.00000e+00  0.00000e+00  0.00000e+00  0.00000e+00  1.00000e+00
   80 -4.25293e-01  1.00000e+00  0.00000e+00  0.00000e+00  0.00000e+00  1.00000e+00
   81 -4.24316e-01  1.00000e+00  0.00000e+00  0.00000e+00  0.00000e+00  1.00000e+00
   82 -4.23340e-01  1.00000e+00  0.00000e+00  0.00000e+00  0.00000e+00  1.00000e+00
   83 -4.22363e-01  1.00000e+00  0.00000e+00  0.00000e+00  0.00000e+00  1.00000e+00
   84 -4.21387e-01  1.00000e+00  0.00000e+00  0.00000e+00  0.00000e+00  1.00000e+00
   85 -4.20410e-01  1.00000e+00  0.00000e+00  0.00000e+00  0.00000e+00  1.00000e+00
   86 -4.19434e-01  1.00000e+00  0.00000e+00  0.00000e+00  0.00000e+00  1.00000e+00
   87 -4.18457e-01  1.00000e+00  0.00000e+00  0.00000e+00  0.00000e+00  1.00000e+00
   88 -4.17480e-01  1.00000e+00  0.00000e+00  0.00000e+00  0.00000e+00  1.00000e+00
   89 -4.16504e-01  1.00000e+00  0.00000e+00  0.00000e+00  0.00000e+00  1.00000e+00
   90 -4.15527e-01  1.00000e+00  0.00000e+00  0.00000e+00  0.00000e+00  1.00000e+00
   91 -4.14551e-01  1.00000e+00  0.00000e+00  0.00000e+00  0.00000e+00  1.00000e+00
   92 -4.13574e-01  1.00000e+00  0.00000e+00  0.00000e+00  0.00000e+00  1.00000e+00
   93 -4.12598e-01  1.00000e+00  0.00000e+00  0.00000e+00  0.00000e+00  1.00000e+00
   94 -4.11621e-01  1.00000e+00  0.00000e+00  0.00000e+00  0.00000e+00  1.00000e+00
   95 -4.10645e-01  1.00000e+00  0.00000e+00  0.00000e+00  0.00000e+00  1.00000e+00
   96 -4.09668e-01  1.00000e+00  0.00000e+00  0.00000e+00  0.00000e+00  1.00000e+00
   97 -4.08691e-01  1.00000e+00  0.00000e+00  0.00000e+00  0.00000e+00  1.00000e+00
   98 -4.07715e-01  1.00000e+00  0.00000e+00  0.00000e+00  0.00000e+00  1.00000e+00
   99 -4.06738e-01  1.00000e+00  0.00000e+00  0.00000e+00  0.00000e+00  1.00000e+00
  100 -4.05762e-01  1.00000e+00  0.00000e+00  0.00000e+00  0.00000e+00  1.00000e+00
  101 -4.04785e-01  1.00000e+00  0.00000e+00  0.00000e+00  0.00000e+00  1.00000e+00
  102 -4.03809e-01  1.00000e+00  0.00000e+00  0.00000e+00  0.00000e+00  1.00000e+00
  103 -4.02832e-01  1.00000e+00  0.00000e+00  0.00000e+00  0.00000e+00  1.00000e+00
  104 -4.01855e-01  1.00000e+00  0.00000e+00  0.00000e+00  0.00000e+00  1.00000e+00
  105 -4.00879e-01  1.00000e+00  0.00000e+00  0.00000e+00  0.00000e+00  1.00000e+00
  106 -3.99902e-01  1.00000e+00  0.00000e+00  0.00000e+00  0.00000e+00  1.00000e+00
  107 -3.98926e-01  1.00000e+00  0.00000e+00  0.00000e+00  0.00000e+00  1.00000e+00
  108 -3.97949e-01  1.00000e+00  0.00000e+00  0.00000e+00  0.00000e+00  1.00000e+00
  109 -3.96973e-01  1.00000e+00  0.00000e+00  0.00000e+00  0.00000e+00  1.00000e+00
  110 -3.95996e-01  1.00000e+00  0.00000e+00  0.00000e+00  0.00000e+00  1.00000e+00
  111 -3.95020e-01  1.00000e+00  0.00000e+00  0.00000e+00  0.00000e+00  1.00000e+00
  112 -3.94043e-01  1.00000e+00  0.00000e+00  0.00000e+00  0.00000e+00  1.00000e+00
  113 -3.93066e-01  1.00000e+00  0.00000e+00  0.00000e+00  0.00000e+00  1.00000e+00
  114 -3.92090e-01  1.00000e+00  0.00000e+00  0.00000e+00  0.00000e+00  1.00000e+00
  115 -3.91113e-01  1.00000e+00  0.00000e+00  0.00000e+00  0.00000e+00  1.00000e+00
  116 -3.90137e-01  1.00000e+00  0.00000e+00  0.00000e+00  0.00000e+00  1.00000e+00
  117 -3.89160e-01  1.00000e+00  0.00000e+00  0.00000e+00  0.00000e+00  1.00000e+00
  118 -3.88184e-01  1.00000e+00  0.00000e+00  0.00000e+00  0.00000e+00  1.00000e+00
  119 -3.87207e-01  1.00000e+00  0.00000e+00  0.00000e+00  0.00000e+00  1.00000e+00
  120 -3.86230e-01  1.00000e+00  0.00000e+00  0.00000e+00  0.00000e+00  1.00000e+00
  121 -3.85254e-01  1.00000e+00  0.00000e+00  0.00000e+00  0.00000e+00  1.00000e+00
  122 -3.84277e-01  1.00000e+00  0.00000e+00  0.00000e+00  0.00000e+00  1.00000e+00
  123 -3.83301e-01  1.00000e+00  0.00000e+00  0.00000e+00  0.00000e+00  1.00000e+00
  124 -3.82324e-01  1.00000e+00  0.00000e+00  0.00000e+00  0.00000e+00  1.00000e+00
  125 -3.81348e-01  1.00000e+00  0.00000e+00  0.00000e+00  0.00000e+00  1.00000e+00
  126 -3.80371e-01  1.00000e+00  0.00000e+00  0.00000e+00  0.00000e+00  1.00000e+00
  127 -3.79395e-01  1.00000e+00  0.00000e+00  0.00000e+00  0.00000e+00  1.00000e+00
  128 -3.78418e-01  1.00000e+00  0.00000e+00  0.00000e+00  0.00000e+00  1.00000e+00
  129 -3.77441e-01  1.00000e+00  0.00000e+00  0.00000e+00  0.00000e+00  1.00000e+00
  130 -3.76465e-01  1.00000e+00  0.00000e+00  0.00000e+00  0.00000e+00  1.00000e+00
  131 -3.75488e-01  1.00000e+00  0.00000e+00  0.00000e+00  0.00000e+00  1.00000e+00
  132 -3.74512e-01  1.00000e+00  0.00000e+00  0.00000e+00  0.00000e+00  1.00000e+00
  133 -3.73535e-01  1.00000e+00  0.00000e+00  0.00000e+00  0.00000e+00  1.00000e+00
  134 -3.72559e-01  1.00000e+00  0.00000e+00  0.00000e+00  0.00000e+00  1.00000e+00
  135 -3.71582e-01  1.00000e+00  0.00000e+00  0.00000e+00  0.00000e+00  1.00000e+00
  136 -3.70605e-01  1.00000e+00  0.00000e+00  0.00000e+00  0.00000e+00  1.00000e+00
  137 -3.69629e-01  1.00000e+00  0.00000e+00  0.00000e+00  0.00000e+00  1.00000e+00
  138 -3.68652e-01  1.00000e+00  0.00000e+00  0.00000e+00  0.00000e+00  1.00000e+00
  139 -3.67676e-01  1.00000e+00  0.00000e+00  0.00000e+00  0.00000e+00  1.00000e+00
  140 -3.66699e-01  1.00000e+00  0.00000e+00  0.00000e+00  0.00000e+00  1.00000e+00
  141 -3.65723e-01  1.00000e+00  0.00000e+00  0.00000e+00  0.00000e+00  1.00000e+00
  142 -3.64746e-01  1.00000e+00  0.00000e+00  0.00000e+00  0.00000e+00  1.00000e+00
  143 -3.63770e-01  1.00000e+00  0.00000e+00  0.00000e+00  0.00000e+00  1.00000e+00
  144 -3.62793e-01  1.00000e+00  0.00000e+00  0.00000e+00  0.00000e+00  1.00000e+00
  145 -3.61816e-01  1.00000e+00  0.00000e+00  0.00000e+00  0.00000e+00  1.00000e+00
  146 -3.60840e-01  1.00000e+00  0.00000e+00  0.00000e+00  0.00000e+00  1.00000e+00
  147 -3.59863e-01  1.00000e+00  0.00000e+00  0.00000e+00  0.00000e+00  1.00000e+00
  148 -3.58887e-01  1.00000e+00  0.00000e+00  0.00000e+00  0.00000e+00  1.00000e+00
  149 -3.57910e-01  1.00000e+00  0.00000e+00  0.00000e+00  0.00000e+00  1.00000e+00
  150 -3.56934e-01  1.00000e+00  0.00000e+00  0.00000e+00  0.00000e+00  1.00000e+00
  151 -3.55957e-01  1.00000e+00  0.00000e+00  0.00000e+00  0.00000e+00  1.00000e+00
  152 -3.54980e-01  1.00000e+00  0.00000e+00  0.00000e+00  0.00000e+00  1.00000e+00
  153 -3.54004e-01  1.00000e+00  0.00000e+00  0.00000e+00  0.00000e+00  1.00000e+00
  154 -3.53027e-01  1.00000e+00  0.00000e+00  0.00000e+00  0.00000e+00  1.00000e+00
  155 -3.52051e-01  1.00000e+00  0.00000e+00  0.00000e+00  0.00000e+00  1.00000e+00
  156 -3.51074e-01  1.00000e+00  0.00000e+00  0.00000e+00  0.00000e+00  1.00000e+00
  157 -3.50098e-01  1.00000e+00  0.00000e+00  0.00000e+00  0.00000e+00  1.00000e+00
  158 -3.49121e-01  1.00000e+00  0.00000e+00  0.00000e+00  0.00000e+00  1.00000e+00
  159 -3.48145e-01  1.00000e+00  0.00000e+00  0.00000e+00  0.00000e+00  1.00000e+00
  160 -3.47168e-01  1.00000e+00  0.00000e+00  0.00000e+00  0.00000e+00  1.00000e+00
  161 -3.46191e-01  1.00000e+00  0.00000e+00  0.00000e+00  0.00000e+00  1.00000e+00
  162 -3.45215e-01  1.00000e+00  0.00000e+00  0.00000e+00  0.00000e+00  1.00000e+00
  163 -3.44238e-01  1.00000e+00  0.00000e+00  0.00000e+00  0.00000e+00  1.00000e+00
  164 -3.43262e-01  1.00000e+00  0.00000e+00  0.00000e+00  0.00000e+00  1.00000e+00
  165 -3.42285e-01  1.00000e+00  0.00000e+00  0.00000e+00  0.00000e+00  1.00000e+00
  166 -3.41309e-01  1.00000e+00  0.00000e+00  0.00000e+00  0.00000e+00  1.00000e+00
  167 -3.40332e-01  1.00000e+00  0.00000e+00  0.00000e+00  0.00000e+00  1.00000e+00
  168 -3.39355e-01  1.00000e+00  0.00000e+00  0.00000e+00  0.00000e+00  1.00000e+00
  169 -3.38379e-01  1.00000e+00  0.00000e+00  0.00000e+00  0.00000e+00  1.00000e+00
  170 -3.37402e-01  1.00000e+00  0.00000e+00  0.00000e+00  0.00000e+00  1.00000e+00
  171 -3.36426e-01  1.00000e+00  0.00000e+00  0.00000e+00  0.00000e+00  1.00000e+00
  172 -3.35449e-01  1.00000e+00  0.00000e+00  0.00000e+00  0.00000e+00  1.00000e+00
  173 -3.34473e-01  1.00000e+00  0.00000e+00  0.00000e+00  0.00000e+00  1.00000e+00
  174 -3.33496e-01  1.00000e+00  0.00000e+00  0.00000e+00  0.00000e+00  1.00000e+00
  175 -3.32520e-01  1.00000e+00  0.00000e+00  0.00000e+00  0.00000e+00  1.00000e+00
  176 -3.31543e-01  1.00000e+00  0.00000e+00  0.00000e+00  0.00000e+00  1.00000e+00
  177 -3.30566e-01  1.00000e+00  0.00000e+00  0.00000e+00  0.00000e+00  1.00000e+00
  178 -3.29590e-01  1.00000e+00  0.00000e+00  0.00000e+00  0.00000e+00  1.00000e+00
  179 -3.28613e-01  1.00000e+00  0.00000e+00  0.00000e+00  0.00000e+00  1.00000e+00
  180 -3.27637e-01  1.00000e+00  0.00000e+00  0.00000e+00  0.00000e+00  1.00000e+00
  181 -3.26660e-01  1.00000e+00  0.00000e+00  0.00000e+00  0.00000e+00  1.00000e+00
  182 -3.25684e-01  1.00000e+00  0.00000e+00  0.00000e+00  0.00000e+00  1.00000e+00
  183 -3.24707e-01  1.00000e+00  0.00000e+00  0.00000e+00  0.00000e+00  1.00000e+00
  184 -3.23730e-01  1.00000e+00  0.00000e+00  0.00000e+00  0.00000e+00  1.00000e+00
  185 -3.22754e-01  1.00000e+00  0.00000e+00  0.00000e+00  0.00000e+00  1.00000e+00
  186 -3.21777e-01  1.00000e+00  0.00000e+00  0.00000e+00  0.00000e+00  1.00000e+00
  187 -3.20801e-01  1.00000e+00  0.00000e+00  0.00000e+00  0.00000e+00  1.00000e+00
  188 -3.19824e-01  1.00000e+00  0.00000e+00  0.00000e+00  0.00000e+00  1.00000e+00
  189 -3.18848e-01  1.00000e+00  0.00000e+00  0.00000e+00  0.00000e+00  1.00000e+00
  190 -3.17871e-01  1.00000e+00  0.00000e+00  0.00000e+00  0.00000e+00  1.00000e+00
  191 -3.16895e-01  1.00000e+00  0.00000e+00  0.00000e+00  0.00000e+00  1.00000e+00
  192 -3.15918e-01  1.00000e+00  0.00000e+00  0.00000e+00  0.00000e+00  1.00000e+00
  193 -3.14941e-01  1.00000e+00  0.00000e+00  0.00000e+00  0.00000e+00  1.00000e+00
  194 -3.13965e-01  1.00000e+00  0.00000e+00  0.00000e+00  0.00000e+00  1.00000e+00
  195 -3.12988e-01  1.00000e+00  0.00000e+00  0.00000e+00  0.00000e+00  1.00000e+00
  196 -3.12012e-01  1.00000e+00  0.00000e+00  0.00000e+00  0.00000e+00  1.00000e+00
  197 -3.11035e-01  1.00000e+00  0.00000e+00  0.00000e+00  0.00000e+00  1.00000e+00
  198 -3.10059e-01  1.00000e+00  0.00000e+00  0.00000e+00  0.00000e+00  1.00000e+00
  199 -3.09082e-01  1.00000e+00  0.00000e+00  0.00000e+00  0.00000e+00  1.00000e+00
  200 -3.08105e-01  1.00000e+00  0.00000e+00  0.00000e+00  0.00000e+00  1.00000e+00
  201 -3.07129e-01  1.00000e+00  0.00000e+00  0.00000e+00  0.00000e+00  1.00000e+00
  202 -3.06152e-01  1.00000e+00  0.00000e+00  0.00000e+00  0.00000e+00  1.00000e+00
  203 -3.05176e-01  1.00000e+00  0.00000e+00  0.00000e+00  0.00000e+00  1.00000e+00
  204 -3.04199e-01  1.00000e+00  0.00000e+00  0.00000e+00  0.00000e+00  1.00000e+00
  205 -3.03223e-01  1.00000e+00  0.00000e+00  0.00000e+00  0.00000e+00  1.00000e+00
  206 -3.02246e-01  1.00000e+00  0.00000e+00  0.00000e+00  0.00000e+00  1.00000e+00
  207 -3.01270e-01  1.00000e+00  0.00000e+00  0.00000e+00  0.00000e+00  1.00000e+00
  208 -3.00293e-01  1.00000e+00  0.00000e+00  0.00000e+00  0.00000e+00  1.00000e+00
  209 -2.99316e-01  1.00000e+00  0.00000e+00  0.00000e+00  0.00000e+00  1.00000e+00
  210 -2.98340e-01  1.00000e+00  0.00000e+00  0.00000e+00  0.00000e+00  1.00000e+00
  211 -2.97363e-01  1.00000e+00  0.00000e+00  0.00000e+00  0.00000e+00  1.00000e+00
  212 -2.96387e-01  1.00000e+00  0.00000e+00  0.00000e+00  0.00000e+00  1.00000e+00
  213 -2.95410e-01  1.00000e+00  0.00000e+00  0.00000e+00  0.00000e+00  1.00000e+00
  214 -2.94434e-01  1.00000e+00  0.00000e+00  0.00000e+00  0.00000e+00  1.00000e+00
  215 -2.93457e-01  1.00000e+00  0.00000e+00  0.00000e+00  0.00000e+00  1.00000e+00
  216 -2.92480e-01  1.00000e+00  0.00000e+00  0.00000e+00  0.00000e+00  1.00000e+00
  217 -2.91504e-01  1.00000e+00  0.00000e+00  0.00000e+00  0.00000e+00  1.00000e+00
  218 -2.90527e-01  1.00000e+00  0.00000e+00  0.00000e+00  0.00000e+00  1.00000e+00
  219 -2.89551e-01  1.00000e+00  0.00000e+00  0.00000e+00  0.00000e+00  1.00000e+00
  220 -2.88574e-01  1.00000e+00  0.00000e+00  0.00000e+00  0.00000e+00  1.00000e+00
  221 -2.87598e-01  1.00000e+00  0.00000e+00  0.00000e+00  0.00000e+00  1.00000e+00
  222 -2.86621e-01  1.00000e+00  0.00000e+00  0.00000e+00  0.00000e+00  1.00000e+00
  223 -2.85645e-01  1.00000e+00  0.00000e+00  0.00000e+00  0.00000e+00  1.00000e+00
  224 -2.84668e-01  1.00000e+00  0.00000e+00  0.00000e+00  0.00000e+00  1.00000e+00
  225 -2.83691e-01  1.00000e+00  0.00000e+00  0.00000e+00  0.00000e+00  1.00000e+00
  226 -2.82715e-01  1.00000e+00  0.00000e+00  0.00000e+00  0.00000e+00  1.00000e+00
  227 -2.81738e-01  1.00000e+00  0.00000e+00  0.00000e+00  0.00000e+00  1.00000e+00
  228 -2.80762e-01  1.00000e+00  0.00000e+00  0.00000e+00  0.00000e+00  1.00000e+00
  229 -2.79785e-01  1.00000e+00  0.00000e+00  0.00000e+00  0.00000e+00  1.00000e+00
  230 -2.78809e-01  1.00000e+00  0.00000e+00  0.00000e+00  0.00000e+00  1.00000e+00
  231 -2.77832e-01  1.00000e+00  0.00000e+00  0.00000e+00  0.00000e+00  1.00000e+00
  232 -2.76855e-01  1.00000e+00  0.00000e+00  0.00000e+00  0.00000e+00  1.00000e+00
  233 -2.75879e-01  1.00000e+00  0.00000e+00  0.00000e+00  0.00000e+00  1.00000e+00
  234 -2.74902e-01  1.00000e+00  0.00000e+00  0.00000e+00  0.00000e+00  1.00000e+00
  235 -2.73926e-01  1.00000e+00  0.00000e+00  0.00000e+00  0.00000e+00  1.00000e+00
  236 -2.72949e-01  1.00000e+00  0.00000e+00  0.00000e+00  0.00000e+00  1.00000e+00
  237 -2.71973e-01  1.00000e+00  0.00000e+00  0.00000e+00  0.00000e+00  1.00000e+00
  238 -2.70996e-01  1.00000e+00  0.00000e+00  0.00000e+00  0.00000e+00  1.00000e+00
  239 -2.70020e-01  1.00000e+00  0.00000e+00  0.00000e+00  0.00000e+00  1.00000e+00
  240 -2.69043e-01  1.00000e+00  0.00000e+00  0.00000e+00  0.00000e+00  1.00000e+00
  241 -2.68066e-01  1.00000e+00  0.00000e+00  0.00000e+00  0.00000e+00  1.00000e+00
  242 -2.67090e-01  1.00000e+00  0.00000e+00  0.00000e+00  0.00000e+00  1.00000e+00
  243 -2.66113e-01  1.00000e+00  0.00000e+00  0.00000e+00  0.00000e+00  1.00000e+00
  244 -2.65137e-01  1.00000e+00  0.00000e+00  0.00000e+00  0.00000e+00  1.00000e+00
  245 -2.64160e-01  1.00000e+00  0.00000e+00  0.00000e+00  0.00000e+00  1.00000e+00
  246 -2.63184e-01  1.00000e+00  0.00000e+00  0.00000e+00  0.00000e+00  1.00000e+00
  247 -2.62207e-01  1.00000e+00  0.00000e+00  0.00000e+00  0.00000e+00  1.00000e+00
  248 -2.61230e-01  1.00000e+00  0.00000e+00  0.00000e+00  0.00000e+00  1.00000e+00
  249 -2.60254e-01  1.00000e+00  0.00000e+00  0.00000e+00  0.00000e+00  1.00000e+00
  250 -2.59277e-01  1.00000e+00  0.00000e+00  0.00000e+00  0.00000e+00  1.00000e+00
  251 -2.58301e-01  1.00000e+00  0.00000e+00  0.00000e+00  0.00000e+00  1.00000e+00
  252 -2.57324e-01  1.00000e+00  0.00000e+00  0.00000e+00  0.00000e+00  1.00000e+00
  253 -2.56348e-01  1.00000e+00  0.00000e+00  0.00000e+00  0.00000e+00  1.00000e+00
  254 -2.55371e-01  1.00000e+00  0.00000e+00  0.00000e+00  0.00000e+00  1.00000e+00
  255 -2.54395e-01  1.00000e+00  0.00000e+00  0.00000e+00  0.00000e+00  1.00000e+00
  256 -2.53418e-01  1.00000e+00  0.00000e+00  0.00000e+00  0.00000e+00  1.00000e+00
  257 -2.52441e-01  1.00000e+00  0.00000e+00  0.00000e+00  0.00000e+00  1.00000e+00
  258 -2.51465e-01  1.00000e+00  0.00000e+00  0.00000e+00  0.00000e+00  1.00000e+00
  259 -2.50488e-01  1.00000e+00  0.00000e+00  0.00000e+00  0.00000e+00  1.00000e+00
  260 -2.49512e-01  1.00000e+00  0.00000e+00  0.00000e+00  0.00000e+00  1.00000e+00
  261 -2.48535e-01  1.00000e+00  0.00000e+00  0.00000e+00  0.00000e+00  1.00000e+00
  262 -2.47559e-01  1.00000e+00  0.00000e+00  0.00000e+00  0.00000e+00  1.00000e+00
  263 -2.46582e-01  1.00000e+00  0.00000e+00  0.00000e+00  0.00000e+00  1.00000e+00
  264 -2.45605e-01  1.00000e+00  0.00000e+00  0.00000e+00  0.00000e+00  1.00000e+00
  265 -2.44629e-01  1.00000e+00  0.00000e+00  0.00000e+00  0.00000e+00  1.00000e+00
  266 -2.43652e-01  1.00000e+00  0.00000e+00  0.00000e+00  0.00000e+00  1.00000e+00
  267 -2.42676e-01  1.00000e+00  0.00000e+00  0.00000e+00  0.00000e+00  1.00000e+00
  268 -2.41699e-01  1.00000e+00  0.00000e+00  0.00000e+00  0.00000e+00  1.00000e+00
  269 -2.40723e-01  1.00000e+00  0.00000e+00  0.00000e+00  0.00000e+00  1.00000e+00
  270 -2.39746e-01  1.00000e+00  0.00000e+00  0.00000e+00  0.00000e+00  1.00000e+00
  271 -2.38770e-01  1.00000e+00  0.00000e+00  0.00000e+00  0.00000e+00  1.00000e+00
  272 -2.37793e-01  1.00000e+00  0.00000e+00  0.00000e+00  0.00000e+00  1.00000e+00
  273 -2.36816e-01  1.00000e+00  0.00000e+00  0.00000e+00  0.00000e+00  1.00000e+00
  274 -2.35840e-01  1.00000e+00  0.00000e+00  0.00000e+00  0.00000e+00  1.00000e+00
  275 -2.34863e-01  1.00000e+00  0.00000e+00  0.00000e+00  0.00000e+00  1.00000e+00
  276 -2.33887e-01  1.00000e+00  0.00000e+00  0.00000e+00  0.00000e+00  1.00000e+00
  277 -2.32910e-01  1.00000e+00  0.00000e+00  0.00000e+00  0.00000e+00  1.00000e+00
  278 -2.31934e-01  1.00000e+00  0.00000e+00  0.00000e+00  0.00000e+00  1.00000e+00
  279 -2.30957e-01  1.00000e+00  0.00000e+00  0.00000e+00  0.00000e+00  1.00000e+00
  280 -2.29980e-01  1.00000e+00  0.00000e+00  0.00000e+00  0.00000e+00  1.00000e+00
  281 -2.29004e-01  1.00000e+00  0.00000e+00  0.00000e+00  0.00000e+00  1.00000e+00
  282 -2.28027e-01  1.00000e+00  0.00000e+00  0.00000e+00  0.00000e+00  1.00000e+00
  283 -2.27051e-01  1.00000e+00  0.00000e+00  0.00000e+00  0.00000e+00  1.00000e+00
  284 -2.26074e-01  1.00000e+00  0.00000e+00  0.00000e+00  0.00000e+00  1.00000e+00
  285 -2.25098e-01  1.00000e+00  0.00000e+00  0.00000e+00  0.00000e+00  1.00000e+00
  286 -2.24121e-01  1.00000e+00  0.00000e+00  0.00000e+00  0.00000e+00  1.00000e+00
  287 -2.23145e-01  1.00000e+00  0.00000e+00  0.00000e+00  0.00000e+00  1.00000e+00
  288 -2.22168e-01  1.00000e+00  0.00000e+00  0.00000e+00  0.00000e+00  1.00000e+00
  289 -2.21191e-01  1.00000e+00  0.00000e+00  0.00000e+00  0.00000e+00  1.00000e+00
  290 -2.20215e-01  1.00000e+00  0.00000e+00  0.00000e+00  0.00000e+00  1.00000e+00
  291 -2.19238e-01  1.00000e+00  0.00000e+00  0.00000e+00  0.00000e+00  1.00000e+00
  292 -2.18262e-01  1.00000e+00  0.00000e+00  0.00000e+00  0.00000e+00  1.00000e+00
  293 -2.17285e-01  1.00000e+00  0.00000e+00  0.00000e+00  0.00000e+00  1.00000e+00
  294 -2.16309e-01  1.00000e+00  0.00000e+00  0.00000e+00  0.00000e+00  1.00000e+00
  295 -2.15332e-01  1.00000e+00  0.00000e+00  0.00000e+00  0.00000e+00  1.00000e+00
  296 -2.14355e-01  1.00000e+00  0.00000e+00  0.00000e+00  0.00000e+00  1.00000e+00
  297 -2.13379e-01  1.00000e+00  0.00000e+00  0.00000e+00  0.00000e+00  1.00000e+00
  298 -2.12402e-01  1.00000e+00  0.00000e+00  0.00000e+00  0.00000e+00  1.00000e+00
  299 -2.11426e-01  1.00000e+00  0.00000e+00  0.00000e+00  0.00000e+00  1.00000e+00
  300 -2.10449e-01  1.00000e+00  0.00000e+00  0.00000e+00  0.00000e+00  1.00000e+00
  301 -2.09473e-01  1.00000e+00  0.00000e+00  0.00000e+00  0.00000e+00  1.00000e+00
  302 -2.08496e-01  1.00000e+00  0.00000e+00  0.00000e+00  0.00000e+00  1.00000e+00
  303 -2.07520e-01  1.00000e+00  0.00000e+00  0.00000e+00  0.00000e+00  1.00000e+00
  304 -2.06543e-01  1.00000e+00  0.00000e+00  0.00000e+00  0.00000e+00  1.00000e+00
  305 -2.05566e-01  1.00000e+00  0.00000e+00  0.00000e+00  0.00000e+00  1.00000e+00
  306 -2.04590e-01  1.00000e+00  0.00000e+00  0.00000e+00  0.00000e+00  1.00000e+00
  307 -2.03613e-01  1.00000e+00  0.00000e+00  0.00000e+00  0.00000e+00  1.00000e+00
  308 -2.02637e-01  1.00000e+00  0.00000e+00  0.00000e+00  0.00000e+00  1.00000e+00
  309 -2.01660e-01  1.00000e+00  0.00000e+00  0.00000e+00  0.00000e+00  1.00000e+00
  310 -2.00684e-01  1.00000e+00  0.00000e+00  0.00000e+00  0.00000e+00  1.00000e+00
  311 -1.99707e-01  1.00000e+00  0.00000e+00  0.00000e+00  0.00000e+00  1.00000e+00
  312 -1.98730e-01  1.00000e+00  0.00000e+00  0.00000e+00  0.00000e+00  1.00000e+00
  313 -1.97754e-01  1.00000e+00  0.00000e+00  0.00000e+00  0.00000e+00  1.00000e+00
  314 -1.96777e-01  1.00000e+00  0.00000e+00  0.00000e+00  0.00000e+00  1.00000e+00
  315 -1.95801e-01  1.00000e+00  0.00000e+00  0.00000e+00  0.00000e+00  1.00000e+00
  316 -1.94824e-01  1.00000e+00  0.00000e+00  0.00000e+00  0.00000e+00  1.00000e+00
  317 -1.93848e-01  1.00000e+00  0.00000e+00  0.00000e+00  0.00000e+00  1.00000e+00
  318 -1.92871e-01  1.00000e+00  0.00000e+00  0.00000e+00  0.00000e+00  1.00000e+00
  319 -1.91895e-01  1.00000e+00  0.00000e+00  0.00000e+00  0.00000e+00  1.00000e+00
  320 -1.90918e-01  1.00000e+00  0.00000e+00  0.00000e+00  0.00000e+00  1.00000e+00
  321 -1.89941e-01  1.00000e+00  0.00000e+00  0.00000e+00  0.00000e+00  1.00000e+00
  322 -1.88965e-01  1.00000e+00  0.00000e+00  0.00000e+00  0.00000e+00  1.00000e+00
  323 -1.87988e-01  1.00000e+00  0.00000e+00  0.00000e+00  0.00000e+00  1.00000e+00
  324 -1.87012e-01  1.00000e+00  0.00000e+00  0.00000e+00  0.00000e+00  1.00000e+00
  325 -1.86035e-01  1.00000e+00  0.00000e+00  0.00000e+00  0.00000e+00  1.00000e+00
  326 -1.85059e-01  1.00000e+00  0.00000e+00  0.00000e+00  0.00000e+00  1.00000e+00
  327 -1.84082e-01  1.00000e+00  0.00000e+00  0.00000e+00  0.00000e+00  1.00000e+00
  328 -1.83105e-01  1.00000e+00  0.00000e+00  0.00000e+00  0.00000e+00  1.00000e+00
  329 -1.82129e-01  1.00000e+00  0.00000e+00  0.00000e+00  0.00000e+00  1.00000e+00
  330 -1.81152e-01  1.00000e+00  0.00000e+00  0.00000e+00  0.00000e+00  1.00000e+00
  331 -1.80176e-01  1.00000e+00  0.00000e+00  0.00000e+00  0.00000e+00  1.00000e+00
  332 -1.79199e-01  1.00000e+00  0.00000e+00  0.00000e+00  0.00000e+00  1.00000e+00
  333 -1.78223e-01  1.00000e+00  0.00000e+00  0.00000e+00  0.00000e+00  1.00000e+00
  334 -1.77246e-01  1.00000e+00  0.00000e+00  0.00000e+00  0.00000e+00  1.00000e+00
  335 -1.76270e-01  1.00000e+00  0.00000e+00  0.00000e+00  0.00000e+00  1.00000e+00
  336 -1.75293e-01  1.00000e+00  0.00000e+00  0.00000e+00  0.00000e+00  1.00000e+00
  337 -1.74316e-01  1.00000e+00  0.00000e+00  0.00000e+00  0.00000e+00  1.00000e+00
  338 -1.73340e-01  1.00000e+00  0.00000e+00  0.00000e+00  0.00000e+00  1.00000e+00
  339 -1.72363e-01  1.00000e+00  0.00000e+00  0.00000e+00  0.00000e+00  1.00000e+00
  340 -1.71387e-01  1.00000e+00  0.00000e+00  0.00000e+00  0.00000e+00  1.00000e+00
  341 -1.70410e-01  1.00000e+00  0.00000e+00  0.00000e+00  0.00000e+00  1.00000e+00
  342 -1.69434e-01  1.00000e+00  0.00000e+00  0.00000e+00  0.00000e+00  1.00000e+00
  343 -1.68457e-01  1.00000e+00  0.00000e+00  0.00000e+00  0.00000e+00  1.00000e+00
  344 -1.67480e-01  1.00000e+00  0.00000e+00  0.00000e+00  0.00000e+00  1.00000e+00
  345 -1.66504e-01  1.00000e+00  0.00000e+00  0.00000e+00  0.00000e+00  1.00000e+00
  346 -1.65527e-01  1.00000e+00  0.00000e+00  0.00000e+00  0.00000e+00  1.00000e+00
  347 -1.64551e-01  1.00000e+00  0.00000e+00  0.00000e+00  0.00000e+00  1.00000e+00
  348 -1.63574e-01  1.00000e+00  0.00000e+00  0.00000e+00  0.00000e+00  1.00000e+00
  349 -1.62598e-01  1.00000e+00  0.00000e+00  0.00000e+00  0.00000e+00  1.00000e+00
  350 -1.61621e-01  1.00000e+00  0.00000e+00  0.00000e+00  0.00000e+00  1.00000e+00
  351 -1.60645e-01  1.00000e+00  0.00000e+00  0.00000e+00  0.00000e+00  1.00000e+00
  352 -1.59668e-01  1.00000e+00  0.00000e+00  0.00000e+00  0.00000e+00  1.00000e+00
  353 -1.58691e-01  1.00000e+00  0.00000e+00  0.00000e+00  0.00000e+00  1.00000e+00
  354 -1.57715e-01  1.00000e+00  0.00000e+00  0.00000e+00  0.00000e+00  1.00000e+00
  355 -1.56738e-01  1.00000e+00  0.00000e+00  0.00000e+00  0.00000e+00  1.00000e+00
  356 -1.55762e-01  1.00000e+00  0.00000e+00  0.00000e+00  0.00000e+00  1.00000e+00
  357 -1.54785e-01  1.00000e+00  0.00000e+00  0.00000e+00  0.00000e+00  1.00000e+00
  358 -1.53809e-01  1.00000e+00  0.00000e+00  0.00000e+00  0.00000e+00  1.00000e+00
  359 -1.52832e-01  1.00000e+00  0.00000e+00  0.00000e+00  0.00000e+00  1.00000e+00
  360 -1.51855e-01  1.00000e+00  0.00000e+00  0.00000e+00  0.00000e+00  1.00000e+00
  361 -1.50879e-01  1.00000e+00  0.00000e+00  0.00000e+00  0.00000e+00  1.00000e+00
  362 -1.49902e-01  1.00000e+00  0.00000e+00  0.00000e+00  0.00000e+00  1.00000e+00
  363 -1.48926e-01  1.00000e+00  0.00000e+00  0.00000e+00  0.00000e+00  1.00000e+00
  364 -1.47949e-01  1.00000e+00  0.00000e+00  0.00000e+00  0.00000e+00  1.00000e+00
  365 -1.46973e-01  1.00000e+00  0.00000e+00  0.00000e+00  0.00000e+00  1.00000e+00
  366 -1.45996e-01  1.00000e+00  0.00000e+00  0.00000e+00  0.00000e+00  1.00000e+00
  367 -1.45020e-01  1.00000e+00  0.00000e+00  0.00000e+00  0.00000e+00  1.00000e+00
  368 -1.44043e-01  1.00000e+00  0.00000e+00  0.00000e+00  0.00000e+00  1.00000e+00
  369 -1.43066e-01  1.00000e+00  8.08755e-17  0.00000e+00  0.00000e+00  1.00000e+00
  370 -1.42090e-01  1.00000e+00  7.58591e-22  0.00000e+00  0.00000e+00  1.00000e+00
  371 -1.41113e-01  1.00000e+00 -7.83996e-22  0.00000e+00  0.00000e+00  1.00000e+00
  372 -1.40137e-01  1.00000e+00 -1.91995e-22  0.00000e+00  0.00000e+00  1.00000e+00
  373 -1.39160e-01  1.00000e+00 -5.29427e-22  0.00000e+00  0.00000e+00  1.00000e+00
  374 -1.38184e-01  1.00000e+00 -1.13369e-21  0.00000e+00  0.00000e+00  1.00000e+00
  375 -1.37207e-01  1.00000e+00 -2.63120e-21  0.00000e+00  0.00000e+00  1.00000e+00
  376 -1.36230e-01  1.00000e+00  8.08725e-17  0.00000e+00  0.00000e+00  1.00000e+00
  377 -1.35254e-01  1.00000e+00 -1.07496e-21  0.00000e+00  0.00000e+00  1.00000e+00
  378 -1.34277e-01  1.00000e+00 -3.69053e-21  0.00000e+00  0.00000e+00  1.00000e+00
  379 -1.33301e-01  1.00000e+00 -1.68795e-21  0.00000e+00  0.00000e+00  1.00000e+00
  380 -1.32324e-01  1.00000e+00 -9.60113e-22  0.00000e+00  0.00000e+00  1.00000e+00
  381 -1.31348e-01  1.00000e+00 -1.23182e-21  0.00000e+00  0.00000e+00  1.00000e+00
  382 -1.30371e-01  1.00000e+00 -3.45658e-21  0.00000e+00  0.00000e+00  1.00000e+00
  383 -1.29395e-01  1.00000e+00 -3.21161e-21  0.00000e+00  0.00000e+00  1.00000e+00
  384 -1.28418e-01  1.00000e+00 -1.47501e-21  0.00000e+00  0.00000e+00  1.00000e+00
  385 -1.27441e-01  1.00000e+00 -1.73625e-21  0.00000e+00  0.00000e+00  1.00000e+00
  386 -1.26465e-01  1.00000e+00 -8.89096e-22  0.00000e+00  0.00000e+00  1.00000e+00
  387 -1.25488e-01  1.00000e+00  8.00952e-22  0.00000e+00  0.00000e+00  1.00000e+00
  388 -1.24512e-01  1.00000e+00  2.30470e-21  0.00000e+00  0.00000e+00  1.00000e+00
  389 -1.23535e-01  1.00000e+00  1.30104e-22  0.00000e+00  0.00000e+00  1.00000e+00
  390 -1.22559e-01  1.00000e+00 -3.38669e-24  0.00000e+00  0.00000e+00  1.00000e+00
  391 -1.21582e-01  1.00000e+00 -6.19811e-22  0.00000e+00  0.00000e+00  1.00000e+00
  392 -1.20605e-01  1.00000e+00  6.16921e-22  0.00000e+00  0.00000e+00  1.00000e+00
  393 -1.19629e-01  1.00000e+00 -7.41022e-22  0.00000e+00  0.00000e+00  1.00000e+00
  394 -1.18652e-01  1.00000e+00 -1.35769e-21  0.00000e+00  0.00000e+00  1.00000e+00
  395 -1.17676e-01  1.00000e+00 -1.73215e-21  0.00000e+00  0.00000e+00  1.00000e+00
  396 -1.16699e-01  1.00000e+00 -2.93380e-21  0.00000e+00  0.00000e+00  1.00000e+00
  397 -1.15723e-01  1.00000e+00  8.08740e-17  0.00000e+00  0.00000e+00  1.00000e+00
  398 -1.14746e-01  1.00000e+00 -1.11615e-21  0.00000e+00  0.00000e+00  1.00000e+00
  399 -1.13770e-01  1.00000e+00 -2.99417e-21  0.00000e+00  0.00000e+00  1.00000e+00
  400 -1.12793e-01  1.00000e+00 -2.33676e-21  0.00000e+00  0.00000e+00  1.00000e+00
  401 -1.11816e-01  1.00000e+00 -3.31886e-21  0.00000e+00  0.00000e+00  1.00000e+00
  402 -1.10840e-01  1.00000e+00 -5.39419e-21  0.00000e+00  0.00000e+00  1.00000e+00
  403 -1.09863e-01  1.00000e+00  8.08691e-17  0.00000e+00  0.00000e+00  1.00000e+00
  404 -1.08887e-01  1.00000e+00 -3.05147e-21  0.00000e+00  0.00000e+00  1.00000e+00
  405 -1.07910e-01  1.00000e+00 -1.54416e-21  0.00000e+00  0.00000e+00  1.00000e+00
  406 -1.06934e-01  1.00000e+00 -1.00325e-22  0.00000e+00  0.00000e+00  1.00000e+00
  407 -1.05957e-01  1.00000e+00 -2.30621e-21  0.00000e+00  0.00000e+00  1.00000e+00
  408 -1.04980e-01  1.00000e+00  8.08743e-17  0.00000e+00  0.00000e+00  1.00000e+00
  409 -1.04004e-01  1.00000e+00 -3.11772e-21  0.00000e+00  0.00000e+00  1.00000e+00
  410 -1.03027e-01  1.00000e+00 -4.96484e-21  0.00000e+00  0.00000e+00  1.00000e+00
  411 -1.02051e-01  1.00000e+00 -3.81336e-21  0.00000e+00  0.00000e+00  1.00000e+00
  412 -1.01074e-01  1.00000e+00  8.08728e-17  0.00000e+00  0.00000e+00  1.00000e+00
  413 -1.00098e-01  1.00000e+00  9.21010e-22  0.00000e+00  0.00000e+00  1.00000e+00
  414 -9.91211e-02  1.00000e+00 -5.96976e-21  0.00000e+00  0.00000e+00  1.00000e+00
  415 -9.81445e-02  1.00000e+00 -3.57547e-21  0.00000e+00  0.00000e+00  1.00000e+00
  416 -9.71680e-02  1.00000e+00 -6.58960e-21  0.00000e+00  0.00000e+00  1.00000e+00
  417 -9.61914e-02  1.00000e+00 -5.46771e-21  0.00000e+00  0.00000e+00  1.00000e+00
  418 -9.52148e-02  1.00000e+00 -6.79953e-21  0.00000e+00  0.00000e+00  1.00000e+00
  419 -9.42383e-02  1.00000e+00 -5.25646e-21  0.00000e+00  0.00000e+00  1.00000e+00
  420 -9.32617e-02  1.00000e+00 -5.93987e-21  0.00000e+00  0.00000e+00  1.00000e+00
  421 -9.22852e-02  1.00000e+00 -6.90637e-21  0.00000e+00  0.00000e+00  1.00000e+00
  422 -9.13086e-02  1.00000e+00 -2.66951e-21  0.00000e+00  0.00000e+00  1.00000e+00
  423 -9.03320e-02  1.00000e+00 -4.46660e-21  0.00000e+00  0.00000e+00  1.00000e+00
  424 -8.93555e-02  1.00000e+00 -2.22334e-21  0.00000e+00  0.00000e+00  1.00000e+00
  425 -8.83789e-02  1.00000e+00  8.08735e-17  0.00000e+00  0.00000e+00  1.00000e+00
  426 -8.74023e-02  1.00000e+00  1.80692e-22  0.00000e+00  0.00000e+00  1.00000e+00
  427 -8.64258e-02  1.00000e+00 -2.82796e-21  0.00000e+00  0.00000e+00  1.00000e+00
  428 -8.54492e-02  1.00000e+00  8.08733e-17  0.00000e+00  0.00000e+00  1.00000e+00
  429 -8.44727e-02  1.00000e+00  1.49620e-15  0.00000e+00  0.00000e+00  1.00000e+00
  430 -8.34961e-02  1.00000e+00  1.61751e-14  0.00000e+00  0.00000e+00  1.00000e+00
  431 -8.25195e-02  1.00000e+00  1.79301e-13  0.00000e+00  0.00000e+00  1.00000e+00
  432 -8.15430e-02  1.00000e+00  1.96301e-12  0.00000e+00  0.00000e+00  1.00000e+00
  433 -8.05664e-02  1.00000e+00  2.14565e-11  0.00000e+00  0.00000e+00  1.00000e+00
  434 -7.95898e-02  1.00000e+00  2.34065e-10  0.00000e+00  0.00000e+00  1.00000e+00
  435 -7.86133e-02  1.00000e+00  2.54865e-09  0.00000e+00  0.00000e+00  1.00000e+00
  436 -7.76367e-02  1.00000e+00  2.76980e-08  0.00000e+00  0.00000e+00  1.00000e+00
  437 -7.66602e-02  1.00000e+00  3.00946e-07  0.00000e+00  0.00000e+00  1.00000e+00
  438 -7.56836e-02  9.99997e-01  3.26001e-06  0.00000e+00  0.00000e+00  9.99996e-01
  439 -7.47070e-02  9.99970e-01  3.49430e-05  0.00000e+00  0.00000e+00  9.99959e-01
  440 -7.37305e-02  9.99700e-01  3.55132e-04  0.00000e+00  0.00000e+00  9.99580e-01
  441 -7.27539e-02  9.98203e-01  2.12825e-03  0.00000e+00  0.00000e+00  9.97485e-01
  442 -7.17773e-02  9.94347e-01  6.70596e-03  0.00000e+00  0.00000e+00  9.92095e-01
  443 -7.08008e-02  9.87911e-01  1.43784e-02  0.00000e+00  0.00000e+00  9.83119e-01
  444 -6.98242e-02  9.79529e-01  2.44317e-02  0.00000e+00  0.00000e+00  9.71462e-01
  445 -6.88477e-02  9.70016e-01  3.59237e-02  0.00000e+00  0.00000e+00  9.58280e-01
  446 -6.78711e-02  9.59945e-01  4.81871e-02  0.00000e+00  0.00000e+00  9.44380e-01
  447 -6.68945e-02  9.49621e-01  6.08651e-02  0.00000e+00  0.00000e+00  9.30192e-01
  448 -6.59180e-02  9.39187e-01  7.37897e-02  0.00000e+00  0.00000e+00  9.15915e-01
  449 -6.49414e-02  9.28714e-01  8.68786e-02  0.00000e+00  0.00000e+00  9.01648e-01
  450 -6.39648e-02  9.18242e-01  1.00085e-01  0.00000e+00  0.00000e+00  8.87446e-01
  451 -6.29883e-02  9.07795e-01  1.13380e-01  0.00000e+00  0.00000e+00  8.73344e-01
  452 -6.20117e-02  8.97392e-01  1.26742e-01  0.00000e+00  0.00000e+00  8.59364e-01
  453 -6.10352e-02  8.87044e-01  1.40156e-01  0.00000e+00  0.00000e+00  8.45523e-01
  454 -6.00586e-02  8.76760e-01  1.53612e-01  0.00000e+00  0.00000e+00  8.31831e-01
  455 -5.90820e-02  8.66547e-01  1.67101e-01  0.00000e+00  0.00000e+00  8.18297e-01
  456 -5.81055e-02  8.56409e-01  1.80616e-01  0.00000e+00  0.00000e+00  8.04926e-01
  457 -5.71289e-02  8.46350e-01  1.94153e-01  0.00000e+00  0.00000e+00  7.91721e-01
  458 -5.61523e-02  8.36373e-01  2.07708e-01  0.00000e+00  0.00000e+00  7.78686e-01
  459 -5.51758e-02  8.26480e-01  2.21277e-01  0.00000e+00  0.00000e+00  7.65822e-01
  460 -5.41992e-02  8.16673e-01  2.34858e-01  0.00000e+00  0.00000e+00  7.53129e-01
  461 -5.32227e-02  8.06953e-01  2.48447e-01  0.00000e+00  0.00000e+00  7.40610e-01
  462 -5.22461e-02  7.97321e-01  2.62043e-01  0.00000e+00  0.00000e+00  7.28263e-01
  463 -5.12695e-02  7.87778e-01  2.75644e-01  0.00000e+00  0.00000e+00  7.16089e-01
  464 -5.02930e-02  7.78324e-01  2.89248e-01  0.00000e+00  0.00000e+00  7.04087e-01
  465 -4.93164e-02  7.68960e-01  3.02853e-01  0.00000e+00  0.00000e+00  6.92256e-01
  466 -4.83398e-02  7.59686e-01  3.16459e-01  0.00000e+00  0.00000e+00  6.80596e-01
  467 -4.73633e-02  7.50503e-01  3.30063e-01  0.00000e+00  0.00000e+00  6.69106e-01
  468 -4.63867e-02  7.41410e-01  3.43666e-01  0.00000e+00  0.00000e+00  6.57784e-01
  469 -4.54102e-02  7.32408e-01  3.57264e-01  0.00000e+00  0.00000e+00  6.46630e-01
  470 -4.44336e-02  7.23496e-01  3.70858e-01  0.00000e+00  0.00000e+00  6.35642e-01
  471 -4.34570e-02  7.14676e-01  3.84446e-01  0.00000e+00  0.00000e+00  6.24819e-01
  472 -4.24805e-02  7.05946e-01  3.98027e-01  0.00000e+00  0.00000e+00  6.14160e-01
  473 -4.15039e-02  6.97307e-01  4.11600e-01  0.00000e+00  0.00000e+00  6.03663e-01
  474 -4.05273e-02  6.88758e-01  4.25164e-01  0.00000e+00  0.00000e+00  5.93328e-01
  475 -3.95508e-02  6.80301e-01  4.38717e-01  0.00000e+00  0.00000e+00  5.83152e-01
  476 -3.85742e-02  6.71933e-01  4.52258e-01  0.00000e+00  0.00000e+00  5.73135e-01
  477 -3.75977e-02  6.63656e-01  4.65787e-01  0.00000e+00  0.00000e+00  5.63276e-01
  478 -3.66211e-02  6.55470e-01  4.79301e-01  0.00000e+00  0.00000e+00  5.53572e-01
  479 -3.56445e-02  6.47374e-01  4.92799e-01  0.00000e+00  0.00000e+00  5.44023e-01
  480 -3.46680e-02  6.39368e-01  5.06279e-01  0.00000e+00  0.00000e+00  5.34628e-01
  481 -3.36914e-02  6.31453e-01  5.19740e-01  0.00000e+00  0.00000e+00  5.25385e-01
  482 -3.27148e-02  6.23630e-01  5.33180e-01  0.00000e+00  0.00000e+00  5.16295e-01
  483 -3.17383e-02  6.15897e-01  5.46596e-01  0.00000e+00  0.00000e+00  5.07354e-01
  484 -3.07617e-02  6.08256e-01  5.59986e-01  0.00000e+00  0.00000e+00  4.98564e-01
  485 -2.97852e-02  6.00708e-01  5.73347e-01  0.00000e+00  0.00000e+00  4.89923e-01
  486 -2.88086e-02  5.93252e-01  5.86677e-01  0.00000e+00  0.00000e+00  4.81431e-01
  487 -2.78320e-02  5.85889e-01  5.99972e-01  0.00000e+00  0.00000e+00  4.73087e-01
  488 -2.68555e-02  5.78621e-01  6.13229e-01  0.00000e+00  0.00000e+00  4.64890e-01
  489 -2.58789e-02  5.71447e-01  6.26444e-01  0.00000e+00  0.00000e+00  4.56842e-01
  490 -2.49023e-02  5.64370e-01  6.39612e-01  0.00000e+00  0.00000e+00  4.48940e-01
  491 -2.39258e-02  5.57390e-01  6.52730e-01  0.00000e+00  0.00000e+00  4.41185e-01
  492 -2.29492e-02  5.50508e-01  6.65792e-01  0.00000e+00  0.00000e+00  4.33578e-01
  493 -2.19727e-02  5.43725e-01  6.78795e-01  0.00000e+00  0.00000e+00  4.26118e-01
  494 -2.09961e-02  5.37043e-01  6.91732e-01  0.00000e+00  0.00000e+00  4.18804e-01
  495 -2.00195e-02  5.30462e-01  7.04599e-01  0.00000e+00  0.00000e+00  4.11637e-01
  496 -1.90430e-02  5.23983e-01  7.17394e-01  0.00000e+00  0.00000e+00  4.04614e-01
  497 -1.80664e-02  5.17605e-01  7.30113e-01  0.00000e+00  0.00000e+00  3.97736e-01
  498 -1.70898e-02  5.11327e-01  7.42756e-01  0.00000e+00  0.00000e+00  3.90998e-01
  499 -1.61133e-02  5.05146e-01  7.55324e-01  0.00000e+00  0.00000e+00  3.84397e-01
  500 -1.51367e-02  4.99058e-01  7.67825e-01  0.00000e+00  0.00000e+00  3.77927e-01
  501 -1.41602e-02  4.93057e-01  7.80267e-01  0.00000e+00  0.00000e+00  3.71579e-01
  502 -1.31836e-02  4.87134e-01  7.92666e-01  0.00000e+00  0.00000e+00  3.65345e-01
  503 -1.22070e-02  4.81279e-01  8.05042e-01  0.00000e+00  0.00000e+00  3.59213e-01
  504 -1.12305e-02  4.75482e-01  8.17417e-01  0.00000e+00  0.00000e+00  3.53169e-01
  505 -1.02539e-02  4.69729e-01  8.29816e-01  0.00000e+00  0.00000e+00  3.47201e-01
  506 -9.27734e-03  4.64009e-01  8.42264e-01  0.00000e+00  0.00000e+00  3.41297e-01
  507 -8.30078e-03  4.58316e-01  8.54779e-01  0.00000e+00  0.00000e+00  3.35448e-01
  508 -7.32422e-03  4.52644e-01  8.67369e-01  0.00000e+00  0.00000e+00  3.29650e-01
  509 -6.34766e-03  4.46999e-01  8.80027e-01  0.00000e+00  0.00000e+00  3.23909e-01
  510 -5.37109e-03  4.41400e-01  8.92707e-01  0.00000e+00  0.00000e+00  3.18243e-01
  511 -4.39453e-03  4.35908e-01  9.05270e-01  0.00000e+00  0.00000e+00  3.12713e-01
  512 -3.41797e-03  4.30721e-01  9.17253e-01  0.00000e+00  0.00000e+00  3.07515e-01
  513 -2.44141e-03  4.26488e-01  9.27110e-01  0.00000e+00  0.00000e+00  3.03291e-01
  514 -1.46484e-03  4.24598e-01  9.31531e-01  0.00000e+00  0.00000e+00  3.01410e-01
  515 -4.88281e-04  4.24397e-01  9.32004e-01  0.00000e+00  0.00000e+00  3.01210e-01
  516  4.88281e-04  4.24769e-01  9.31133e-01  0.00000e+00  0.00000e+00  3.01579e-01
  517  1.46484e-03  4.25605e-01  9.29172e-01  0.00000e+00  0.00000e+00  3.02410e-01
  518  2.44141e-03  4.25747e-01  9.28841e-01  0.00000e+00  0.00000e+00  3.02551e-01
  519  3.41797e-03  4.25773e-01  9.28781e-01  0.00000e+00  0.00000e+00  3.02576e-01
  520  4.39453e-03  4.25788e-01  9.28748e-01  0.00000e+00  0.00000e+00  3.02591e-01
  521  5.37109e-03  4.25797e-01  9.28729e-01  0.00000e+00  0.00000e+00  3.02599e-01
  522  6.34766e-03  4.25852e-01  9.28599e-01  0.00000e+00  0.00000e+00  3.02654e-01
  523  7.32422e-03  4.25992e-01  9.28274e-01  0.00000e+00  0.00000e+00  3.02793e-01
  524  8.30078e-03  4.26103e-01  9.28016e-01  0.00000e+00  0.00000e+00  3.02903e-01
  525  9.27734e-03  4.26179e-01  9.27839e-01  0.00000e+00  0.00000e+00  3.02978e-01
  526  1.02539e-02  4.26200e-01  9.27791e-01  0.00000e+00  0.00000e+00  3.02998e-01
  527  1.12305e-02  4.26208e-01  9.27775e-01  0.00000e+00  0.00000e+00  3.03006e-01
  528  1.22070e-02  4.26191e-01  9.27817e-01  0.00000e+00  0.00000e+00  3.02988e-01
  529  1.31836e-02  4.26176e-01  9.27856e-01  0.00000e+00  0.00000e+00  3.02972e-01
  530  1.41602e-02  4.26180e-01  9.27848e-01  0.00000e+00  0.00000e+00  3.02976e-01
  531  1.51367e-02  4.26250e-01  9.27684e-01  0.00000e+00  0.00000e+00  3.03045e-01
  532  1.61133e-02  4.26356e-01  9.27436e-01  0.00000e+00  0.00000e+00  3.03151e-01
  533  1.70898e-02  4.26377e-01  9.27392e-01  0.00000e+00  0.00000e+00  3.03170e-01
  534  1.80664e-02  4.26368e-01  9.27415e-01  0.00000e+00  0.00000e+00  3.03160e-01
  535  1.90430e-02  4.26297e-01  9.27586e-01  0.00000e+00  0.00000e+00  3.03088e-01
  536  2.00195e-02  4.26265e-01  9.27662e-01  0.00000e+00  0.00000e+00  3.03056e-01
  537  2.09961e-02  4.26266e-01  9.27664e-01  0.00000e+00  0.00000e+00  3.03056e-01
  538  2.19727e-02  4.26304e-01  9.27580e-01  0.00000e+00  0.00000e+00  3.03091e-01
  539  2.29492e-02  4.26376e-01  9.27412e-01  0.00000e+00  0.00000e+00  3.03163e-01
  540  2.39258e-02  4.26391e-01  9.27385e-01  0.00000e+00  0.00000e+00  3.03175e-01
  541  2.49023e-02  4.26381e-01  9.27411e-01  0.00000e+00  0.00000e+00  3.03164e-01
  542  2.58789e-02  4.26320e-01  9.27559e-01  0.00000e+00  0.00000e+00  3.03101e-01
  543  2.68555e-02  4.26281e-01  9.27652e-01  0.00000e+00  0.00000e+00  3.03062e-01
  544  2.78320e-02  4.26280e-01  9.27662e-01  0.00000e+00  0.00000e+00  3.03059e-01
  545  2.88086e-02  4.26312e-01  9.27591e-01  0.00000e+00  0.00000e+00  3.03089e-01
  546  2.97852e-02  4.26396e-01  9.27406e-01  0.00000e+00  0.00000e+00  3.03168e-01
  547  3.07617e-02  4.26413e-01  9.27376e-01  0.00000e+00  0.00000e+00  3.03182e-01
  548  3.17383e-02  4.26409e-01  9.27385e-01  0.00000e+00  0.00000e+00  3.03178e-01
  549  3.27148e-02  4.26357e-01  9.27518e-01  0.00000e+00  0.00000e+00  3.03122e-01
  550  3.36914e-02  4.26290e-01  9.27678e-01  0.00000e+00  0.00000e+00  3.03054e-01
  551  3.46680e-02  4.26289e-01  9.27694e-01  0.00000e+00  0.00000e+00  3.03048e-01
  552  3.56445e-02  4.26340e-01  9.27583e-01  0.00000e+00  0.00000e+00  3.03096e-01
  553  3.66211e-02  4.26433e-01  9.27375e-01  0.00000e+00  0.00000e+00  3.03185e-01
  554  3.75977e-02  4.26456e-01  9.27342e-01  0.00000e+00  0.00000e+00  3.03199e-01
  555  3.85742e-02  4.26466e-01  9.27356e-01  0.00000e+00  0.00000e+00  3.03194e-01
  556  3.95508e-02  4.26397e-01  9.27548e-01  0.00000e+00  0.00000e+00  3.03112e-01
  557  4.05273e-02  4.26339e-01  9.27713e-01  0.00000e+00  0.00000e+00  3.03042e-01
  558  4.15039e-02  4.26344e-01  9.27719e-01  0.00000e+00  0.00000e+00  3.03041e-01
  559  4.24805e-02  4.26426e-01  9.27563e-01  0.00000e+00  0.00000e+00  3.03108e-01
  560  4.34570e-02  4.26521e-01  9.27364e-01  0.00000e+00  0.00000e+00  3.03194e-01
  561  4.44336e-02  4.26584e-01  9.27337e-01  0.00000e+00  0.00000e+00  3.03207e-01
  562  4.54102e-02  4.26586e-01  9.27380e-01  0.00000e+00  0.00000e+00  3.03189e-01
  563  4.63867e-02  4.26510e-01  9.27617e-01  0.00000e+00  0.00000e+00  3.03088e-01
  564  4.73633e-02  4.26480e-01  9.27702e-01  0.00000e+00  0.00000e+00  3.03053e-01
  565  4.83398e-02  4.26467e-01  9.27694e-01  0.00000e+00  0.00000e+00  3.03057e-01
  566  4.93164e-02  4.26537e-01  9.27527e-01  0.00000e+00  0.00000e+00  3.03129e-01
  567  5.02930e-02  4.26573e-01  9.27358e-01  0.00000e+00  0.00000e+00  3.03201e-01
  568  5.12695e-02  4.26533e-01  9.27343e-01  0.00000e+00  0.00000e+00  3.03209e-01
  569  5.22461e-02  4.26211e-01  9.27421e-01  0.00000e+00  0.00000e+00  3.03176e-01
  570  5.32227e-02  4.23508e-01  9.27618e-01  0.00000e+00  0.00000e+00  3.03093e-01
  571  5.41992e-02  4.06102e-01  9.27673e-01  0.00000e+00  0.00000e+00  3.03073e-01
  572  5.51758e-02  3.63323e-01  9.27669e-01  0.00000e+00  0.00000e+00  3.03076e-01
  573  5.61523e-02  3.11494e-01  9.27561e-01  0.00000e+00  0.00000e+00  3.03118e-01
  574  5.71289e-02  2.76826e-01  9.27382e-01  0.00000e+00  0.00000e+00  3.03182e-01
  575  5.81055e-02  2.65187e-01  9.27349e-01  0.00000e+00  0.00000e+00  3.03195e-01
  576  5.90820e-02  2.63671e-01  9.27354e-01  0.00000e+00  0.00000e+00  3.03196e-01
  577  6.00586e-02  2.63573e-01  9.27404e-01  0.00000e+00  0.00000e+00  3.03182e-01
  578  6.10352e-02  2.63606e-01  9.27521e-01  0.00000e+00  0.00000e+00  3.03145e-01
  579  6.20117e-02  2.64029e-01  9.27654e-01  0.00000e+00  0.00000e+00  3.03101e-01
  580  6.29883e-02  2.64765e-01  9.27714e-01  0.00000e+00  0.00000e+00  3.03081e-01
  581  6.39648e-02  2.65213e-01  9.27709e-01  0.00000e+00  0.00000e+00  3.03081e-01
  582  6.49414e-02  2.65398e-01  9.27593e-01  0.00000e+00  0.00000e+00  3.03119e-01
  583  6.59180e-02  2.65488e-01  9.27402e-01  0.00000e+00  0.00000e+00  3.03183e-01
  584  6.68945e-02  2.65530e-01  9.27336e-01  0.00000e+00  0.00000e+00  3.03207e-01
  585  6.78711e-02  2.65559e-01  9.27326e-01  0.00000e+00  0.00000e+00  3.03214e-01
  586  6.88477e-02  2.65579e-01  9.27338e-01  0.00000e+00  0.00000e+00  3.03214e-01
  587  6.98242e-02  2.65550e-01  9.27507e-01  0.00000e+00  0.00000e+00  3.03160e-01
  588  7.08008e-02  2.65501e-01  9.27751e-01  0.00000e+00  0.00000e+00  3.03079e-01
  589  7.17773e-02  2.65492e-01  9.27784e-01  0.00000e+00  0.00000e+00  3.03068e-01
  590  7.27539e-02  2.65503e-01  9.27729e-01  0.00000e+00  0.00000e+00  3.03086e-01
  591  7.37305e-02  2.65540e-01  9.27542e-01  0.00000e+00  0.00000e+00  3.03149e-01
  592  7.47070e-02  2.65562e-01  9.27428e-01  0.00000e+00  0.00000e+00  3.03188e-01
  593  7.56836e-02  2.65580e-01  9.27343e-01  0.00000e+00  0.00000e+00  3.03219e-01
  594  7.66602e-02  2.65588e-01  9.27306e-01  0.00000e+00  0.00000e+00  3.03238e-01
  595  7.76367e-02  2.65578e-01  9.27366e-01  0.00000e+00  0.00000e+00  3.03221e-01
  596  7.86133e-02  2.65520e-01  9.27682e-01  0.00000e+00  0.00000e+00  3.03117e-01
  597  7.95898e-02  2.65493e-01  9.27824e-01  0.00000e+00  0.00000e+00  3.03071e-01
  598  8.05664e-02  2.65496e-01  9.27825e-01  0.00000e+00  0.00000e+00  3.03071e-01
  599  8.15430e-02  2.65529e-01  9.27722e-01  0.00000e+00  0.00000e+00  3.03105e-01
  600  8.25195e-02  2.65571e-01  9.27569e-01  0.00000e+00  0.00000e+00  3.03158e-01
  601  8.34961e-02  2.65608e-01  9.27412e-01  0.00000e+00  0.00000e+00  3.03214e-01
  602  8.44727e-02  2.65630e-01  9.27326e-01  0.00000e+00  0.00000e+00  3.03251e-01
  603  8.54492e-02  2.65623e-01  9.27371e-01  0.00000e+00  0.00000e+00  3.03241e-01
  604  8.64258e-02  2.65582e-01  9.27592e-01  0.00000e+00  0.00000e+00  3.03172e-01
  605  8.74023e-02  2.65557e-01  9.27723e-01  0.00000e+00  0.00000e+00  3.03133e-01
  606  8.83789e-02  2.65542e-01  9.27817e-01  0.00000e+00  0.00000e+00  3.03104e-01
  607  8.93555e-02  2.65544e-01  9.27837e-01  0.00000e+00  0.00000e+00  3.03098e-01
  608  9.03320e-02  2.65543e-01  9.27835e-01  0.00000e+00  0.00000e+00  3.03100e-01
  609  9.13086e-02  2.65603e-01  9.27539e-01  0.00000e+00  0.00000e+00  3.03202e-01
  610  9.22852e-02  2.65649e-01  9.27279e-01  0.00000e+00  0.00000e+00  3.03295e-01
  611  9.32617e-02  2.65604e-01  9.27489e-01  0.00000e+00  0.00000e+00  3.03230e-01
  612  9.42383e-02  2.65606e-01  9.27533e-01  0.00000e+00  0.00000e+00  3.03227e-01
  613  9.52148e-02  2.65604e-01  9.27572e-01  0.00000e+00  0.00000e+00  3.03221e-01
  614  9.61914e-02  2.65563e-01  9.27799e-01  0.00000e+00  0.00000e+00  3.03149e-01
  615  9.71680e-02  2.65643e-01  9.27483e-01  0.00000e+00  0.00000e+00  3.03262e-01
  616  9.81445e-02  2.65460e-01  9.28469e-01  0.00000e+00  0.00000e+00  3.02938e-01
  617  9.91211e-02  2.65595e-01  9.27814e-01  0.00000e+00  0.00000e+00  3.03165e-01
  618  1.00098e-01  2.65801e-01  9.26685e-01  0.00000e+00  0.00000e+00  3.03555e-01
  619  1.01074e-01  2.65213e-01  9.29654e-01  0.00000e+00  0.00000e+00  3.02579e-01
  620  1.02051e-01  2.66292e-01  9.25021e-01  0.00000e+00  0.00000e+00  3.04239e-01
  621  1.03027e-01  2.65442e-01  9.30309e-01  0.00000e+00  0.00000e+00  3.02880e-01
  622  1.04004e-01  2.65677e-01  9.23885e-01  0.00000e+00  0.00000e+00  3.03391e-01
  623  1.04980e-01  2.35669e-01  7.71130e-01  0.00000e+00  0.00000e+00  2.56830e-01
  624  1.05957e-01  1.35057e-01  8.93868e-02  0.00000e+00  0.00000e+00  1.12083e-01
  625  1.06934e-01  1.25035e-01  2.95662e-04  0.00000e+00  0.00000e+00  1.00039e-01
  626  1.07910e-01  1.25000e-01  7.47162e-07  0.00000e+00  0.00000e+00  1.00000e-01
  627  1.08887e-01  1.25000e-01  1.90492e-09  0.00000e+00  0.00000e+00  1.00000e-01
  628  1.09863e-01  1.25000e-01  4.94509e-12  0.00000e+00  0.00000e+00  1.00000e-01
  629  1.10840e-01  1.25000e-01  1.26570e-14  0.00000e+00  0.00000e+00  1.00000e-01
  630  1.11816e-01  1.25000e-01  8.08755e-17  0.00000e+00  0.00000e+00  1.00000e-01
  631  1.12793e-01  1.25000e-01  0.00000e+00  0.00000e+00  0.00000e+00  1.00000e-01
  632  1.13770e-01  1.25000e-01  0.00000e+00  0.00000e+00  0.00000e+00  1.00000e-01
  633  1.14746e-01  1.25000e-01  0.00000e+00  0.00000e+00  0.00000e+00  1.00000e-01
  634  1.15723e-01  1.25000e-01  0.00000e+00  0.00000e+00  0.00000e+00  1.00000e-01
  635  1.16699e-01  1.25000e-01  0.00000e+00  0.00000e+00  0.00000e+00  1.00000e-01
  636  1.17676e-01  1.25000e-01  0.00000e+00  0.00000e+00  0.00000e+00  1.00000e-01
  637  1.18652e-01  1.25000e-01  0.00000e+00  0.00000e+00  0.00000e+00  1.00000e-01
  638  1.19629e-01  1.25000e-01  0.00000e+00  0.00000e+00  0.00000e+00  1.00000e-01
  639  1.20605e-01  1.25000e-01  0.00000e+00  0.00000e+00  0.00000e+00  1.00000e-01
  640  1.21582e-01  1.25000e-01  0.00000e+00  0.00000e+00  0.00000e+00  1.00000e-01
  641  1.22559e-01  1.25000e-01  0.00000e+00  0.00000e+00  0.00000e+00  1.00000e-01
  642  1.23535e-01  1.25000e-01  0.00000e+00  0.00000e+00  0.00000e+00  1.00000e-01
  643  1.24512e-01  1.25000e-01  0.00000e+00  0.00000e+00  0.00000e+00  1.00000e-01
  644  1.25488e-01  1.25000e-01  0.00000e+00  0.00000e+00  0.00000e+00  1.00000e-01
  645  1.26465e-01  1.25000e-01  0.00000e+00  0.00000e+00  0.00000e+00  1.00000e-01
  646  1.27441e-01  1.25000e-01  0.00000e+00  0.00000e+00  0.00000e+00  1.00000e-01
  647  1.28418e-01  1.25000e-01  0.00000e+00  0.00000e+00  0.00000e+00  1.00000e-01
  648  1.29395e-01  1.25000e-01  0.00000e+00  0.00000e+00  0.00000e+00  1.00000e-01
  649  1.30371e-01  1.25000e-01  0.00000e+00  0.00000e+00  0.00000e+00  1.00000e-01
  650  1.31348e-01  1.25000e-01  0.00000e+00  0.00000e+00  0.00000e+00  1.00000e-01
  651  1.32324e-01  1.25000e-01  0.00000e+00  0.00000e+00  0.00000e+00  1.00000e-01
  652  1.33301e-01  1.25000e-01  0.00000e+00  0.00000e+00  0.00000e+00  1.00000e-01
  653  1.34277e-01  1.25000e-01  0.00000e+00  0.00000e+00  0.00000e+00  1.00000e-01
  654  1.35254e-01  1.25000e-01  0.00000e+00  0.00000e+00  0.00000e+00  1.00000e-01
  655  1.36230e-01  1.25000e-01  0.00000e+00  0.00000e+00  0.00000e+00  1.00000e-01
  656  1.37207e-01  1.25000e-01  0.00000e+00  0.00000e+00  0.00000e+00  1.00000e-01
  657  1.38184e-01  1.25000e-01  0.00000e+00  0.00000e+00  0.00000e+00  1.00000e-01
  658  1.39160e-01  1.25000e-01  0.00000e+00  0.00000e+00  0.00000e+00  1.00000e-01
  659  1.40137e-01  1.25000e-01  0.00000e+00  0.00000e+00  0.00000e+00  1.00000e-01
  660  1.41113e-01  1.25000e-01  0.00000e+00  0.00000e+00  0.00000e+00  1.00000e-01
  661  1.42090e-01  1.25000e-01  0.00000e+00  0.00000e+00  0.00000e+00  1.00000e-01
  662  1.43066e-01  1.25000e-01  0.00000e+00  0.00000e+00  0.00000e+00  1.00000e-01
  663  1.44043e-01  1.25000e-01  0.00000e+00  0.00000e+00  0.00000e+00  1.00000e-01
  664  1.45020e-01  1.25000e-01  0.00000e+00  0.00000e+00  0.00000e+00  1.00000e-01
  665  1.45996e-01  1.25000e-01  0.00000e+00  0.00000e+00  0.00000e+00  1.00000e-01
  666  1.46973e-01  1.25000e-01  0.00000e+00  0.00000e+00  0.00000e+00  1.00000e-01
  667  1.47949e-01  1.25000e-01  0.00000e+00  0.00000e+00  0.00000e+00  1.00000e-01
  668  1.48926e-01  1.25000e-01  0.00000e+00  0.00000e+00  0.00000e+00  1.00000e-01
  669  1.49902e-01  1.25000e-01  0.00000e+00  0.00000e+00  0.00000e+00  1.00000e-01
  670  1.50879e-01  1.25000e-01  0.00000e+00  0.00000e+00  0.00000e+00  1.00000e-01
  671  1.51855e-01  1.25000e-01  0.00000e+00  0.00000e+00  0.00000e+00  1.00000e-01
  672  1.52832e-01  1.25000e-01  0.00000e+00  0.00000e+00  0.00000e+00  1.00000e-01
  673  1.53809e-01  1.25000e-01  0.00000e+00  0.00000e+00  0.00000e+00  1.00000e-01
  674  1.54785e-01  1.25000e-01  0.00000e+00  0.00000e+00  0.00000e+00  1.00000e-01
  675  1.55762e-01  1.25000e-01  0.00000e+00  0.00000e+00  0.00000e+00  1.00000e-01
  676  1.56738e-01  1.25000e-01  0.00000e+00  0.00000e+00  0.00000e+00  1.00000e-01
  677  1.57715e-01  1.25000e-01  0.00000e+00  0.00000e+00  0.00000e+00  1.00000e-01
  678  1.58691e-01  1.25000e-01  0.00000e+00  0.00000e+00  0.00000e+00  1.00000e-01
  679  1.59668e-01  1.25000e-01  0.00000e+00  0.00000e+00  0.00000e+00  1.00000e-01
  680  1.60645e-01  1.25000e-01  0.00000e+00  0.00000e+00  0.00000e+00  1.00000e-01
  681  1.61621e-01  1.25000e-01  0.00000e+00  0.00000e+00  0.00000e+00  1.00000e-01
  682  1.62598e-01  1.25000e-01  0.00000e+00  0.00000e+00  0.00000e+00  1.00000e-01
  683  1.63574e-01  1.25000e-01  0.00000e+00  0.00000e+00  0.00000e+00  1.00000e-01
  684  1.64551e-01  1.25000e-01  0.00000e+00  0.00000e+00  0.00000e+00  1.00000e-01
  685  1.65527e-01  1.25000e-01  0.00000e+00  0.00000e+00  0.00000e+00  1.00000e-01
  686  1.66504e-01  1.25000e-01  0.00000e+00  0.00000e+00  0.00000e+00  1.00000e-01
  687  1.67480e-01  1.25000e-01  0.00000e+00  0.00000e+00  0.00000e+00  1.00000e-01
  688  1.68457e-01  1.25000e-01  0.00000e+00  0.00000e+00  0.00000e+00  1.00000e-01
  689  1.69434e-01  1.25000e-01  0.00000e+00  0.00000e+00  0.00000e+00  1.00000e-01
  690  1.70410e-01  1.25000e-01  0.00000e+00  0.00000e+00  0.00000e+00  1.00000e-01
  691  1.71387e-01  1.25000e-01  0.00000e+00  0.00000e+00  0.00000e+00  1.00000e-01
  692  1.72363e-01  1.25000e-01  0.00000e+00  0.00000e+00  0.00000e+00  1.00000e-01
  693  1.73340e-01  1.25000e-01  0.00000e+00  0.00000e+00  0.00000e+00  1.00000e-01
  694  1.74316e-01  1.25000e-01  0.00000e+00  0.00000e+00  0.00000e+00  1.00000e-01
  695  1.75293e-01  1.25000e-01  0.00000e+00  0.00000e+00  0.00000e+00  1.00000e-01
  696  1.76270e-01  1.25000e-01  0.00000e+00  0.00000e+00  0.00000e+00  1.00000e-01
  697  1.77246e-01  1.25000e-01  0.00000e+00  0.00000e+00  0.00000e+00  1.00000e-01
  698  1.78223e-01  1.25000e-01  0.00000e+00  0.00000e+00  0.00000e+00  1.00000e-01
  699  1.79199e-01  1.25000e-01  0.00000e+00  0.00000e+00  0.00000e+00  1.00000e-01
  700  1.80176e-01  1.25000e-01  0.00000e+00  0.00000e+00  0.00000e+00  1.00000e-01
  701  1.81152e-01  1.25000e-01  0.00000e+00  0.00000e+00  0.00000e+00  1.00000e-01
  702  1.82129e-01  1.25000e-01  0.00000e+00  0.00000e+00  0.00000e+00  1.00000e-01
  703  1.83105e-01  1.25000e-01  0.00000e+00  0.00000e+00  0.00000e+00  1.00000e-01
  704  1.84082e-01  1.25000e-01  0.00000e+00  0.00000e+00  0.00000e+00  1.00000e-01
  705  1.85059e-01  1.25000e-01  0.00000e+00  0.00000e+00  0.00000e+00  1.00000e-01
  706  1.86035e-01  1.25000e-01  0.00000e+00  0.00000e+00  0.00000e+00  1.00000e-01
  707  1.87012e-01  1.25000e-01  0.00000e+00  0.00000e+00  0.00000e+00  1.00000e-01
  708  1.87988e-01  1.25000e-01  0.00000e+00  0.00000e+00  0.00000e+00  1.00000e-01
  709  1.88965e-01  1.25000e-01  0.00000e+00  0.00000e+00  0.00000e+00  1.00000e-01
  710  1.89941e-01  1.25000e-01  0.00000e+00  0.00000e+00  0.00000e+00  1.00000e-01
  711  1.90918e-01  1.25000e-01  0.00000e+00  0.00000e+00  0.00000e+00  1.00000e-01
  712  1.91895e-01  1.25000e-01  0.00000e+00  0.00000e+00  0.00000e+00  1.00000e-01
  713  1.92871e-01  1.25000e-01  0.00000e+00  0.00000e+00  0.00000e+00  1.00000e-01
  714  1.93848e-01  1.25000e-01  0.00000e+00  0.00000e+00  0.00000e+00  1.00000e-01
  715  1.94824e-01  1.25000e-01  0.00000e+00  0.00000e+00  0.00000e+00  1.00000e-01
  716  1.95801e-01  1.25000e-01  0.00000e+00  0.00000e+00  0.00000e+00  1.00000e-01
  717  1.96777e-01  1.25000e-01  0.00000e+00  0.00000e+00  0.00000e+00  1.00000e-01
  718  1.97754e-01  1.25000e-01  0.00000e+00  0.00000e+00  0.00000e+00  1.00000e-01
  719  1.98730e-01  1.25000e-01  0.00000e+00  0.00000e+00  0.00000e+00  1.00000e-01
  720  1.99707e-01  1.25000e-01  0.00000e+00  0.00000e+00  0.00000e+00  1.00000e-01
  721  2.00684e-01  1.25000e-01  0.00000e+00  0.00000e+00  0.00000e+00  1.00000e-01
  722  2.01660e-01  1.25000e-01  0.00000e+00  0.00000e+00  0.00000e+00  1.00000e-01
  723  2.02637e-01  1.25000e-01  0.00000e+00  0.00000e+00  0.00000e+00  1.00000e-01
  724  2.03613e-01  1.25000e-01  0.00000e+00  0.00000e+00  0.00000e+00  1.00000e-01
  725  2.04590e-01  1.25000e-01  0.00000e+00  0.00000e+00  0.00000e+00  1.00000e-01
  726  2.05566e-01  1.25000e-01  0.00000e+00  0.00000e+00  0.00000e+00  1.00000e-01
  727  2.06543e-01  1.25000e-01  0.00000e+00  0.00000e+00  0.00000e+00  1.00000e-01
  728  2.07520e-01  1.25000e-01  0.00000e+00  0.00000e+00  0.00000e+00  1.00000e-01
  729  2.08496e-01  1.25000e-01  0.00000e+00  0.00000e+00  0.00000e+00  1.00000e-01
  730  2.09473e-01  1.25000e-01  0.00000e+00  0.00000e+00  0.00000e+00  1.00000e-01
  731  2.10449e-01  1.25000e-01  0.00000e+00  0.00000e+00  0.00000e+00  1.00000e-01
  732  2.11426e-01  1.25000e-01  0.00000e+00  0.00000e+00  0.00000e+00  1.00000e-01
  733  2.12402e-01  1.25000e-01  0.00000e+00  0.00000e+00  0.00000e+00  1.00000e-01
  734  2.13379e-01  1.25000e-01  0.00000e+00  0.00000e+00  0.00000e+00  1.00000e-01
  735  2.14355e-01  1.25000e-01  0.00000e+00  0.00000e+00  0.00000e+00  1.00000e-01
  736  2.15332e-01  1.25000e-01  0.00000e+00  0.00000e+00  0.00000e+00  1.00000e-01
  737  2.16309e-01  1.25000e-01  0.00000e+00  0.00000e+00  0.00000e+00  1.00000e-01
  738  2.17285e-01  1.25000e-01  0.00000e+00  0.00000e+00  0.00000e+00  1.00000e-01
  739  2.18262e-01  1.25000e-01  0.00000e+00  0.00000e+00  0.00000e+00  1.00000e-01
  740  2.19238e-01  1.25000e-01  0.00000e+00  0.00000e+00  0.00000e+00  1.00000e-01
  741  2.20215e-01  1.25000e-01  0.00000e+00  0.00000e+00  0.00000e+00  1.00000e-01
  742  2.21191e-01  1.25000e-01  0.00000e+00  0.00000e+00  0.00000e+00  1.00000e-01
  743  2.22168e-01  1.25000e-01  0.00000e+00  0.00000e+00  0.00000e+00  1.00000e-01
  744  2.23145e-01  1.25000e-01  0.00000e+00  0.00000e+00  0.00000e+00  1.00000e-01
  745  2.24121e-01  1.25000e-01  0.00000e+00  0.00000e+00  0.00000e+00  1.00000e-01
  746  2.25098e-01  1.25000e-01  0.00000e+00  0.00000e+00  0.00000e+00  1.00000e-01
  747  2.26074e-01  1.25000e-01  0.00000e+00  0.00000e+00  0.00000e+00  1.00000e-01
  748  2.27051e-01  1.25000e-01  0.00000e+00  0.00000e+00  0.00000e+00  1.00000e-01
  749  2.28027e-01  1.25000e-01  0.00000e+00  0.00000e+00  0.00000e+00  1.00000e-01
  750  2.29004e-01  1.25000e-01  0.00000e+00  0.00000e+00  0.00000e+00  1.00000e-01
  751  2.29980e-01  1.25000e-01  0.00000e+00  0.00000e+00  0.00000e+00  1.00000e-01
  752  2.30957e-01  1.25000e-01  0.00000e+00  0.00000e+00  0.00000e+00  1.00000e-01
  753  2.31934e-01  1.25000e-01  0.00000e+00  0.00000e+00  0.00000e+00  1.00000e-01
  754  2.32910e-01  1.25000e-01  0.00000e+00  0.00000e+00  0.00000e+00  1.00000e-01
  755  2.33887e-01  1.25000e-01  0.00000e+00  0.00000e+00  0.00000e+00  1.00000e-01
  756  2.34863e-01  1.25000e-01  0.00000e+00  0.00000e+00  0.00000e+00  1.00000e-01
  757  2.35840e-01  1.25000e-01  0.00000e+00  0.00000e+00  0.00000e+00  1.00000e-01
  758  2.36816e-01  1.25000e-01  0.00000e+00  0.00000e+00  0.00000e+00  1.00000e-01
  759  2.37793e-01  1.25000e-01  0.00000e+00  0.00000e+00  0.00000e+00  1.00000e-01
  760  2.38770e-01  1.25000e-01  0.00000e+00  0.00000e+00  0.00000e+00  1.00000e-01
  761  2.39746e-01  1.25000e-01  0.00000e+00  0.00000e+00  0.00000e+00  1.00000e-01
  762  2.40723e-01  1.25000e-01  0.00000e+00  0.00000e+00  0.00000e+00  1.00000e-01
  763  2.41699e-01  1.25000e-01  0.00000e+00  0.00000e+00  0.00000e+00  1.00000e-01
  764  2.42676e-01  1.25000e-01  0.00000e+00  0.00000e+00  0.00000e+00  1.00000e-01
  765  2.43652e-01  1.25000e-01  0.00000e+00  0.00000e+00  0.00000e+00  1.00000e-01
  766  2.44629e-01  1.25000e-01  0.00000e+00  0.00000e+00  0.00000e+00  1.00000e-01
  767  2.45605e-01  1.25000e-01  0.00000e+00  0.00000e+00  0.00000e+00  1.00000e-01
  768  2.46582e-01  1.25000e-01  0.00000e+00  0.00000e+00  0.00000e+00  1.00000e-01
  769  2.47559e-01  1.25000e-01  0.00000e+00  0.00000e+00  0.00000e+00  1.00000e-01
  770  2.48535e-01  1.25000e-01  0.00000e+00  0.00000e+00  0.00000e+00  1.00000e-01
  771  2.49512e-01  1.25000e-01  0.00000e+00  0.00000e+00  0.00000e+00  1.00000e-01
  772  2.50488e-01  1.25000e-01  0.00000e+00  0.00000e+00  0.00000e+00  1.00000e-01
  773  2.51465e-01  1.25000e-01  0.00000e+00  0.00000e+00  0.00000e+00  1.00000e-01
  774  2.52441e-01  1.25000e-01  0.00000e+00  0.00000e+00  0.00000e+00  1.00000e-01
  775  2.53418e-01  1.25000e-01  0.00000e+00  0.00000e+00  0.00000e+00  1.00000e-01
  776  2.54395e-01  1.25000e-01  0.00000e+00  0.00000e+00  0.00000e+00  1.00000e-01
  777  2.55371e-01  1.25000e-01  0.00000e+00  0.00000e+00  0.00000e+00  1.00000e-01
  778  2.56348e-01  1.25000e-01  0.00000e+00  0.00000e+00  0.00000e+00  1.00000e-01
  779  2.57324e-01  1.25000e-01  0.00000e+00  0.00000e+00  0.00000e+00  1.00000e-01
  780  2.58301e-01  1.25000e-01  0.00000e+00  0.00000e+00  0.00000e+00  1.00000e-01
  781  2.59277e-01  1.25000e-01  0.00000e+00  0.00000e+00  0.00000e+00  1.00000e-01
  782  2.60254e-01  1.25000e-01  0.00000e+00  0.00000e+00  0.00000e+00  1.00000e-01
  783  2.61230e-01  1.25000e-01  0.00000e+00  0.00000e+00  0.00000e+00  1.00000e-01
  784  2.62207e-01  1.25000e-01  0.00000e+00  0.00000e+00  0.00000e+00  1.00000e-01
  785  2.63184e-01  1.25000e-01  0.00000e+00  0.00000e+00  0.00000e+00  1.00000e-01
  786  2.64160e-01  1.25000e-01  0.00000e+00  0.00000e+00  0.00000e+00  1.00000e-01
  787  2.65137e-01  1.25000e-01  0.00000e+00  0.00000e+00  0.00000e+00  1.00000e-01
  788  2.66113e-01  1.25000e-01  0.00000e+00  0.00000e+00  0.00000e+00  1.00000e-01
  789  2.67090e-01  1.25000e-01  0.00000e+00  0.00000e+00  0.00000e+00  1.00000e-01
  790  2.68066e-01  1.25000e-01  0.00000e+00  0.00000e+00  0.00000e+00  1.00000e-01
  791  2.69043e-01  1.25000e-01  0.00000e+00  0.00000e+00  0.00000e+00  1.00000e-01
  792  2.70020e-01  1.25000e-01  0.00000e+00  0.00000e+00  0.00000e+00  1.00000e-01
  793  2.70996e-01  1.25000e-01  0.00000e+00  0.00000e+00  0.00000e+00  1.00000e-01
  794  2.71973e-01  1.25000e-01  0.00000e+00  0.00000e+00  0.00000e+00  1.00000e-01
  795  2.72949e-01  1.25000e-01  0.00000e+00  0.00000e+00  0.00000e+00  1.00000e-01
  796  2.73926e-01  1.25000e-01  0.00000e+00  0.00000e+00  0.00000e+00  1.00000e-01
  797  2.74902e-01  1.25000e-01  0.00000e+00  0.00000e+00  0.00000e+00  1.00000e-01
  798  2.75879e-01  1.25000e-01  0.00000e+00  0.00000e+00  0.00000e+00  1.00000e-01
  799  2.76855e-01  1.25000e-01  0.00000e+00  0.00000e+00  0.00000e+00  1.00000e-01
  800  2.77832e-01  1.25000e-01  0.00000e+00  0.00000e+00  0.00000e+00  1.00000e-01
  801  2.78809e-01  1.25000e-01  0.00000e+00  0.00000e+00  0.00000e+00  1.00000e-01
  802  2.79785e-01  1.25000e-01  0.00000e+00  0.00000e+00  0.00000e+00  1.00000e-01
  803  2.80762e-01  1.25000e-01  0.00000e+00  0.00000e+00  0.00000e+00  1.00000e-01
  804  2.81738e-01  1.25000e-01  0.00000e+00  0.00000e+00  0.00000e+00  1.00000e-01
  805  2.82715e-01  1.25000e-01  0.00000e+00  0.00000e+00  0.00000e+00  1.00000e-01
  806  2.83691e-01  1.25000e-01  0.00000e+00  0.00000e+00  0.00000e+00  1.00000e-01
  807  2.84668e-01  1.25000e-01  0.00000e+00  0.00000e+00  0.00000e+00  1.00000e-01
  808  2.85645e-01  1.25000e-01  0.00000e+00  0.00000e+00  0.00000e+00  1.00000e-01
  809  2.86621e-01  1.25000e-01  0.00000e+00  0.00000e+00  0.00000e+00  1.00000e-01
  810  2.87598e-01  1.25000e-01  0.00000e+00  0.00000e+00  0.00000e+00  1.00000e-01
  811  2.88574e-01  1.25000e-01  0.00000e+00  0.00000e+00  0.00000e+00  1.00000e-01
  812  2.89551e-01  1.25000e-01  0.00000e+00  0.00000e+00  0.00000e+00  1.00000e-01
  813  2.90527e-01  1.25000e-01  0.00000e+00  0.00000e+00  0.00000e+00  1.00000e-01
  814  2.91504e-01  1.25000e-01  0.00000e+00  0.00000e+00  0.00000e+00  1.00000e-01
  815  2.92480e-01  1.25000e-01  0.00000e+00  0.00000e+00  0.00000e+00  1.00000e-01
  816  2.93457e-01  1.25000e-01  0.00000e+00  0.00000e+00  0.00000e+00  1.00000e-01
  817  2.94434e-01  1.25000e-01  0.00000e+00  0.00000e+00  0.00000e+00  1.00000e-01
  818  2.95410e-01  1.25000e-01  0.00000e+00  0.00000e+00  0.00000e+00  1.00000e-01
  819  2.96387e-01  1.25000e-01  0.00000e+00  0.00000e+00  0.00000e+00  1.00000e-01
  820  2.97363e-01  1.25000e-01  0.00000e+00  0.00000e+00  0.00000e+00  1.00000e-01
  821  2.98340e-01  1.25000e-01  0.00000e+00  0.00000e+00  0.00000e+00  1.00000e-01
  822  2.99316e-01  1.25000e-01  0.00000e+00  0.00000e+00  0.00000e+00  1.00000e-01
  823  3.00293e-01  1.25000e-01  0.00000e+00  0.00000e+00  0.00000e+00  1.00000e-01
  824  3.01270e-01  1.25000e-01  0.00000e+00  0.00000e+00  0.00000e+00  1.00000e-01
  825  3.02246e-01  1.25000e-01  0.00000e+00  0.00000e+00  0.00000e+00  1.00000e-01
  826  3.03223e-01  1.25000e-01  0.00000e+00  0.00000e+00  0.00000e+00  1.00000e-01
  827  3.04199e-01  1.25000e-01  0.00000e+00  0.00000e+00  0.00000e+00  1.00000e-01
  828  3.05176e-01  1.25000e-01  0.00000e+00  0.00000e+00  0.00000e+00  1.00000e-01
  829  3.06152e-01  1.25000e-01  0.00000e+00  0.00000e+00  0.00000e+00  1.00000e-01
  830  3.07129e-01  1.25000e-01  0.00000e+00  0.00000e+00  0.00000e+00  1.00000e-01
  831  3.08105e-01  1.25000e-01  0.00000e+00  0.00000e+00  0.00000e+00  1.00000e-01
  832  3.09082e-01  1.25000e-01  0.00000e+00  0.00000e+00  0.00000e+00  1.00000e-01
  833  3.10059e-01  1.25000e-01  0.00000e+00  0.00000e+00  0.00000e+00  1.00000e-01
  834  3.11035e-01  1.25000e-01  0.00000e+00  0.00000e+00  0.00000e+00  1.00000e-01
  835  3.12012e-01  1.25000e-01  0.00000e+00  0.00000e+00  0.00000e+00  1.00000e-01
  836  3.12988e-01  1.25000e-01  0.00000e+00  0.00000e+00  0.00000e+00  1.00000e-01
  837  3.13965e-01  1.25000e-01  0.00000e+00  0.00000e+00  0.00000e+00  1.00000e-01
  838  3.14941e-01  1.25000e-01  0.00000e+00  0.00000e+00  0.00000e+00  1.00000e-01
  839  3.15918e-01  1.25000e-01  0.00000e+00  0.00000e+00  0.00000e+00  1.00000e-01
  840  3.16895e-01  1.25000e-01  0.00000e+00  0.00000e+00  0.00000e+00  1.00000e-01
  841  3.17871e-01  1.25000e-01  0.00000e+00  0.00000e+00  0.00000e+00  1.00000e-01
  842  3.18848e-01  1.25000e-01  0.00000e+00  0.00000e+00  0.00000e+00  1.00000e-01
  843  3.19824e-01  1.25000e-01  0.00000e+00  0.00000e+00  0.00000e+00  1.00000e-01
  844  3.20801e-01  1.25000e-01  0.00000e+00  0.00000e+00  0.00000e+00  1.00000e-01
  845  3.21777e-01  1.25000e-01  0.00000e+00  0.00000e+00  0.00000e+00  1.00000e-01
  846  3.22754e-01  1.25000e-01  0.00000e+00  0.00000e+00  0.00000e+00  1.00000e-01
  847  3.23730e-01  1.25000e-01  0.00000e+00  0.00000e+00  0.00000e+00  1.00000e-01
  848  3.24707e-01  1.25000e-01  0.00000e+00  0.00000e+00  0.00000e+00  1.00000e-01
  849  3.25684e-01  1.25000e-01  0.00000e+00  0.00000e+00  0.00000e+00  1.00000e-01
  850  3.26660e-01  1.25000e-01  0.00000e+00  0.00000e+00  0.00000e+00  1.00000e-01
  851  3.27637e-01  1.25000e-01  0.00000e+00  0.00000e+00  0.00000e+00  1.00000e-01
  852  3.28613e-01  1.25000e-01  0.00000e+00  0.00000e+00  0.00000e+00  1.00000e-01
  853  3.29590e-01  1.25000e-01  0.00000e+00  0.00000e+00  0.00000e+00  1.00000e-01
  854  3.30566e-01  1.25000e-01  0.00000e+00  0.00000e+00  0.00000e+00  1.00000e-01
  855  3.31543e-01  1.25000e-01  0.00000e+00  0.00000e+00  0.00000e+00  1.00000e-01
  856  3.32520e-01  1.25000e-01  0.00000e+00  0.00000e+00  0.00000e+00  1.00000e-01
  857  3.33496e-01  1.25000e-01  0.00000e+00  0.00000e+00  0.00000e+00  1.00000e-01
  858  3.34473e-01  1.25000e-01  0.00000e+00  0.00000e+00  0.00000e+00  1.00000e-01
  859  3.35449e-01  1.25000e-01  0.00000e+00  0.00000e+00  0.00000e+00  1.00000e-01
  860  3.36426e-01  1.25000e-01  0.00000e+00  0.00000e+00  0.00000e+00  1.00000e-01
  861  3.37402e-01  1.25000e-01  0.00000e+00  0.00000e+00  0.00000e+00  1.00000e-01
  862  3.38379e-01  1.25000e-01  0.00000e+00  0.00000e+00  0.00000e+00  1.00000e-01
  863  3.39355e-01  1.25000e-01  0.00000e+00  0.00000e+00  0.00000e+00  1.00000e-01
  864  3.40332e-01  1.25000e-01  0.00000e+00  0.00000e+00  0.00000e+00  1.00000e-01
  865  3.41309e-01  1.25000e-01  0.00000e+00  0.00000e+00  0.00000e+00  1.00000e-01
  866  3.42285e-01  1.25000e-01  0.00000e+00  0.00000e+00  0.00000e+00  1.00000e-01
  867  3.43262e-01  1.25000e-01  0.00000e+00  0.00000e+00  0.00000e+00  1.00000e-01
  868  3.44238e-01  1.25000e-01  0.00000e+00  0.00000e+00  0.00000e+00  1.00000e-01
  869  3.45215e-01  1.25000e-01  0.00000e+00  0.00000e+00  0.00000e+00  1.00000e-01
  870  3.46191e-01  1.25000e-01  0.00000e+00  0.00000e+00  0.00000e+00  1.00000e-01
  871  3.47168e-01  1.25000e-01  0.00000e+00  0.00000e+00  0.00000e+00  1.00000e-01
  872  3.48145e-01  1.25000e-01  0.00000e+00  0.00000e+00  0.00000e+00  1.00000e-01
  873  3.49121e-01  1.25000e-01  0.00000e+00  0.00000e+00  0.00000e+00  1.00000e-01
  874  3.50098e-01  1.25000e-01  0.00000e+00  0.00000e+00  0.00000e+00  1.00000e-01
  875  3.51074e-01  1.25000e-01  0.00000e+00  0.00000e+00  0.00000e+00  1.00000e-01
  876  3.52051e-01  1.25000e-01  0.00000e+00  0.00000e+00  0.00000e+00  1.00000e-01
  877  3.53027e-01  1.25000e-01  0.00000e+00  0.00000e+00  0.00000e+00  1.00000e-01
  878  3.54004e-01  1.25000e-01  0.00000e+00  0.00000e+00  0.00000e+00  1.00000e-01
  879  3.54980e-01  1.25000e-01  0.00000e+00  0.00000e+00  0.00000e+00  1.00000e-01
  880  3.55957e-01  1.25000e-01  0.00000e+00  0.00000e+00  0.00000e+00  1.00000e-01
  881  3.56934e-01  1.25000e-01  0.00000e+00  0.00000e+00  0.00000e+00  1.00000e-01
  882  3.57910e-01  1.25000e-01  0.00000e+00  0.00000e+00  0.00000e+00  1.00000e-01
  883  3.58887e-01  1.25000e-01  0.00000e+00  0.00000e+00  0.00000e+00  1.00000e-01
  884  3.59863e-01  1.25000e-01  0.00000e+00  0.00000e+00  0.00000e+00  1.00000e-01
  885  3.60840e-01  1.25000e-01  0.00000e+00  0.00000e+00  0.00000e+00  1.00000e-01
  886  3.61816e-01  1.25000e-01  0.00000e+00  0.00000e+00  0.00000e+00  1.00000e-01
  887  3.62793e-01  1.25000e-01  0.00000e+00  0.00000e+00  0.00000e+00  1.00000e-01
  888  3.63770e-01  1.25000e-01  0.00000e+00  0.00000e+00  0.00000e+00  1.00000e-01
  889  3.64746e-01  1.25000e-01  0.00000e+00  0.00000e+00  0.00000e+00  1.00000e-01
  890  3.65723e-01  1.25000e-01  0.00000e+00  0.00000e+00  0.00000e+00  1.00000e-01
  891  3.66699e-01  1.25000e-01  0.00000e+00  0.00000e+00  0.00000e+00  1.00000e-01
  892  3.67676e-01  1.25000e-01  0.00000e+00  0.00000e+00  0.00000e+00  1.00000e-01
  893  3.68652e-01  1.25000e-01  0.00000e+00  0.00000e+00  0.00000e+00  1.00000e-01
  894  3.69629e-01  1.25000e-01  0.00000e+00  0.00000e+00  0.00000e+00  1.00000e-01
  895  3.70605e-01  1.25000e-01  0.00000e+00  0.00000e+00  0.00000e+00  1.00000e-01
  896  3.71582e-01  1.25000e-01  0.00000e+00  0.00000e+00  0.00000e+00  1.00000e-01
  897  3.72559e-01  1.25000e-01  0.00000e+00  0.00000e+00  0.00000e+00  1.00000e-01
  898  3.73535e-01  1.25000e-01  0.00000e+00  0.00000e+00  0.00000e+00  1.00000e-01
  899  3.74512e-01  1.25000e-01  0.00000e+00  0.00000e+00  0.00000e+00  1.00000e-01
  900  3.75488e-01  1.25000e-01  0.00000e+00  0.00000e+00  0.00000e+00  1.00000e-01
  901  3.76465e-01  1.25000e-01  0.00000e+00  0.00000e+00  0.00000e+00  1.00000e-01
  902  3.77441e-01  1.25000e-01  0.00000e+00  0.00000e+00  0.00000e+00  1.00000e-01
  903  3.78418e-01  1.25000e-01  0.00000e+00  0.00000e+00  0.00000e+00  1.00000e-01
  904  3.79395e-01  1.25000e-01  0.00000e+00  0.00000e+00  0.00000e+00  1.00000e-01
  905  3.80371e-01  1.25000e-01  0.00000e+00  0.00000e+00  0.00000e+00  1.00000e-01
  906  3.81348e-01  1.25000e-01  0.00000e+00  0.00000e+00  0.00000e+00  1.00000e-01
  907  3.82324e-01  1.25000e-01  0.00000e+00  0.00000e+00  0.00000e+00  1.00000e-01
  908  3.83301e-01  1.25000e-01  0.00000e+00  0.00000e+00  0.00000e+00  1.00000e-01
  909  3.84277e-01  1.25000e-01  0.00000e+00  0.00000e+00  0.00000e+00  1.00000e-01
  910  3.85254e-01  1.25000e-01  0.00000e+00  0.00000e+00  0.00000e+00  1.00000e-01
  911  3.86230e-01  1.25000e-01  0.00000e+00  0.00000e+00  0.00000e+00  1.00000e-01
  912  3.87207e-01  1.25000e-01  0.00000e+00  0.00000e+00  0.00000e+00  1.00000e-01
  913  3.88184e-01  1.25000e-01  0.00000e+00  0.00000e+00  0.00000e+00  1.00000e-01
  914  3.89160e-01  1.25000e-01  0.00000e+00  0.00000e+00  0.00000e+00  1.00000e-01
  915  3.90137e-01  1.25000e-01  0.00000e+00  0.00000e+00  0.00000e+00  1.00000e-01
  916  3.91113e-01  1.25000e-01  0.00000e+00  0.00000e+00  0.00000e+00  1.00000e-01
  917  3.92090e-01  1.25000e-01  0.00000e+00  0.00000e+00  0.00000e+00  1.00000e-01
  918  3.93066e-01  1.25000e-01  0.00000e+00  0.00000e+00  0.00000e+00  1.00000e-01
  919  3.94043e-01  1.25000e-01  0.00000e+00  0.00000e+00  0.00000e+00  1.00000e-01
  920  3.95020e-01  1.25000e-01  0.00000e+00  0.00000e+00  0.00000e+00  1.00000e-01
  921  3.95996e-01  1.25000e-01  0.00000e+00  0.00000e+00  0.00000e+00  1.00000e-01
  922  3.96973e-01  1.25000e-01  0.00000e+00  0.00000e+00  0.00000e+00  1.00000e-01
  923  3.97949e-01  1.25000e-01  0.00000e+00  0.00000e+00  0.00000e+00  1.00000e-01
  924  3.98926e-01  1.25000e-01  0.00000e+00  0.00000e+00  0.00000e+00  1.00000e-01
  925  3.99902e-01  1.25000e-01  0.00000e+00  0.00000e+00  0.00000e+00  1.00000e-01
  926  4.00879e-01  1.25000e-01  0.00000e+00  0.00000e+00  0.00000e+00  1.00000e-01
  927  4.01855e-01  1.25000e-01  0.00000e+00  0.00000e+00  0.00000e+00  1.00000e-01
  928  4.02832e-01  1.25000e-01  0.00000e+00  0.00000e+00  0.00000e+00  1.00000e-01
  929  4.03809e-01  1.25000e-01  0.00000e+00  0.00000e+00  0.00000e+00  1.00000e-01
  930  4.04785e-01  1.25000e-01  0.00000e+00  0.00000e+00  0.00000e+00  1.00000e-01
  931  4.05762e-01  1.25000e-01  0.00000e+00  0.00000e+00  0.00000e+00  1.00000e-01
  932  4.06738e-01  1.25000e-01  0.00000e+00  0.00000e+00  0.00000e+00  1.00000e-01
  933  4.07715e-01  1.25000e-01  0.00000e+00  0.00000e+00  0.00000e+00  1.00000e-01
  934  4.08691e-01  1.25000e-01  0.00000e+00  0.00000e+00  0.00000e+00  1.00000e-01
  935  4.09668e-01  1.25000e-01  0.00000e+00  0.00000e+00  0.00000e+00  1.00000e-01
  936  4.10645e-01  1.25000e-01  0.00000e+00  0.00000e+00  0.00000e+00  1.00000e-01
  937  4.11621e-01  1.25000e-01  0.00000e+00  0.00000e+00  0.00000e+00  1.00000e-01
  938  4.12598e-01  1.25000e-01  0.00000e+00  0.00000e+00  0.00000e+00  1.00000e-01
  939  4.13574e-01  1.25000e-01  0.00000e+00  0.00000e+00  0.00000e+00  1.00000e-01
  940  4.14551e-01  1.25000e-01  0.00000e+00  0.00000e+00  0.00000e+00  1.00000e-01
  941  4.15527e-01  1.25000e-01  0.00000e+00  0.00000e+00  0.00000e+00  1.00000e-01
  942  4.16504e-01  1.25000e-01  0.00000e+00  0.00000e+00  0.00000e+00  1.00000e-01
  943  4.17480e-01  1.25000e-01  0.00000e+00  0.00000e+00  0.00000e+00  1.00000e-01
  944  4.18457e-01  1.25000e-01  0.00000e+00  0.00000e+00  0.00000e+00  1.00000e-01
  945  4.19434e-01  1.25000e-01  0.00000e+00  0.00000e+00  0.00000e+00  1.00000e-01
  946  4.20410e-01  1.25000e-01  0.00000e+00  0.00000e+00  0.00000e+00  1.00000e-01
  947  4.21387e-01  1.25000e-01  0.00000e+00  0.00000e+00  0.00000e+00  1.00000e-01
  948  4.22363e-01  1.25000e-01  0.00000e+00  0.00000e+00  0.00000e+00  1.00000e-01
  949  4.23340e-01  1.25000e-01  0.00000e+00  0.00000e+00  0.00000e+00  1.00000e-01
  950  4.24316e-01  1.25000e-01  0.00000e+00  0.00000e+00  0.00000e+00  1.00000e-01
  951  4.25293e-01  1.25000e-01  0.00000e+00  0.00000e+00  0.00000e+00  1.00000e-01
  952  4.26270e-01  1.25000e-01  0.00000e+00  0.00000e+00  0.00000e+00  1.00000e-01
  953  4.27246e-01  1.25000e-01  0.00000e+00  0.00000e+00  0.00000e+00  1.00000e-01
  954  4.28223e-01  1.25000e-01  0.00000e+00  0.00000e+00  0.00000e+00  1.00000e-01
  955  4.29199e-01  1.25000e-01  0.00000e+00  0.00000e+00  0.00000e+00  1.00000e-01
  956  4.30176e-01  1.25000e-01  0.00000e+00  0.00000e+00  0.00000e+00  1.00000e-01
  957  4.31152e-01  1.25000e-01  0.00000e+00  0.00000e+00  0.00000e+00  1.00000e-01
  958  4.32129e-01  1.25000e-01  0.00000e+00  0.00000e+00  0.00000e+00  1.00000e-01
  959  4.33105e-01  1.25000e-01  0.00000e+00  0.00000e+00  0.00000e+00  1.00000e-01
  960  4.34082e-01  1.25000e-01  0.00000e+00  0.00000e+00  0.00000e+00  1.00000e-01
  961  4.35059e-01  1.25000e-01  0.00000e+00  0.00000e+00  0.00000e+00  1.00000e-01
  962  4.36035e-01  1.25000e-01  0.00000e+00  0.00000e+00  0.00000e+00  1.00000e-01
  963  4.37012e-01  1.25000e-01  0.00000e+00  0.00000e+00  0.00000e+00  1.00000e-01
  964  4.37988e-01  1.25000e-01  0.00000e+00  0.00000e+00  0.00000e+00  1.00000e-01
  965  4.38965e-01  1.25000e-01  0.00000e+00  0.00000e+00  0.00000e+00  1.00000e-01
  966  4.39941e-01  1.25000e-01  0.00000e+00  0.00000e+00  0.00000e+00  1.00000e-01
  967  4.40918e-01  1.25000e-01  0.00000e+00  0.00000e+00  0.00000e+00  1.00000e-01
  968  4.41895e-01  1.25000e-01  0.00000e+00  0.00000e+00  0.00000e+00  1.00000e-01
  969  4.42871e-01  1.25000e-01  0.00000e+00  0.00000e+00  0.00000e+00  1.00000e-01
  970  4.43848e-01  1.25000e-01  0.00000e+00  0.00000e+00  0.00000e+00  1.00000e-01
  971  4.44824e-01  1.25000e-01  0.00000e+00  0.00000e+00  0.00000e+00  1.00000e-01
  972  4.45801e-01  1.25000e-01  0.00000e+00  0.00000e+00  0.00000e+00  1.00000e-01
  973  4.46777e-01  1.25000e-01  0.00000e+00  0.00000e+00  0.00000e+00  1.00000e-01
  974  4.47754e-01  1.25000e-01  0.00000e+00  0.00000e+00  0.00000e+00  1.00000e-01
  975  4.48730e-01  1.25000e-01  0.00000e+00  0.00000e+00  0.00000e+00  1.00000e-01
  976  4.49707e-01  1.25000e-01  0.00000e+00  0.00000e+00  0.00000e+00  1.00000e-01
  977  4.50684e-01  1.25000e-01  0.00000e+00  0.00000e+00  0.00000e+00  1.00000e-01
  978  4.51660e-01  1.25000e-01  0.00000e+00  0.00000e+00  0.00000e+00  1.00000e-01
  979  4.52637e-01  1.25000e-01  0.00000e+00  0.00000e+00  0.00000e+00  1.00000e-01
  980  4.53613e-01  1.25000e-01  0.00000e+00  0.00000e+00  0.00000e+00  1.00000e-01
  981  4.54590e-01  1.25000e-01  0.00000e+00  0.00000e+00  0.00000e+00  1.00000e-01
  982  4.55566e-01  1.25000e-01  0.00000e+00  0.00000e+00  0.00000e+00  1.00000e-01
  983  4.56543e-01  1.25000e-01  0.00000e+00  0.00000e+00  0.00000e+00  1.00000e-01
  984  4.57520e-01  1.25000e-01  0.00000e+00  0.00000e+00  0.00000e+00  1.00000e-01
  985  4.58496e-01  1.25000e-01  0.00000e+00  0.00000e+00  0.00000e+00  1.00000e-01
  986  4.59473e-01  1.25000e-01  0.00000e+00  0.00000e+00  0.00000e+00  1.00000e-01
  987  4.60449e-01  1.25000e-01  0.00000e+00  0.00000e+00  0.00000e+00  1.00000e-01
  988  4.61426e-01  1.25000e-01  0.00000e+00  0.00000e+00  0.00000e+00  1.00000e-01
  989  4.62402e-01  1.25000e-01  0.00000e+00  0.00000e+00  0.00000e+00  1.00000e-01
  990  4.63379e-01  1.25000e-01  0.00000e+00  0.00000e+00  0.00000e+00  1.00000e-01
  991  4.64355e-01  1.25000e-01  0.00000e+00  0.00000e+00  0.00000e+00  1.00000e-01
  992  4.65332e-01  1.25000e-01  0.00000e+00  0.00000e+00  0.00000e+00  1.00000e-01
  993  4.66309e-01  1.25000e-01  0.00000e+00  0.00000e+00  0.00000e+00  1.00000e-01
  994  4.67285e-01  1.25000e-01  0.00000e+00  0.00000e+00  0.00000e+00  1.00000e-01
  995  4.68262e-01  1.25000e-01  0.00000e+00  0.00000e+00  0.00000e+00  1.00000e-01
  996  4.69238e-01  1.25000e-01  0.00000e+00  0.00000e+00  0.00000e+00  1.00000e-01
  997  4.70215e-01  1.25000e-01  0.00000e+00  0.00000e+00  0.00000e+00  1.00000e-01
  998  4.71191e-01  1.25000e-01  0.00000e+00  0.00000e+00  0.00000e+00  1.00000e-01
  999  4.72168e-01  1.25000e-01  0.00000e+00  0.00000e+00  0.00000e+00  1.00000e-01
 1000  4.73145e-01  1.25000e-01  0.00000e+00  0.00000e+00  0.00000e+00  1.00000e-01
 1001  4.74121e-01  1.25000e-01  0.00000e+00  0.00000e+00  0.00000e+00  1.00000e-01
 1002  4.75098e-01  1.25000e-01  0.00000e+00  0.00000e+00  0.00000e+00  1.00000e-01
 1003  4.76074e-01  1.25000e-01  0.00000e+00  0.00000e+00  0.00000e+00  1.00000e-01
 1004  4.77051e-01  1.25000e-01  0.00000e+00  0.00000e+00  0.00000e+00  1.00000e-01
 1005  4.78027e-01  1.25000e-01  0.00000e+00  0.00000e+00  0.00000e+00  1.00000e-01
 1006  4.79004e-01  1.25000e-01  0.00000e+00  0.00000e+00  0.00000e+00  1.00000e-01
 1007  4.79980e-01  1.25000e-01  0.00000e+00  0.00000e+00  0.00000e+00  1.00000e-01
 1008  4.80957e-01  1.25000e-01  0.00000e+00  0.00000e+00  0.00000e+00  1.00000e-01
 1009  4.81934e-01  1.25000e-01  0.00000e+00  0.00000e+00  0.00000e+00  1.00000e-01
 1010  4.82910e-01  1.25000e-01  0.00000e+00  0.00000e+00  0.00000e+00  1.00000e-01
 1011  4.83887e-01  1.25000e-01  0.00000e+00  0.00000e+00  0.00000e+00  1.00000e-01
 1012  4.84863e-01  1.25000e-01  0.00000e+00  0.00000e+00  0.00000e+00  1.00000e-01
 1013  4.85840e-01  1.25000e-01  0.00000e+00  0.00000e+00  0.00000e+00  1.00000e-01
 1014  4.86816e-01  1.25000e-01  0.00000e+00  0.00000e+00  0.00000e+00  1.00000e-01
 1015  4.87793e-01  1.25000e-01  0.00000e+00  0.00000e+00  0.00000e+00  1.00000e-01
 1016  4.88770e-01  1.25000e-01  0.00000e+00  0.00000e+00  0.00000e+00  1.00000e-01
 1017  4.89746e-01  1.25000e-01  0.00000e+00  0.00000e+00  0.00000e+00  1.00000e-01
 1018  4.90723e-01  1.25000e-01  0.00000e+00  0.00000e+00  0.00000e+00  1.00000e-01
 1019  4.91699e-01  1.25000e-01  0.00000e+00  0.00000e+00  0.00000e+00  1.00000e-01
 1020  4.92676e-01  1.25000e-01  0.00000e+00  0.00000e+00  0.00000e+00  1.00000e-01
 1021  4.93652e-01  1.25000e-01  0.00000e+00  0.00000e+00  0.00000e+00  1.00000e-01
 1022  4.94629e-01  1.25000e-01  0.00000e+00  0.00000e+00  0.00000e+00  1.00000e-01
 1023  4.95605e-01  1.25000e-01  0.00000e+00  0.00000e+00  0.00000e+00  1.00000e-01
 1024  4.96582e-01  1.25000e-01  0.00000e+00  0.00000e+00  0.00000e+00  1.00000e-01
 1025  4.97559e-01  1.25000e-01  0.00000e+00  0.00000e+00  0.00000e+00  1.00000e-01
 1026  4.98535e-01  1.25000e-01  0.00000e+00  0.00000e+00  0.00000e+00  1.00000e-01
 1027  4.99512e-01  1.25000e-01  0.00000e+00  0.00000e+00  0.00000e+00  1.00000e-01
