# Nx1 = 1024
# x1-size = 1
# PRIMITIVE vars at Time = 0.230191, level= 0, domain= 0
# [1]=i-zone [2]=x1 [3]=d [4]=V1 [5]=V2 [6]=V3 [7]=P
    4 -4.99512e-01  1.00000e+00 -4.51156e-20  0.00000e+00  0.00000e+00  1.00000e+00
    5 -4.98535e-01  1.00000e+00 -2.45343e-20  0.00000e+00  0.00000e+00  1.00000e+00
    6 -4.97559e-01  1.00000e+00  8.09861e-17  0.00000e+00  0.00000e+00  1.00000e+00
    7 -4.96582e-01  1.00000e+00  9.71244e-20  0.00000e+00  0.00000e+00  1.00000e+00
    8 -4.95605e-01  1.00000e+00 -1.89324e-21  0.00000e+00  0.00000e+00  1.00000e+00
    9 -4.94629e-01  1.00000e+00 -6.19671e-20  0.00000e+00  0.00000e+00  1.00000e+00
   10 -4.93652e-01  1.00000e+00 -2.05334e-20  0.00000e+00  0.00000e+00  1.00000e+00
   11 -4.92676e-01  1.00000e+00  2.16763e-20  0.00000e+00  0.00000e+00  1.00000e+00
   12 -4.91699e-01  1.00000e+00 -4.18932e-20  0.00000e+00  0.00000e+00  1.00000e+00
   13 -4.90723e-01  1.00000e+00 -1.32315e-20  0.00000e+00  0.00000e+00  1.00000e+00
   14 -4.89746e-01  1.00000e+00 -2.95100e-22  0.00000e+00  0.00000e+00  1.00000e+00
   15 -4.88770e-01  1.00000e+00  3.06726e-20  0.00000e+00  0.00000e+00  1.00000e+00
   16 -4.87793e-01  1.00000e+00 -3.91724e-20  0.00000e+00  0.00000e+00  1.00000e+00
   17 -4.86816e-01  1.00000e+00  4.20408e-20  0.00000e+00  0.00000e+00  1.00000e+00
   18 -4.85840e-01  1.00000e+00  8.09901e-17  0.00000e+00  0.00000e+00  1.00000e+00
   19 -4.84863e-01  1.00000e+00  2.95546e-20  0.00000e+00  0.00000e+00  1.00000e+00
   20 -4.83887e-01  1.00000e+00 -3.23713e-20  0.00000e+00  0.00000e+00  1.00000e+00
   21 -4.82910e-01  1.00000e+00  3.24733e-20  0.00000e+00  0.00000e+00  1.00000e+00
   22 -4.81934e-01  1.00000e+00 -1.86910e-20  0.00000e+00  0.00000e+00  1.00000e+00
   23 -4.80957e-01  1.00000e+00 -4.22690e-20  0.00000e+00  0.00000e+00  1.00000e+00
   24 -4.79980e-01  1.00000e+00 -3.47270e-20  0.00000e+00  0.00000e+00  1.00000e+00
   25 -4.79004e-01  1.00000e+00 -3.56442e-20  0.00000e+00  0.00000e+00  1.00000e+00
   26 -4.78027e-01  1.00000e+00  3.44737e-20  0.00000e+00  0.00000e+00  1.00000e+00
   27 -4.77051e-01  1.00000e+00 -5.41818e-21  0.00000e+00  0.00000e+00  1.00000e+00
   28 -4.76074e-01  1.00000e+00  1.96239e-20  0.00000e+00  0.00000e+00  1.00000e+00
   29 -4.75098e-01  1.00000e+00 -1.69092e-20  0.00000e+00  0.00000e+00  1.00000e+00
   30 -4.74121e-01  1.00000e+00 -4.11090e-22  0.00000e+00  0.00000e+00  1.00000e+00
   31 -4.73145e-01  1.00000e+00  2.28102e-20  0.00000e+00  0.00000e+00  1.00000e+00
   32 -4.72168e-01  1.00000e+00  8.41433e-20  0.00000e+00  0.00000e+00  1.00000e+00
   33 -4.71191e-01  1.00000e+00 -3.20502e-20  0.00000e+00  0.00000e+00  1.00000e+00
   34 -4.70215e-01  1.00000e+00 -4.93428e-20  0.00000e+00  0.00000e+00  1.00000e+00
   35 -4.69238e-01  1.00000e+00 -2.71065e-20  0.00000e+00  0.00000e+00  1.00000e+00
   36 -4.68262e-01  1.00000e+00 -6.63484e-22  0.00000e+00  0.00000e+00  1.00000e+00
   37 -4.67285e-01  1.00000e+00 -2.14235e-21  0.00000e+00  0.00000e+00  1.00000e+00
   38 -4.66309e-01  1.00000e+00  7.55045e-22  0.00000e+00  0.00000e+00  1.00000e+00
   39 -4.65332e-01  1.00000e+00 -3.35496e-20  0.00000e+00  0.00000e+00  1.00000e+00
   40 -4.64355e-01  1.00000e+00 -3.87404e-21  0.00000e+00  0.00000e+00  1.00000e+00
   41 -4.63379e-01  1.00000e+00  1.85106e-21  0.00000e+00  0.00000e+00  1.00000e+00
   42 -4.62402e-01  1.00000e+00  3.25191e-20  0.00000e+00  0.00000e+00  1.00000e+00
   43 -4.61426e-01  1.00000e+00  8.95847e-20  0.00000e+00  0.00000e+00  1.00000e+00
   44 -4.60449e-01  1.00000e+00  8.09587e-17  0.00000e+00  0.00000e+00  1.00000e+00
   45 -4.59473e-01  1.00000e+00 -7.16186e-20  0.00000e+00  0.00000e+00  1.00000e+00
   46 -4.58496e-01  1.00000e+00 -2.84300e-20  0.00000e+00  0.00000e+00  1.00000e+00
   47 -4.57520e-01  1.00000e+00 -1.48154e-21  0.00000e+00  0.00000e+00  1.00000e+00
   48 -4.56543e-01  1.00000e+00 -2.45100e-20  0.00000e+00  0.00000e+00  1.00000e+00
   49 -4.55566e-01  1.00000e+00 -1.65928e-20  0.00000e+00  0.00000e+00  1.00000e+00
   50 -4.54590e-01  1.00000e+00 -5.11716e-20  0.00000e+00  0.00000e+00  1.00000e+00
   51 -4.53613e-01  1.00000e+00  4.81301e-21  0.00000e+00  0.00000e+00  1.00000e+00
   52 -4.52637e-01  1.00000e+00  1.68825e-20  0.00000e+00  0.00000e+00  1.00000e+00
   53 -4.51660e-01  1.00000e+00  7.78362e-20  0.00000e+00  0.00000e+00  1.00000e+00
   54 -4.50684e-01  1.00000e+00  5.02950e-20  0.00000e+00  0.00000e+00  1.00000e+00
   55 -4.49707e-01  1.00000e+00  3.15584e-20  0.00000e+00  0.00000e+00  1.00000e+00
   56 -4.48730e-01  1.00000e+00 -5.34220e-20  0.00000e+00  0.00000e+00  1.00000e+00
   57 -4.47754e-01  1.00000e+00  2.54779e-20  0.00000e+00  0.00000e+00  1.00000e+00
   58 -4.46777e-01  1.00000e+00 -2.41283e-20  0.00000e+00  0.00000e+00  1.00000e+00
   59 -4.45801e-01  1.00000e+00  8.09310e-17  0.00000e+00  0.00000e+00  1.00000e+00
   60 -4.44824e-01  1.00000e+00 -3.23803e-20  0.00000e+00  0.00000e+00  1.00000e+00
   61 -4.43848e-01  1.00000e+00 -4.94451e-20  0.00000e+00  0.00000e+00  1.00000e+00
   62 -4.42871e-01  1.00000e+00 -1.10293e-20  0.00000e+00  0.00000e+00  1.00000e+00
   63 -4.41895e-01  1.00000e+00  3.90361e-21  0.00000e+00  0.00000e+00  1.00000e+00
   64 -4.40918e-01  1.00000e+00  6.40612e-20  0.00000e+00  0.00000e+00  1.00000e+00
   65 -4.39941e-01  1.00000e+00 -3.22557e-20  0.00000e+00  0.00000e+00  1.00000e+00
   66 -4.38965e-01  1.00000e+00 -2.27396e-20  0.00000e+00  0.00000e+00  1.00000e+00
   67 -4.37988e-01  1.00000e+00  1.15970e-20  0.00000e+00  0.00000e+00  1.00000e+00
   68 -4.37012e-01  1.00000e+00  1.15750e-19  0.00000e+00  0.00000e+00  1.00000e+00
   69 -4.36035e-01  1.00000e+00  8.09205e-17  0.00000e+00  0.00000e+00  1.00000e+00
   70 -4.35059e-01  1.00000e+00 -3.75220e-20  0.00000e+00  0.00000e+00  1.00000e+00
   71 -4.34082e-01  1.00000e+00 -3.45216e-20  0.00000e+00  0.00000e+00  1.00000e+00
   72 -4.33105e-01  1.00000e+00  1.02780e-20  0.00000e+00  0.00000e+00  1.00000e+00
   73 -4.32129e-01  1.00000e+00 -2.32266e-20  0.00000e+00  0.00000e+00  1.00000e+00
   74 -4.31152e-01  1.00000e+00  1.99224e-20  0.00000e+00  0.00000e+00  1.00000e+00
   75 -4.30176e-01  1.00000e+00 -2.17971e-20  0.00000e+00  0.00000e+00  1.00000e+00
   76 -4.29199e-01  1.00000e+00 -1.10460e-19  0.00000e+00  0.00000e+00  1.00000e+00
   77 -4.28223e-01  1.00000e+00 -4.82994e-20  0.00000e+00  0.00000e+00  1.00000e+00
   78 -4.27246e-01  1.00000e+00  1.62547e-19  0.00000e+00  0.00000e+00  1.00000e+00
   79 -4.26270e-01  1.00000e+00  1.19364e-19  0.00000e+00  0.00000e+00  1.00000e+00
   80 -4.25293e-01  1.00000e+00 -2.77583e-20  0.00000e+00  0.00000e+00  1.00000e+00
   81 -4.24316e-01  1.00000e+00  8.08870e-17  0.00000e+00  0.00000e+00  1.00000e+00
   82 -4.23340e-01  1.00000e+00 -8.10378e-21  0.00000e+00  0.00000e+00  1.00000e+00
   83 -4.22363e-01  1.00000e+00  5.43064e-21  0.00000e+00  0.00000e+00  1.00000e+00
   84 -4.21387e-01  1.00000e+00 -2.88736e-20  0.00000e+00  0.00000e+00  1.00000e+00
   85 -4.20410e-01  1.00000e+00 -1.23945e-20  0.00000e+00  0.00000e+00  1.00000e+00
   86 -4.19434e-01  1.00000e+00 -5.94482e-20  0.00000e+00  0.00000e+00  1.00000e+00
   87 -4.18457e-01  1.00000e+00 -5.24874e-20  0.00000e+00  0.00000e+00  1.00000e+00
   88 -4.17480e-01  1.00000e+00 -5.79802e-20  0.00000e+00  0.00000e+00  1.00000e+00
   89 -4.16504e-01  1.00000e+00  1.23572e-19  0.00000e+00  0.00000e+00  1.00000e+00
   90 -4.15527e-01  1.00000e+00  8.10495e-17  0.00000e+00  0.00000e+00  1.00000e+00
   91 -4.14551e-01  1.00000e+00 -9.41199e-21  0.00000e+00  0.00000e+00  1.00000e+00
   92 -4.13574e-01  1.00000e+00 -4.72290e-20  0.00000e+00  0.00000e+00  1.00000e+00
   93 -4.12598e-01  1.00000e+00  6.56063e-20  0.00000e+00  0.00000e+00  1.00000e+00
   94 -4.11621e-01  1.00000e+00 -3.25895e-20  0.00000e+00  0.00000e+00  1.00000e+00
   95 -4.10645e-01  1.00000e+00 -1.12324e-21  0.00000e+00  0.00000e+00  1.00000e+00
   96 -4.09668e-01  1.00000e+00 -4.42763e-20  0.00000e+00  0.00000e+00  1.00000e+00
   97 -4.08691e-01  1.00000e+00 -7.56208e-20  0.00000e+00  0.00000e+00  1.00000e+00
   98 -4.07715e-01  1.00000e+00 -4.59724e-20  0.00000e+00  0.00000e+00  1.00000e+00
   99 -4.06738e-01  1.00000e+00  1.41701e-20  0.00000e+00  0.00000e+00  1.00000e+00
  100 -4.05762e-01  1.00000e+00  9.39680e-20  0.00000e+00  0.00000e+00  1.00000e+00
  101 -4.04785e-01  1.00000e+00  8.09452e-17  0.00000e+00  0.00000e+00  1.00000e+00
  102 -4.03809e-01  1.00000e+00 -3.15978e-20  0.00000e+00  0.00000e+00  1.00000e+00
  103 -4.02832e-01  1.00000e+00  3.57909e-20  0.00000e+00  0.00000e+00  1.00000e+00
  104 -4.01855e-01  1.00000e+00  1.15326e-19  0.00000e+00  0.00000e+00  1.00000e+00
  105 -4.00879e-01  1.00000e+00 -4.95030e-20  0.00000e+00  0.00000e+00  1.00000e+00
  106 -3.99902e-01  1.00000e+00 -1.29831e-20  0.00000e+00  0.00000e+00  1.00000e+00
  107 -3.98926e-01  1.00000e+00 -6.48295e-20  0.00000e+00  0.00000e+00  1.00000e+00
  108 -3.97949e-01  1.00000e+00 -8.06164e-20  0.00000e+00  0.00000e+00  1.00000e+00
  109 -3.96973e-01  1.00000e+00 -8.21464e-21  0.00000e+00  0.00000e+00  1.00000e+00
  110 -3.95996e-01  1.00000e+00  9.30828e-20  0.00000e+00  0.00000e+00  1.00000e+00
  111 -3.95020e-01  1.00000e+00  8.09361e-17  0.00000e+00  0.00000e+00  1.00000e+00
  112 -3.94043e-01  1.00000e+00 -8.66695e-20  0.00000e+00  0.00000e+00  1.00000e+00
  113 -3.93066e-01  1.00000e+00 -8.09936e-20  0.00000e+00  0.00000e+00  1.00000e+00
  114 -3.92090e-01  1.00000e+00  1.39690e-19  0.00000e+00  0.00000e+00  1.00000e+00
  115 -3.91113e-01  1.00000e+00  1.71365e-19  0.00000e+00  0.00000e+00  1.00000e+00
  116 -3.90137e-01  1.00000e+00 -4.17961e-20  0.00000e+00  0.00000e+00  1.00000e+00
  117 -3.89160e-01  1.00000e+00 -5.62355e-20  0.00000e+00  0.00000e+00  1.00000e+00
  118 -3.88184e-01  1.00000e+00 -4.89785e-20  0.00000e+00  0.00000e+00  1.00000e+00
  119 -3.87207e-01  1.00000e+00  8.08937e-17  0.00000e+00  0.00000e+00  1.00000e+00
  120 -3.86230e-01  1.00000e+00  2.00425e-20  0.00000e+00  0.00000e+00  1.00000e+00
  121 -3.85254e-01  1.00000e+00  4.70555e-20  0.00000e+00  0.00000e+00  1.00000e+00
  122 -3.84277e-01  1.00000e+00 -9.74590e-20  0.00000e+00  0.00000e+00  1.00000e+00
  123 -3.83301e-01  1.00000e+00  8.08722e-17  0.00000e+00  0.00000e+00  1.00000e+00
  124 -3.82324e-01  1.00000e+00 -4.17545e-21  0.00000e+00  0.00000e+00  1.00000e+00
  125 -3.81348e-01  1.00000e+00  1.10962e-19  0.00000e+00  0.00000e+00  1.00000e+00
  126 -3.80371e-01  1.00000e+00  7.68180e-20  0.00000e+00  0.00000e+00  1.00000e+00
  127 -3.79395e-01  1.00000e+00 -8.56781e-21  0.00000e+00  0.00000e+00  1.00000e+00
  128 -3.78418e-01  1.00000e+00  8.09317e-17  0.00000e+00  0.00000e+00  1.00000e+00
  129 -3.77441e-01  1.00000e+00 -7.52938e-21  0.00000e+00  0.00000e+00  1.00000e+00
  130 -3.76465e-01  1.00000e+00 -9.54440e-20  0.00000e+00  0.00000e+00  1.00000e+00
  131 -3.75488e-01  1.00000e+00  4.92707e-20  0.00000e+00  0.00000e+00  1.00000e+00
  132 -3.74512e-01  1.00000e+00  7.95196e-23  0.00000e+00  0.00000e+00  1.00000e+00
  133 -3.73535e-01  1.00000e+00 -1.03413e-19  0.00000e+00  0.00000e+00  1.00000e+00
  134 -3.72559e-01  1.00000e+00 -4.00264e-20  0.00000e+00  0.00000e+00  1.00000e+00
  135 -3.71582e-01  1.00000e+00  3.83184e-20  0.00000e+00  0.00000e+00  1.00000e+00
  136 -3.70605e-01  1.00000e+00  7.76569e-20  0.00000e+00  0.00000e+00  1.00000e+00
  137 -3.69629e-01  1.00000e+00  4.14095e-20  0.00000e+00  0.00000e+00  1.00000e+00
  138 -3.68652e-01  1.00000e+00  6.54022e-21  0.00000e+00  0.00000e+00  1.00000e+00
  139 -3.67676e-01  1.00000e+00  3.51095e-20  0.00000e+00  0.00000e+00  1.00000e+00
  140 -3.66699e-01  1.00000e+00  3.01304e-20  0.00000e+00  0.00000e+00  1.00000e+00
  141 -3.65723e-01  1.00000e+00 -7.81408e-20  0.00000e+00  0.00000e+00  1.00000e+00
  142 -3.64746e-01  1.00000e+00  3.75204e-20  0.00000e+00  0.00000e+00  1.00000e+00
  143 -3.63770e-01  1.00000e+00 -6.28998e-20  0.00000e+00  0.00000e+00  1.00000e+00
  144 -3.62793e-01  1.00000e+00 -1.19959e-19  0.00000e+00  0.00000e+00  1.00000e+00
  145 -3.61816e-01  1.00000e+00  2.82112e-20  0.00000e+00  0.00000e+00  1.00000e+00
  146 -3.60840e-01  1.00000e+00  7.39066e-20  0.00000e+00  0.00000e+00  1.00000e+00
  147 -3.59863e-01  1.00000e+00  1.02127e-20  0.00000e+00  0.00000e+00  1.00000e+00
  148 -3.58887e-01  1.00000e+00 -5.26288e-20  0.00000e+00  0.00000e+00  1.00000e+00
  149 -3.57910e-01  1.00000e+00 -8.32601e-20  0.00000e+00  0.00000e+00  1.00000e+00
  150 -3.56934e-01  1.00000e+00  1.16755e-19  0.00000e+00  0.00000e+00  1.00000e+00
  151 -3.55957e-01  1.00000e+00  1.06317e-19  0.00000e+00  0.00000e+00  1.00000e+00
  152 -3.54980e-01  1.00000e+00 -5.72126e-20  0.00000e+00  0.00000e+00  1.00000e+00
  153 -3.54004e-01  1.00000e+00  1.33109e-20  0.00000e+00  0.00000e+00  1.00000e+00
  154 -3.53027e-01  1.00000e+00 -3.24183e-20  0.00000e+00  0.00000e+00  1.00000e+00
  155 -3.52051e-01  1.00000e+00 -9.10303e-20  0.00000e+00  0.00000e+00  1.00000e+00
  156 -3.51074e-01  1.00000e+00  2.98166e-20  0.00000e+00  0.00000e+00  1.00000e+00
  157 -3.50098e-01  1.00000e+00  8.10311e-17  0.00000e+00  0.00000e+00  1.00000e+00
  158 -3.49121e-01  1.00000e+00 -6.23019e-20  0.00000e+00  0.00000e+00  1.00000e+00
  159 -3.48145e-01  1.00000e+00 -9.54553e-20  0.00000e+00  0.00000e+00  1.00000e+00
  160 -3.47168e-01  1.00000e+00 -7.26291e-20  0.00000e+00  0.00000e+00  1.00000e+00
  161 -3.46191e-01  1.00000e+00  1.15820e-19  0.00000e+00  0.00000e+00  1.00000e+00
  162 -3.45215e-01  1.00000e+00  1.37062e-19  0.00000e+00  0.00000e+00  1.00000e+00
  163 -3.44238e-01  1.00000e+00 -3.39998e-20  0.00000e+00  0.00000e+00  1.00000e+00
  164 -3.43262e-01  1.00000e+00 -6.11686e-20  0.00000e+00  0.00000e+00  1.00000e+00
  165 -3.42285e-01  1.00000e+00 -2.82897e-20  0.00000e+00  0.00000e+00  1.00000e+00
  166 -3.41309e-01  1.00000e+00 -3.57464e-20  0.00000e+00  0.00000e+00  1.00000e+00
  167 -3.40332e-01  1.00000e+00  5.09443e-20  0.00000e+00  0.00000e+00  1.00000e+00
  168 -3.39355e-01  1.00000e+00  8.09561e-17  0.00000e+00  0.00000e+00  1.00000e+00
  169 -3.38379e-01  1.00000e+00 -9.09544e-20  0.00000e+00  0.00000e+00  1.00000e+00
  170 -3.37402e-01  1.00000e+00 -4.25369e-20  0.00000e+00  0.00000e+00  1.00000e+00
  171 -3.36426e-01  1.00000e+00  1.15137e-20  0.00000e+00  0.00000e+00  1.00000e+00
  172 -3.35449e-01  1.00000e+00  8.17914e-20  0.00000e+00  0.00000e+00  1.00000e+00
  173 -3.34473e-01  1.00000e+00  7.66056e-20  0.00000e+00  0.00000e+00  1.00000e+00
  174 -3.33496e-01  1.00000e+00  8.09324e-17  0.00000e+00  0.00000e+00  1.00000e+00
  175 -3.32520e-01  1.00000e+00 -5.42437e-20  0.00000e+00  0.00000e+00  1.00000e+00
  176 -3.31543e-01  1.00000e+00  3.11529e-20  0.00000e+00  0.00000e+00  1.00000e+00
  177 -3.30566e-01  1.00000e+00  3.66372e-21  0.00000e+00  0.00000e+00  1.00000e+00
  178 -3.29590e-01  1.00000e+00  8.09621e-17  0.00000e+00  0.00000e+00  1.00000e+00
  179 -3.28613e-01  1.00000e+00 -2.89193e-20  0.00000e+00  0.00000e+00  1.00000e+00
  180 -3.27637e-01  1.00000e+00 -1.20768e-19  0.00000e+00  0.00000e+00  1.00000e+00
  181 -3.26660e-01  1.00000e+00 -3.41873e-20  0.00000e+00  0.00000e+00  1.00000e+00
  182 -3.25684e-01  1.00000e+00  6.59664e-20  0.00000e+00  0.00000e+00  1.00000e+00
  183 -3.24707e-01  1.00000e+00  7.43603e-20  0.00000e+00  0.00000e+00  1.00000e+00
  184 -3.23730e-01  1.00000e+00 -2.77270e-20  0.00000e+00  0.00000e+00  1.00000e+00
  185 -3.22754e-01  1.00000e+00 -1.05317e-19  0.00000e+00  0.00000e+00  1.00000e+00
  186 -3.21777e-01  1.00000e+00  2.80410e-20  0.00000e+00  0.00000e+00  1.00000e+00
  187 -3.20801e-01  1.00000e+00  1.18026e-19  0.00000e+00  0.00000e+00  1.00000e+00
  188 -3.19824e-01  1.00000e+00 -7.82297e-22  0.00000e+00  0.00000e+00  1.00000e+00
  189 -3.18848e-01  1.00000e+00 -4.11872e-20  0.00000e+00  0.00000e+00  1.00000e+00
  190 -3.17871e-01  1.00000e+00 -2.80925e-20  0.00000e+00  0.00000e+00  1.00000e+00
  191 -3.16895e-01  1.00000e+00 -2.82575e-20  0.00000e+00  0.00000e+00  1.00000e+00
  192 -3.15918e-01  1.00000e+00 -1.22839e-21  0.00000e+00  0.00000e+00  1.00000e+00
  193 -3.14941e-01  1.00000e+00  7.77128e-20  0.00000e+00  0.00000e+00  1.00000e+00
  194 -3.13965e-01  1.00000e+00  2.29387e-20  0.00000e+00  0.00000e+00  1.00000e+00
  195 -3.12988e-01  1.00000e+00 -1.30308e-19  0.00000e+00  0.00000e+00  1.00000e+00
  196 -3.12012e-01  1.00000e+00 -1.31790e-19  0.00000e+00  0.00000e+00  1.00000e+00
  197 -3.11035e-01  1.00000e+00  1.18614e-19  0.00000e+00  0.00000e+00  1.00000e+00
  198 -3.10059e-01  1.00000e+00  1.64708e-19  0.00000e+00  0.00000e+00  1.00000e+00
  199 -3.09082e-01  1.00000e+00  8.08924e-17  0.00000e+00  0.00000e+00  1.00000e+00
  200 -3.08105e-01  1.00000e+00 -7.02983e-20  0.00000e+00  0.00000e+00  1.00000e+00
  201 -3.07129e-01  1.00000e+00 -2.81857e-20  0.00000e+00  0.00000e+00  1.00000e+00
  202 -3.06152e-01  1.00000e+00  7.67992e-21  0.00000e+00  0.00000e+00  1.00000e+00
  203 -3.05176e-01  1.00000e+00  8.09720e-17  0.00000e+00  0.00000e+00  1.00000e+00
  204 -3.04199e-01  1.00000e+00  3.73146e-20  0.00000e+00  0.00000e+00  1.00000e+00
  205 -3.03223e-01  1.00000e+00 -7.58813e-20  0.00000e+00  0.00000e+00  1.00000e+00
  206 -3.02246e-01  1.00000e+00 -1.49916e-19  0.00000e+00  0.00000e+00  1.00000e+00
  207 -3.01270e-01  1.00000e+00 -4.58491e-20  0.00000e+00  0.00000e+00  1.00000e+00
  208 -3.00293e-01  1.00000e+00  1.94109e-19  0.00000e+00  0.00000e+00  1.00000e+00
  209 -2.99316e-01  1.00000e+00  9.40517e-20  0.00000e+00  0.00000e+00  1.00000e+00
  210 -2.98340e-01  1.00000e+00 -1.09010e-19  0.00000e+00  0.00000e+00  1.00000e+00
  211 -2.97363e-01  1.00000e+00 -6.18841e-20  0.00000e+00  0.00000e+00  1.00000e+00
  212 -2.96387e-01  1.00000e+00  1.31926e-19  0.00000e+00  0.00000e+00  1.00000e+00
  213 -2.95410e-01  1.00000e+00  4.96846e-21  0.00000e+00  0.00000e+00  1.00000e+00
  214 -2.94434e-01  1.00000e+00  8.09633e-17  0.00000e+00  0.00000e+00  1.00000e+00
  215 -2.93457e-01  1.00000e+00  8.71497e-21  0.00000e+00  0.00000e+00  1.00000e+00
  216 -2.92480e-01  1.00000e+00 -1.27946e-19  0.00000e+00  0.00000e+00  1.00000e+00
  217 -2.91504e-01  1.00000e+00 -8.03182e-20  0.00000e+00  0.00000e+00  1.00000e+00
  218 -2.90527e-01  1.00000e+00  3.73915e-20  0.00000e+00  0.00000e+00  1.00000e+00
  219 -2.89551e-01  1.00000e+00  1.19920e-19  0.00000e+00  0.00000e+00  1.00000e+00
  220 -2.88574e-01  1.00000e+00 -4.84752e-20  0.00000e+00  0.00000e+00  1.00000e+00
  221 -2.87598e-01  1.00000e+00  8.08094e-17  0.00000e+00  0.00000e+00  1.00000e+00
  222 -2.86621e-01  1.00000e+00  6.47627e-16  0.00000e+00  0.00000e+00  1.00000e+00
  223 -2.85645e-01  1.00000e+00  7.97386e-15  0.00000e+00  0.00000e+00  1.00000e+00
  224 -2.84668e-01  1.00000e+00  8.49986e-14  0.00000e+00  0.00000e+00  1.00000e+00
  225 -2.83691e-01  1.00000e+00  9.02281e-13  0.00000e+00  0.00000e+00  1.00000e+00
  226 -2.82715e-01  1.00000e+00  9.59254e-12  0.00000e+00  0.00000e+00  1.00000e+00
  227 -2.81738e-01  1.00000e+00  1.01910e-10  0.00000e+00  0.00000e+00  1.00000e+00
  228 -2.80762e-01  1.00000e+00  1.08241e-09  0.00000e+00  0.00000e+00  1.00000e+00
  229 -2.79785e-01  1.00000e+00  1.15004e-08  0.00000e+00  0.00000e+00  1.00000e+00
  230 -2.78809e-01  1.00000e+00  1.22064e-07  0.00000e+00  0.00000e+00  1.00000e+00
  231 -2.77832e-01  9.99999e-01  1.29409e-06  0.00000e+00  0.00000e+00  9.99998e-01
  232 -2.76855e-01  9.99988e-01  1.36239e-05  0.00000e+00  0.00000e+00  9.99984e-01
  233 -2.75879e-01  9.99896e-01  1.23196e-04  0.00000e+00  0.00000e+00  9.99854e-01
  234 -2.74902e-01  9.99502e-01  5.89389e-04  0.00000e+00  0.00000e+00  9.99303e-01
  235 -2.73926e-01  9.98602e-01  1.65549e-03  0.00000e+00  0.00000e+00  9.98043e-01
  236 -2.72949e-01  9.97138e-01  3.39060e-03  0.00000e+00  0.00000e+00  9.95996e-01
  237 -2.71973e-01  9.95194e-01  5.69835e-03  0.00000e+00  0.00000e+00  9.93278e-01
  238 -2.70996e-01  9.92909e-01  8.41482e-03  0.00000e+00  0.00000e+00  9.90087e-01
  239 -2.70020e-01  9.90410e-01  1.13913e-02  0.00000e+00  0.00000e+00  9.86600e-01
  240 -2.69043e-01  9.87785e-01  1.45249e-02  0.00000e+00  0.00000e+00  9.82941e-01
  241 -2.68066e-01  9.85086e-01  1.77542e-02  0.00000e+00  0.00000e+00  9.79183e-01
  242 -2.67090e-01  9.82341e-01  2.10453e-02  0.00000e+00  0.00000e+00  9.75365e-01
  243 -2.66113e-01  9.79566e-01  2.43791e-02  0.00000e+00  0.00000e+00  9.71510e-01
  244 -2.65137e-01  9.76771e-01  2.77447e-02  0.00000e+00  0.00000e+00  9.67632e-01
  245 -2.64160e-01  9.73963e-01  3.11347e-02  0.00000e+00  0.00000e+00  9.63739e-01
  246 -2.63184e-01  9.71145e-01  3.45441e-02  0.00000e+00  0.00000e+00  9.59838e-01
  247 -2.62207e-01  9.68320e-01  3.79693e-02  0.00000e+00  0.00000e+00  9.55932e-01
  248 -2.61230e-01  9.65492e-01  4.14073e-02  0.00000e+00  0.00000e+00  9.52025e-01
  249 -2.60254e-01  9.62661e-01  4.48562e-02  0.00000e+00  0.00000e+00  9.48119e-01
  250 -2.59277e-01  9.59830e-01  4.83142e-02  0.00000e+00  0.00000e+00  9.44217e-01
  251 -2.58301e-01  9.56998e-01  5.17800e-02  0.00000e+00  0.00000e+00  9.40320e-01
  252 -2.57324e-01  9.54168e-01  5.52525e-02  0.00000e+00  0.00000e+00  9.36430e-01
  253 -2.56348e-01  9.51340e-01  5.87309e-02  0.00000e+00  0.00000e+00  9.32546e-01
  254 -2.55371e-01  9.48515e-01  6.22145e-02  0.00000e+00  0.00000e+00  9.28671e-01
  255 -2.54395e-01  9.45692e-01  6.57026e-02  0.00000e+00  0.00000e+00  9.24804e-01
  256 -2.53418e-01  9.42873e-01  6.91947e-02  0.00000e+00  0.00000e+00  9.20947e-01
  257 -2.52441e-01  9.40058e-01  7.26905e-02  0.00000e+00  0.00000e+00  9.17099e-01
  258 -2.51465e-01  9.37246e-01  7.61895e-02  0.00000e+00  0.00000e+00  9.13262e-01
  259 -2.50488e-01  9.34440e-01  7.96915e-02  0.00000e+00  0.00000e+00  9.09436e-01
  260 -2.49512e-01  9.31637e-01  8.31962e-02  0.00000e+00  0.00000e+00  9.05620e-01
  261 -2.48535e-01  9.28840e-01  8.67032e-02  0.00000e+00  0.00000e+00  9.01815e-01
  262 -2.47559e-01  9.26048e-01  9.02125e-02  0.00000e+00  0.00000e+00  8.98022e-01
  263 -2.46582e-01  9.23260e-01  9.37238e-02  0.00000e+00  0.00000e+00  8.94240e-01
  264 -2.45605e-01  9.20478e-01  9.72370e-02  0.00000e+00  0.00000e+00  8.90470e-01
  265 -2.44629e-01  9.17701e-01  1.00752e-01  0.00000e+00  0.00000e+00  8.86711e-01
  266 -2.43652e-01  9.14930e-01  1.04268e-01  0.00000e+00  0.00000e+00  8.82965e-01
  267 -2.42676e-01  9.12164e-01  1.07786e-01  0.00000e+00  0.00000e+00  8.79230e-01
  268 -2.41699e-01  9.09404e-01  1.11306e-01  0.00000e+00  0.00000e+00  8.75508e-01
  269 -2.40723e-01  9.06650e-01  1.14826e-01  0.00000e+00  0.00000e+00  8.71798e-01
  270 -2.39746e-01  9.03901e-01  1.18348e-01  0.00000e+00  0.00000e+00  8.68100e-01
  271 -2.38770e-01  9.01158e-01  1.21871e-01  0.00000e+00  0.00000e+00  8.64414e-01
  272 -2.37793e-01  8.98421e-01  1.25395e-01  0.00000e+00  0.00000e+00  8.60741e-01
  273 -2.36816e-01  8.95690e-01  1.28920e-01  0.00000e+00  0.00000e+00  8.57080e-01
  274 -2.35840e-01  8.92965e-01  1.32446e-01  0.00000e+00  0.00000e+00  8.53431e-01
  275 -2.34863e-01  8.90246e-01  1.35972e-01  0.00000e+00  0.00000e+00  8.49795e-01
  276 -2.33887e-01  8.87533e-01  1.39500e-01  0.00000e+00  0.00000e+00  8.46172e-01
  277 -2.32910e-01  8.84826e-01  1.43028e-01  0.00000e+00  0.00000e+00  8.42560e-01
  278 -2.31934e-01  8.82125e-01  1.46557e-01  0.00000e+00  0.00000e+00  8.38962e-01
  279 -2.30957e-01  8.79430e-01  1.50086e-01  0.00000e+00  0.00000e+00  8.35376e-01
  280 -2.29980e-01  8.76741e-01  1.53616e-01  0.00000e+00  0.00000e+00  8.31802e-01
  281 -2.29004e-01  8.74058e-01  1.57147e-01  0.00000e+00  0.00000e+00  8.28241e-01
  282 -2.28027e-01  8.71382e-01  1.60678e-01  0.00000e+00  0.00000e+00  8.24693e-01
  283 -2.27051e-01  8.68712e-01  1.64210e-01  0.00000e+00  0.00000e+00  8.21157e-01
  284 -2.26074e-01  8.66047e-01  1.67743e-01  0.00000e+00  0.00000e+00  8.17633e-01
  285 -2.25098e-01  8.63389e-01  1.71275e-01  0.00000e+00  0.00000e+00  8.14122e-01
  286 -2.24121e-01  8.60738e-01  1.74809e-01  0.00000e+00  0.00000e+00  8.10624e-01
  287 -2.23145e-01  8.58092e-01  1.78342e-01  0.00000e+00  0.00000e+00  8.07138e-01
  288 -2.22168e-01  8.55453e-01  1.81876e-01  0.00000e+00  0.00000e+00  8.03664e-01
  289 -2.21191e-01  8.52819e-01  1.85411e-01  0.00000e+00  0.00000e+00  8.00203e-01
  290 -2.20215e-01  8.50193e-01  1.88946e-01  0.00000e+00  0.00000e+00  7.96754e-01
  291 -2.19238e-01  8.47572e-01  1.92481e-01  0.00000e+00  0.00000e+00  7.93318e-01
  292 -2.18262e-01  8.44957e-01  1.96016e-01  0.00000e+00  0.00000e+00  7.89894e-01
  293 -2.17285e-01  8.42349e-01  1.99552e-01  0.00000e+00  0.00000e+00  7.86483e-01
  294 -2.16309e-01  8.39747e-01  2.03088e-01  0.00000e+00  0.00000e+00  7.83083e-01
  295 -2.15332e-01  8.37151e-01  2.06624e-01  0.00000e+00  0.00000e+00  7.79697e-01
  296 -2.14355e-01  8.34562e-01  2.10161e-01  0.00000e+00  0.00000e+00  7.76322e-01
  297 -2.13379e-01  8.31979e-01  2.13698e-01  0.00000e+00  0.00000e+00  7.72960e-01
  298 -2.12402e-01  8.29401e-01  2.17235e-01  0.00000e+00  0.00000e+00  7.69610e-01
  299 -2.11426e-01  8.26831e-01  2.20772e-01  0.00000e+00  0.00000e+00  7.66273e-01
  300 -2.10449e-01  8.24266e-01  2.24309e-01  0.00000e+00  0.00000e+00  7.62947e-01
  301 -2.09473e-01  8.21708e-01  2.27847e-01  0.00000e+00  0.00000e+00  7.59634e-01
  302 -2.08496e-01  8.19156e-01  2.31385e-01  0.00000e+00  0.00000e+00  7.56333e-01
  303 -2.07520e-01  8.16610e-01  2.34923e-01  0.00000e+00  0.00000e+00  7.53044e-01
  304 -2.06543e-01  8.14070e-01  2.38461e-01  0.00000e+00  0.00000e+00  7.49767e-01
  305 -2.05566e-01  8.11537e-01  2.41999e-01  0.00000e+00  0.00000e+00  7.46503e-01
  306 -2.04590e-01  8.09009e-01  2.45537e-01  0.00000e+00  0.00000e+00  7.43250e-01
  307 -2.03613e-01  8.06488e-01  2.49076e-01  0.00000e+00  0.00000e+00  7.40010e-01
  308 -2.02637e-01  8.03973e-01  2.52615e-01  0.00000e+00  0.00000e+00  7.36781e-01
  309 -2.01660e-01  8.01465e-01  2.56153e-01  0.00000e+00  0.00000e+00  7.33565e-01
  310 -2.00684e-01  7.98962e-01  2.59692e-01  0.00000e+00  0.00000e+00  7.30360e-01
  311 -1.99707e-01  7.96466e-01  2.63231e-01  0.00000e+00  0.00000e+00  7.27167e-01
  312 -1.98730e-01  7.93976e-01  2.66770e-01  0.00000e+00  0.00000e+00  7.23987e-01
  313 -1.97754e-01  7.91492e-01  2.70309e-01  0.00000e+00  0.00000e+00  7.20818e-01
  314 -1.96777e-01  7.89015e-01  2.73848e-01  0.00000e+00  0.00000e+00  7.17661e-01
  315 -1.95801e-01  7.86543e-01  2.77388e-01  0.00000e+00  0.00000e+00  7.14515e-01
  316 -1.94824e-01  7.84078e-01  2.80927e-01  0.00000e+00  0.00000e+00  7.11382e-01
  317 -1.93848e-01  7.81619e-01  2.84466e-01  0.00000e+00  0.00000e+00  7.08260e-01
  318 -1.92871e-01  7.79165e-01  2.88006e-01  0.00000e+00  0.00000e+00  7.05150e-01
  319 -1.91895e-01  7.76719e-01  2.91545e-01  0.00000e+00  0.00000e+00  7.02052e-01
  320 -1.90918e-01  7.74278e-01  2.95084e-01  0.00000e+00  0.00000e+00  6.98965e-01
  321 -1.89941e-01  7.71843e-01  2.98624e-01  0.00000e+00  0.00000e+00  6.95890e-01
  322 -1.88965e-01  7.69415e-01  3.02163e-01  0.00000e+00  0.00000e+00  6.92827e-01
  323 -1.87988e-01  7.66992e-01  3.05703e-01  0.00000e+00  0.00000e+00  6.89775e-01
  324 -1.87012e-01  7.64576e-01  3.09242e-01  0.00000e+00  0.00000e+00  6.86735e-01
  325 -1.86035e-01  7.62166e-01  3.12781e-01  0.00000e+00  0.00000e+00  6.83706e-01
  326 -1.85059e-01  7.59762e-01  3.16321e-01  0.00000e+00  0.00000e+00  6.80688e-01
  327 -1.84082e-01  7.57363e-01  3.19860e-01  0.00000e+00  0.00000e+00  6.77682e-01
  328 -1.83105e-01  7.54972e-01  3.23400e-01  0.00000e+00  0.00000e+00  6.74688e-01
  329 -1.82129e-01  7.52586e-01  3.26939e-01  0.00000e+00  0.00000e+00  6.71705e-01
  330 -1.81152e-01  7.50206e-01  3.30478e-01  0.00000e+00  0.00000e+00  6.68733e-01
  331 -1.80176e-01  7.47832e-01  3.34018e-01  0.00000e+00  0.00000e+00  6.65772e-01
  332 -1.79199e-01  7.45464e-01  3.37557e-01  0.00000e+00  0.00000e+00  6.62823e-01
  333 -1.78223e-01  7.43103e-01  3.41096e-01  0.00000e+00  0.00000e+00  6.59885e-01
  334 -1.77246e-01  7.40747e-01  3.44635e-01  0.00000e+00  0.00000e+00  6.56958e-01
  335 -1.76270e-01  7.38397e-01  3.48174e-01  0.00000e+00  0.00000e+00  6.54043e-01
  336 -1.75293e-01  7.36054e-01  3.51713e-01  0.00000e+00  0.00000e+00  6.51138e-01
  337 -1.74316e-01  7.33716e-01  3.55252e-01  0.00000e+00  0.00000e+00  6.48245e-01
  338 -1.73340e-01  7.31384e-01  3.58791e-01  0.00000e+00  0.00000e+00  6.45363e-01
  339 -1.72363e-01  7.29059e-01  3.62329e-01  0.00000e+00  0.00000e+00  6.42492e-01
  340 -1.71387e-01  7.26739e-01  3.65868e-01  0.00000e+00  0.00000e+00  6.39632e-01
  341 -1.70410e-01  7.24425e-01  3.69406e-01  0.00000e+00  0.00000e+00  6.36783e-01
  342 -1.69434e-01  7.22118e-01  3.72945e-01  0.00000e+00  0.00000e+00  6.33944e-01
  343 -1.68457e-01  7.19816e-01  3.76483e-01  0.00000e+00  0.00000e+00  6.31117e-01
  344 -1.67480e-01  7.17520e-01  3.80021e-01  0.00000e+00  0.00000e+00  6.28301e-01
  345 -1.66504e-01  7.15230e-01  3.83559e-01  0.00000e+00  0.00000e+00  6.25496e-01
  346 -1.65527e-01  7.12946e-01  3.87097e-01  0.00000e+00  0.00000e+00  6.22701e-01
  347 -1.64551e-01  7.10668e-01  3.90635e-01  0.00000e+00  0.00000e+00  6.19917e-01
  348 -1.63574e-01  7.08396e-01  3.94173e-01  0.00000e+00  0.00000e+00  6.17144e-01
  349 -1.62598e-01  7.06130e-01  3.97711e-01  0.00000e+00  0.00000e+00  6.14382e-01
  350 -1.61621e-01  7.03869e-01  4.01248e-01  0.00000e+00  0.00000e+00  6.11630e-01
  351 -1.60645e-01  7.01615e-01  4.04785e-01  0.00000e+00  0.00000e+00  6.08890e-01
  352 -1.59668e-01  6.99366e-01  4.08322e-01  0.00000e+00  0.00000e+00  6.06159e-01
  353 -1.58691e-01  6.97124e-01  4.11859e-01  0.00000e+00  0.00000e+00  6.03440e-01
  354 -1.57715e-01  6.94887e-01  4.15396e-01  0.00000e+00  0.00000e+00  6.00731e-01
  355 -1.56738e-01  6.92656e-01  4.18933e-01  0.00000e+00  0.00000e+00  5.98032e-01
  356 -1.55762e-01  6.90431e-01  4.22469e-01  0.00000e+00  0.00000e+00  5.95344e-01
  357 -1.54785e-01  6.88212e-01  4.26005e-01  0.00000e+00  0.00000e+00  5.92667e-01
  358 -1.53809e-01  6.85998e-01  4.29541e-01  0.00000e+00  0.00000e+00  5.90000e-01
  359 -1.52832e-01  6.83790e-01  4.33077e-01  0.00000e+00  0.00000e+00  5.87344e-01
  360 -1.51855e-01  6.81589e-01  4.36613e-01  0.00000e+00  0.00000e+00  5.84698e-01
  361 -1.50879e-01  6.79393e-01  4.40148e-01  0.00000e+00  0.00000e+00  5.82062e-01
  362 -1.49902e-01  6.77202e-01  4.43684e-01  0.00000e+00  0.00000e+00  5.79436e-01
  363 -1.48926e-01  6.75018e-01  4.47219e-01  0.00000e+00  0.00000e+00  5.76821e-01
  364 -1.47949e-01  6.72839e-01  4.50754e-01  0.00000e+00  0.00000e+00  5.74217e-01
  365 -1.46973e-01  6.70666e-01  4.54288e-01  0.00000e+00  0.00000e+00  5.71622e-01
  366 -1.45996e-01  6.68499e-01  4.57823e-01  0.00000e+00  0.00000e+00  5.69038e-01
  367 -1.45020e-01  6.66338e-01  4.61357e-01  0.00000e+00  0.00000e+00  5.66464e-01
  368 -1.44043e-01  6.64182e-01  4.64891e-01  0.00000e+00  0.00000e+00  5.63900e-01
  369 -1.43066e-01  6.62032e-01  4.68424e-01  0.00000e+00  0.00000e+00  5.61346e-01
  370 -1.42090e-01  6.59888e-01  4.71958e-01  0.00000e+00  0.00000e+00  5.58802e-01
  371 -1.41113e-01  6.57750e-01  4.75491e-01  0.00000e+00  0.00000e+00  5.56269e-01
  372 -1.40137e-01  6.55617e-01  4.79023e-01  0.00000e+00  0.00000e+00  5.53745e-01
  373 -1.39160e-01  6.53490e-01  4.82556e-01  0.00000e+00  0.00000e+00  5.51232e-01
  374 -1.38184e-01  6.51368e-01  4.86088e-01  0.00000e+00  0.00000e+00  5.48728e-01
  375 -1.37207e-01  6.49253e-01  4.89620e-01  0.00000e+00  0.00000e+00  5.46235e-01
  376 -1.36230e-01  6.47143e-01  4.93152e-01  0.00000e+00  0.00000e+00  5.43751e-01
  377 -1.35254e-01  6.45039e-01  4.96683e-01  0.00000e+00  0.00000e+00  5.41277e-01
  378 -1.34277e-01  6.42940e-01  5.00214e-01  0.00000e+00  0.00000e+00  5.38814e-01
  379 -1.33301e-01  6.40847e-01  5.03745e-01  0.00000e+00  0.00000e+00  5.36360e-01
  380 -1.32324e-01  6.38760e-01  5.07275e-01  0.00000e+00  0.00000e+00  5.33915e-01
  381 -1.31348e-01  6.36678e-01  5.10805e-01  0.00000e+00  0.00000e+00  5.31481e-01
  382 -1.30371e-01  6.34602e-01  5.14334e-01  0.00000e+00  0.00000e+00  5.29056e-01
  383 -1.29395e-01  6.32532e-01  5.17864e-01  0.00000e+00  0.00000e+00  5.26642e-01
  384 -1.28418e-01  6.30467e-01  5.21392e-01  0.00000e+00  0.00000e+00  5.24236e-01
  385 -1.27441e-01  6.28408e-01  5.24921e-01  0.00000e+00  0.00000e+00  5.21841e-01
  386 -1.26465e-01  6.26354e-01  5.28449e-01  0.00000e+00  0.00000e+00  5.19455e-01
  387 -1.25488e-01  6.24306e-01  5.31977e-01  0.00000e+00  0.00000e+00  5.17079e-01
  388 -1.24512e-01  6.22264e-01  5.35504e-01  0.00000e+00  0.00000e+00  5.14712e-01
  389 -1.23535e-01  6.20228e-01  5.39031e-01  0.00000e+00  0.00000e+00  5.12356e-01
  390 -1.22559e-01  6.18196e-01  5.42557e-01  0.00000e+00  0.00000e+00  5.10008e-01
  391 -1.21582e-01  6.16171e-01  5.46083e-01  0.00000e+00  0.00000e+00  5.07670e-01
  392 -1.20605e-01  6.14151e-01  5.49608e-01  0.00000e+00  0.00000e+00  5.05342e-01
  393 -1.19629e-01  6.12137e-01  5.53133e-01  0.00000e+00  0.00000e+00  5.03023e-01
  394 -1.18652e-01  6.10128e-01  5.56658e-01  0.00000e+00  0.00000e+00  5.00713e-01
  395 -1.17676e-01  6.08125e-01  5.60181e-01  0.00000e+00  0.00000e+00  4.98413e-01
  396 -1.16699e-01  6.06127e-01  5.63705e-01  0.00000e+00  0.00000e+00  4.96123e-01
  397 -1.15723e-01  6.04135e-01  5.67228e-01  0.00000e+00  0.00000e+00  4.93841e-01
  398 -1.14746e-01  6.02148e-01  5.70750e-01  0.00000e+00  0.00000e+00  4.91570e-01
  399 -1.13770e-01  6.00167e-01  5.74272e-01  0.00000e+00  0.00000e+00  4.89307e-01
  400 -1.12793e-01  5.98192e-01  5.77793e-01  0.00000e+00  0.00000e+00  4.87054e-01
  401 -1.11816e-01  5.96222e-01  5.81313e-01  0.00000e+00  0.00000e+00  4.84810e-01
  402 -1.10840e-01  5.94258e-01  5.84833e-01  0.00000e+00  0.00000e+00  4.82575e-01
  403 -1.09863e-01  5.92299e-01  5.88353e-01  0.00000e+00  0.00000e+00  4.80349e-01
  404 -1.08887e-01  5.90346e-01  5.91871e-01  0.00000e+00  0.00000e+00  4.78133e-01
  405 -1.07910e-01  5.88398e-01  5.95389e-01  0.00000e+00  0.00000e+00  4.75926e-01
  406 -1.06934e-01  5.86456e-01  5.98906e-01  0.00000e+00  0.00000e+00  4.73728e-01
  407 -1.05957e-01  5.84519e-01  6.02423e-01  0.00000e+00  0.00000e+00  4.71539e-01
  408 -1.04980e-01  5.82588e-01  6.05939e-01  0.00000e+00  0.00000e+00  4.69360e-01
  409 -1.04004e-01  5.80662e-01  6.09454e-01  0.00000e+00  0.00000e+00  4.67189e-01
  410 -1.03027e-01  5.78742e-01  6.12968e-01  0.00000e+00  0.00000e+00  4.65028e-01
  411 -1.02051e-01  5.76827e-01  6.16482e-01  0.00000e+00  0.00000e+00  4.62875e-01
  412 -1.01074e-01  5.74918e-01  6.19995e-01  0.00000e+00  0.00000e+00  4.60732e-01
  413 -1.00098e-01  5.73014e-01  6.23507e-01  0.00000e+00  0.00000e+00  4.58597e-01
  414 -9.91211e-02  5.71116e-01  6.27018e-01  0.00000e+00  0.00000e+00  4.56472e-01
  415 -9.81445e-02  5.69224e-01  6.30528e-01  0.00000e+00  0.00000e+00  4.54356e-01
  416 -9.71680e-02  5.67336e-01  6.34037e-01  0.00000e+00  0.00000e+00  4.52248e-01
  417 -9.61914e-02  5.65455e-01  6.37546e-01  0.00000e+00  0.00000e+00  4.50150e-01
  418 -9.52148e-02  5.63579e-01  6.41053e-01  0.00000e+00  0.00000e+00  4.48060e-01
  419 -9.42383e-02  5.61708e-01  6.44559e-01  0.00000e+00  0.00000e+00  4.45979e-01
  420 -9.32617e-02  5.59843e-01  6.48065e-01  0.00000e+00  0.00000e+00  4.43907e-01
  421 -9.22852e-02  5.57983e-01  6.51569e-01  0.00000e+00  0.00000e+00  4.41845e-01
  422 -9.13086e-02  5.56129e-01  6.55073e-01  0.00000e+00  0.00000e+00  4.39790e-01
  423 -9.03320e-02  5.54280e-01  6.58575e-01  0.00000e+00  0.00000e+00  4.37745e-01
  424 -8.93555e-02  5.52437e-01  6.62076e-01  0.00000e+00  0.00000e+00  4.35709e-01
  425 -8.83789e-02  5.50600e-01  6.65576e-01  0.00000e+00  0.00000e+00  4.33681e-01
  426 -8.74023e-02  5.48768e-01  6.69075e-01  0.00000e+00  0.00000e+00  4.31662e-01
  427 -8.64258e-02  5.46941e-01  6.72573e-01  0.00000e+00  0.00000e+00  4.29652e-01
  428 -8.54492e-02  5.45120e-01  6.76069e-01  0.00000e+00  0.00000e+00  4.27650e-01
  429 -8.44727e-02  5.43304e-01  6.79564e-01  0.00000e+00  0.00000e+00  4.25657e-01
  430 -8.34961e-02  5.41494e-01  6.83058e-01  0.00000e+00  0.00000e+00  4.23673e-01
  431 -8.25195e-02  5.39690e-01  6.86551e-01  0.00000e+00  0.00000e+00  4.21698e-01
  432 -8.15430e-02  5.37890e-01  6.90042e-01  0.00000e+00  0.00000e+00  4.19731e-01
  433 -8.05664e-02  5.36097e-01  6.93532e-01  0.00000e+00  0.00000e+00  4.17773e-01
  434 -7.95898e-02  5.34309e-01  6.97021e-01  0.00000e+00  0.00000e+00  4.15823e-01
  435 -7.86133e-02  5.32526e-01  7.00508e-01  0.00000e+00  0.00000e+00  4.13883e-01
  436 -7.76367e-02  5.30749e-01  7.03994e-01  0.00000e+00  0.00000e+00  4.11950e-01
  437 -7.66602e-02  5.28977e-01  7.07478e-01  0.00000e+00  0.00000e+00  4.10026e-01
  438 -7.56836e-02  5.27211e-01  7.10961e-01  0.00000e+00  0.00000e+00  4.08111e-01
  439 -7.47070e-02  5.25451e-01  7.14442e-01  0.00000e+00  0.00000e+00  4.06204e-01
  440 -7.37305e-02  5.23695e-01  7.17922e-01  0.00000e+00  0.00000e+00  4.04306e-01
  441 -7.27539e-02  5.21946e-01  7.21400e-01  0.00000e+00  0.00000e+00  4.02416e-01
  442 -7.17773e-02  5.20201e-01  7.24876e-01  0.00000e+00  0.00000e+00  4.00535e-01
  443 -7.08008e-02  5.18463e-01  7.28351e-01  0.00000e+00  0.00000e+00  3.98662e-01
  444 -6.98242e-02  5.16729e-01  7.31825e-01  0.00000e+00  0.00000e+00  3.96797e-01
  445 -6.88477e-02  5.15001e-01  7.35297e-01  0.00000e+00  0.00000e+00  3.94940e-01
  446 -6.78711e-02  5.13279e-01  7.38767e-01  0.00000e+00  0.00000e+00  3.93092e-01
  447 -6.68945e-02  5.11562e-01  7.42236e-01  0.00000e+00  0.00000e+00  3.91252e-01
  448 -6.59180e-02  5.09850e-01  7.45703e-01  0.00000e+00  0.00000e+00  3.89421e-01
  449 -6.49414e-02  5.08144e-01  7.49168e-01  0.00000e+00  0.00000e+00  3.87597e-01
  450 -6.39648e-02  5.06442e-01  7.52633e-01  0.00000e+00  0.00000e+00  3.85782e-01
  451 -6.29883e-02  5.04747e-01  7.56095e-01  0.00000e+00  0.00000e+00  3.83975e-01
  452 -6.20117e-02  5.03056e-01  7.59556e-01  0.00000e+00  0.00000e+00  3.82175e-01
  453 -6.10352e-02  5.01371e-01  7.63016e-01  0.00000e+00  0.00000e+00  3.80384e-01
  454 -6.00586e-02  4.99690e-01  7.66475e-01  0.00000e+00  0.00000e+00  3.78600e-01
  455 -5.90820e-02  4.98015e-01  7.69932e-01  0.00000e+00  0.00000e+00  3.76825e-01
  456 -5.81055e-02  4.96345e-01  7.73388e-01  0.00000e+00  0.00000e+00  3.75057e-01
  457 -5.71289e-02  4.94680e-01  7.76843e-01  0.00000e+00  0.00000e+00  3.73297e-01
  458 -5.61523e-02  4.93020e-01  7.80297e-01  0.00000e+00  0.00000e+00  3.71544e-01
  459 -5.51758e-02  4.91365e-01  7.83750e-01  0.00000e+00  0.00000e+00  3.69799e-01
  460 -5.41992e-02  4.89715e-01  7.87202e-01  0.00000e+00  0.00000e+00  3.68062e-01
  461 -5.32227e-02  4.88069e-01  7.90653e-01  0.00000e+00  0.00000e+00  3.66331e-01
  462 -5.22461e-02  4.86429e-01  7.94104e-01  0.00000e+00  0.00000e+00  3.64608e-01
  463 -5.12695e-02  4.84793e-01  7.97554e-01  0.00000e+00  0.00000e+00  3.62893e-01
  464 -5.02930e-02  4.83161e-01  8.01004e-01  0.00000e+00  0.00000e+00  3.61184e-01
  465 -4.93164e-02  4.81534e-01  8.04454e-01  0.00000e+00  0.00000e+00  3.59482e-01
  466 -4.83398e-02  4.79911e-01  8.07903e-01  0.00000e+00  0.00000e+00  3.57787e-01
  467 -4.73633e-02  4.78293e-01  8.11353e-01  0.00000e+00  0.00000e+00  3.56099e-01
  468 -4.63867e-02  4.76679e-01  8.14803e-01  0.00000e+00  0.00000e+00  3.54418e-01
  469 -4.54102e-02  4.75069e-01  8.18254e-01  0.00000e+00  0.00000e+00  3.52743e-01
  470 -4.44336e-02  4.73463e-01  8.21705e-01  0.00000e+00  0.00000e+00  3.51075e-01
  471 -4.34570e-02  4.71861e-01  8.25157e-01  0.00000e+00  0.00000e+00  3.49413e-01
  472 -4.24805e-02  4.70263e-01  8.28609e-01  0.00000e+00  0.00000e+00  3.47758e-01
  473 -4.15039e-02  4.68669e-01  8.32063e-01  0.00000e+00  0.00000e+00  3.46109e-01
  474 -4.05273e-02  4.67079e-01  8.35518e-01  0.00000e+00  0.00000e+00  3.44466e-01
  475 -3.95508e-02  4.65492e-01  8.38974e-01  0.00000e+00  0.00000e+00  3.42829e-01
  476 -3.85742e-02  4.63910e-01  8.42431e-01  0.00000e+00  0.00000e+00  3.41198e-01
  477 -3.75977e-02  4.62331e-01  8.45890e-01  0.00000e+00  0.00000e+00  3.39573e-01
  478 -3.66211e-02  4.60755e-01  8.49351e-01  0.00000e+00  0.00000e+00  3.37954e-01
  479 -3.56445e-02  4.59183e-01  8.52813e-01  0.00000e+00  0.00000e+00  3.36341e-01
  480 -3.46680e-02  4.57615e-01  8.56276e-01  0.00000e+00  0.00000e+00  3.34734e-01
  481 -3.36914e-02  4.56050e-01  8.59742e-01  0.00000e+00  0.00000e+00  3.33132e-01
  482 -3.27148e-02  4.54488e-01  8.63209e-01  0.00000e+00  0.00000e+00  3.31537e-01
  483 -3.17383e-02  4.52931e-01  8.66677e-01  0.00000e+00  0.00000e+00  3.29947e-01
  484 -3.07617e-02  4.51376e-01  8.70147e-01  0.00000e+00  0.00000e+00  3.28363e-01
  485 -2.97852e-02  4.49826e-01  8.73619e-01  0.00000e+00  0.00000e+00  3.26785e-01
  486 -2.88086e-02  4.48279e-01  8.77092e-01  0.00000e+00  0.00000e+00  3.25213e-01
  487 -2.78320e-02  4.46736e-01  8.80565e-01  0.00000e+00  0.00000e+00  3.23646e-01
  488 -2.68555e-02  4.45197e-01  8.84040e-01  0.00000e+00  0.00000e+00  3.22086e-01
  489 -2.58789e-02  4.43662e-01  8.87515e-01  0.00000e+00  0.00000e+00  3.20533e-01
  490 -2.49023e-02  4.42131e-01  8.90990e-01  0.00000e+00  0.00000e+00  3.18985e-01
  491 -2.39258e-02  4.40604e-01  8.94465e-01  0.00000e+00  0.00000e+00  3.17445e-01
  492 -2.29492e-02  4.39083e-01  8.97938e-01  0.00000e+00  0.00000e+00  3.15911e-01
  493 -2.19727e-02  4.37566e-01  9.01410e-01  0.00000e+00  0.00000e+00  3.14384e-01
  494 -2.09961e-02  4.36055e-01  9.04878e-01  0.00000e+00  0.00000e+00  3.12865e-01
  495 -2.00195e-02  4.34549e-01  9.08343e-01  0.00000e+00  0.00000e+00  3.11354e-01
  496 -1.90430e-02  4.33050e-01  9.11803e-01  0.00000e+00  0.00000e+00  3.09851e-01
  497 -1.80664e-02  4.31558e-01  9.15256e-01  0.00000e+00  0.00000e+00  3.08358e-01
  498 -1.70898e-02  4.30075e-01  9.18699e-01  0.00000e+00  0.00000e+00  3.06875e-01
  499 -1.61133e-02  4.28607e-01  9.22114e-01  0.00000e+00  0.00000e+00  3.05410e-01
  500 -1.51367e-02  4.27186e-01  9.25430e-01  0.00000e+00  0.00000e+00  3.03993e-01
  501 -1.41602e-02  4.25926e-01  9.28378e-01  0.00000e+00  0.00000e+00  3.02738e-01
  502 -1.31836e-02  4.25100e-01  9.30314e-01  0.00000e+00  0.00000e+00  3.01916e-01
  503 -1.22070e-02  4.24900e-01  9.30783e-01  0.00000e+00  0.00000e+00  3.01717e-01
  504 -1.12305e-02  4.24891e-01  9.30803e-01  0.00000e+00  0.00000e+00  3.01709e-01
  505 -1.02539e-02  4.25061e-01  9.30405e-01  0.00000e+00  0.00000e+00  3.01877e-01
  506 -9.27734e-03  4.25563e-01  9.29227e-01  0.00000e+00  0.00000e+00  3.02377e-01
  507 -8.30078e-03  4.25759e-01  9.28768e-01  0.00000e+00  0.00000e+00  3.02572e-01
  508 -7.32422e-03  4.25786e-01  9.28704e-01  0.00000e+00  0.00000e+00  3.02599e-01
  509 -6.34766e-03  4.25799e-01  9.28675e-01  0.00000e+00  0.00000e+00  3.02611e-01
  510 -5.37109e-03  4.25839e-01  9.28580e-01  0.00000e+00  0.00000e+00  3.02652e-01
  511 -4.39453e-03  4.25960e-01  9.28298e-01  0.00000e+00  0.00000e+00  3.02771e-01
  512 -3.41797e-03  4.26108e-01  9.27951e-01  0.00000e+00  0.00000e+00  3.02919e-01
  513 -2.44141e-03  4.26166e-01  9.27815e-01  0.00000e+00  0.00000e+00  3.02977e-01
  514 -1.46484e-03  4.26174e-01  9.27795e-01  0.00000e+00  0.00000e+00  3.02985e-01
  515 -4.88281e-04  4.26176e-01  9.27793e-01  0.00000e+00  0.00000e+00  3.02986e-01
  516  4.88281e-04  4.26176e-01  9.27792e-01  0.00000e+00  0.00000e+00  3.02987e-01
  517  1.46484e-03  4.26178e-01  9.27786e-01  0.00000e+00  0.00000e+00  3.02989e-01
  518  2.44141e-03  4.26196e-01  9.27745e-01  0.00000e+00  0.00000e+00  3.03007e-01
  519  3.41797e-03  4.26254e-01  9.27610e-01  0.00000e+00  0.00000e+00  3.03064e-01
  520  4.39453e-03  4.26306e-01  9.27488e-01  0.00000e+00  0.00000e+00  3.03116e-01
  521  5.37109e-03  4.26313e-01  9.27471e-01  0.00000e+00  0.00000e+00  3.03123e-01
  522  6.34766e-03  4.26310e-01  9.27478e-01  0.00000e+00  0.00000e+00  3.03120e-01
  523  7.32422e-03  4.26285e-01  9.27538e-01  0.00000e+00  0.00000e+00  3.03095e-01
  524  8.30078e-03  4.26271e-01  9.27570e-01  0.00000e+00  0.00000e+00  3.03081e-01
  525  9.27734e-03  4.26271e-01  9.27570e-01  0.00000e+00  0.00000e+00  3.03081e-01
  526  1.02539e-02  4.26290e-01  9.27524e-01  0.00000e+00  0.00000e+00  3.03101e-01
  527  1.12305e-02  4.26320e-01  9.27455e-01  0.00000e+00  0.00000e+00  3.03130e-01
  528  1.22070e-02  4.26324e-01  9.27445e-01  0.00000e+00  0.00000e+00  3.03134e-01
  529  1.31836e-02  4.26319e-01  9.27457e-01  0.00000e+00  0.00000e+00  3.03129e-01
  530  1.41602e-02  4.26289e-01  9.27528e-01  0.00000e+00  0.00000e+00  3.03099e-01
  531  1.51367e-02  4.26274e-01  9.27563e-01  0.00000e+00  0.00000e+00  3.03084e-01
  532  1.61133e-02  4.26274e-01  9.27564e-01  0.00000e+00  0.00000e+00  3.03084e-01
  533  1.70898e-02  4.26292e-01  9.27520e-01  0.00000e+00  0.00000e+00  3.03102e-01
  534  1.80664e-02  4.26325e-01  9.27444e-01  0.00000e+00  0.00000e+00  3.03135e-01
  535  1.90430e-02  4.26330e-01  9.27431e-01  0.00000e+00  0.00000e+00  3.03140e-01
  536  2.00195e-02  4.26326e-01  9.27442e-01  0.00000e+00  0.00000e+00  3.03136e-01
  537  2.09961e-02  4.26294e-01  9.27515e-01  0.00000e+00  0.00000e+00  3.03104e-01
  538  2.19727e-02  4.26276e-01  9.27558e-01  0.00000e+00  0.00000e+00  3.03086e-01
  539  2.29492e-02  4.26276e-01  9.27559e-01  0.00000e+00  0.00000e+00  3.03086e-01
  540  2.39258e-02  4.26296e-01  9.27511e-01  0.00000e+00  0.00000e+00  3.03106e-01
  541  2.49023e-02  4.26332e-01  9.27427e-01  0.00000e+00  0.00000e+00  3.03142e-01
  542  2.58789e-02  4.26338e-01  9.27414e-01  0.00000e+00  0.00000e+00  3.03147e-01
  543  2.68555e-02  4.26331e-01  9.27430e-01  0.00000e+00  0.00000e+00  3.03141e-01
  544  2.78320e-02  4.26292e-01  9.27521e-01  0.00000e+00  0.00000e+00  3.03102e-01
  545  2.88086e-02  4.26273e-01  9.27565e-01  0.00000e+00  0.00000e+00  3.03083e-01
  546  2.97852e-02  4.26273e-01  9.27566e-01  0.00000e+00  0.00000e+00  3.03083e-01
  547  3.07617e-02  4.26298e-01  9.27508e-01  0.00000e+00  0.00000e+00  3.03108e-01
  548  3.17383e-02  4.26332e-01  9.27427e-01  0.00000e+00  0.00000e+00  3.03142e-01
  549  3.27148e-02  4.26336e-01  9.27417e-01  0.00000e+00  0.00000e+00  3.03146e-01
  550  3.36914e-02  4.26327e-01  9.27439e-01  0.00000e+00  0.00000e+00  3.03137e-01
  551  3.46680e-02  4.26288e-01  9.27531e-01  0.00000e+00  0.00000e+00  3.03098e-01
  552  3.56445e-02  4.26276e-01  9.27559e-01  0.00000e+00  0.00000e+00  3.03086e-01
  553  3.66211e-02  4.26277e-01  9.27555e-01  0.00000e+00  0.00000e+00  3.03087e-01
  554  3.75977e-02  4.26308e-01  9.27483e-01  0.00000e+00  0.00000e+00  3.03118e-01
  555  3.85742e-02  4.26337e-01  9.27416e-01  0.00000e+00  0.00000e+00  3.03147e-01
  556  3.95508e-02  4.26339e-01  9.27410e-01  0.00000e+00  0.00000e+00  3.03149e-01
  557  4.05273e-02  4.26327e-01  9.27439e-01  0.00000e+00  0.00000e+00  3.03137e-01
  558  4.15039e-02  4.26290e-01  9.27526e-01  0.00000e+00  0.00000e+00  3.03100e-01
  559  4.24805e-02  4.26281e-01  9.27547e-01  0.00000e+00  0.00000e+00  3.03091e-01
  560  4.34570e-02  4.26284e-01  9.27541e-01  0.00000e+00  0.00000e+00  3.03093e-01
  561  4.44336e-02  4.26314e-01  9.27470e-01  0.00000e+00  0.00000e+00  3.03124e-01
  562  4.54102e-02  4.26342e-01  9.27404e-01  0.00000e+00  0.00000e+00  3.03152e-01
  563  4.63867e-02  4.26345e-01  9.27398e-01  0.00000e+00  0.00000e+00  3.03154e-01
  564  4.73633e-02  4.26335e-01  9.27420e-01  0.00000e+00  0.00000e+00  3.03145e-01
  565  4.83398e-02  4.26298e-01  9.27507e-01  0.00000e+00  0.00000e+00  3.03108e-01
  566  4.93164e-02  4.26284e-01  9.27540e-01  0.00000e+00  0.00000e+00  3.03094e-01
  567  5.02930e-02  4.26285e-01  9.27539e-01  0.00000e+00  0.00000e+00  3.03094e-01
  568  5.12695e-02  4.26308e-01  9.27483e-01  0.00000e+00  0.00000e+00  3.03118e-01
  569  5.22461e-02  4.26345e-01  9.27399e-01  0.00000e+00  0.00000e+00  3.03154e-01
  570  5.32227e-02  4.26350e-01  9.27387e-01  0.00000e+00  0.00000e+00  3.03159e-01
  571  5.41992e-02  4.26343e-01  9.27401e-01  0.00000e+00  0.00000e+00  3.03153e-01
  572  5.51758e-02  4.26305e-01  9.27492e-01  0.00000e+00  0.00000e+00  3.03115e-01
  573  5.61523e-02  4.26285e-01  9.27538e-01  0.00000e+00  0.00000e+00  3.03095e-01
  574  5.71289e-02  4.26285e-01  9.27539e-01  0.00000e+00  0.00000e+00  3.03094e-01
  575  5.81055e-02  4.26308e-01  9.27485e-01  0.00000e+00  0.00000e+00  3.03118e-01
  576  5.90820e-02  4.26343e-01  9.27402e-01  0.00000e+00  0.00000e+00  3.03153e-01
  577  6.00586e-02  4.26348e-01  9.27391e-01  0.00000e+00  0.00000e+00  3.03158e-01
  578  6.10352e-02  4.26339e-01  9.27412e-01  0.00000e+00  0.00000e+00  3.03148e-01
  579  6.20117e-02  4.26296e-01  9.27514e-01  0.00000e+00  0.00000e+00  3.03105e-01
  580  6.29883e-02  4.26279e-01  9.27552e-01  0.00000e+00  0.00000e+00  3.03089e-01
  581  6.39648e-02  4.26280e-01  9.27550e-01  0.00000e+00  0.00000e+00  3.03090e-01
  582  6.49414e-02  4.26310e-01  9.27481e-01  0.00000e+00  0.00000e+00  3.03119e-01
  583  6.59180e-02  4.26343e-01  9.27403e-01  0.00000e+00  0.00000e+00  3.03152e-01
  584  6.68945e-02  4.26346e-01  9.27395e-01  0.00000e+00  0.00000e+00  3.03156e-01
  585  6.78711e-02  4.26334e-01  9.27423e-01  0.00000e+00  0.00000e+00  3.03144e-01
  586  6.88477e-02  4.26293e-01  9.27521e-01  0.00000e+00  0.00000e+00  3.03102e-01
  587  6.98242e-02  4.26282e-01  9.27547e-01  0.00000e+00  0.00000e+00  3.03091e-01
  588  7.08008e-02  4.26284e-01  9.27542e-01  0.00000e+00  0.00000e+00  3.03093e-01
  589  7.17773e-02  4.26318e-01  9.27463e-01  0.00000e+00  0.00000e+00  3.03127e-01
  590  7.27539e-02  4.26349e-01  9.27389e-01  0.00000e+00  0.00000e+00  3.03158e-01
  591  7.37305e-02  4.26352e-01  9.27383e-01  0.00000e+00  0.00000e+00  3.03161e-01
  592  7.47070e-02  4.26341e-01  9.27407e-01  0.00000e+00  0.00000e+00  3.03150e-01
  593  7.56836e-02  4.26301e-01  9.27503e-01  0.00000e+00  0.00000e+00  3.03110e-01
  594  7.66602e-02  4.26286e-01  9.27536e-01  0.00000e+00  0.00000e+00  3.03096e-01
  595  7.76367e-02  4.26287e-01  9.27535e-01  0.00000e+00  0.00000e+00  3.03096e-01
  596  7.86133e-02  4.26311e-01  9.27479e-01  0.00000e+00  0.00000e+00  3.03120e-01
  597  7.95898e-02  4.26349e-01  9.27390e-01  0.00000e+00  0.00000e+00  3.03158e-01
  598  8.05664e-02  4.26355e-01  9.27376e-01  0.00000e+00  0.00000e+00  3.03164e-01
  599  8.15430e-02  4.26350e-01  9.27388e-01  0.00000e+00  0.00000e+00  3.03159e-01
  600  8.25195e-02  4.26312e-01  9.27476e-01  0.00000e+00  0.00000e+00  3.03121e-01
  601  8.34961e-02  4.26288e-01  9.27533e-01  0.00000e+00  0.00000e+00  3.03097e-01
  602  8.44727e-02  4.26287e-01  9.27536e-01  0.00000e+00  0.00000e+00  3.03096e-01
  603  8.54492e-02  4.26306e-01  9.27491e-01  0.00000e+00  0.00000e+00  3.03115e-01
  604  8.64258e-02  4.26347e-01  9.27395e-01  0.00000e+00  0.00000e+00  3.03156e-01
  605  8.74023e-02  4.26355e-01  9.27378e-01  0.00000e+00  0.00000e+00  3.03163e-01
  606  8.83789e-02  4.26349e-01  9.27391e-01  0.00000e+00  0.00000e+00  3.03157e-01
  607  8.93555e-02  4.26306e-01  9.27492e-01  0.00000e+00  0.00000e+00  3.03114e-01
  608  9.03320e-02  4.26280e-01  9.27551e-01  0.00000e+00  0.00000e+00  3.03089e-01
  609  9.13086e-02  4.26280e-01  9.27553e-01  0.00000e+00  0.00000e+00  3.03089e-01
  610  9.22852e-02  4.26303e-01  9.27497e-01  0.00000e+00  0.00000e+00  3.03112e-01
  611  9.32617e-02  4.26345e-01  9.27401e-01  0.00000e+00  0.00000e+00  3.03153e-01
  612  9.42383e-02  4.26351e-01  9.27386e-01  0.00000e+00  0.00000e+00  3.03160e-01
  613  9.52148e-02  4.26343e-01  9.27405e-01  0.00000e+00  0.00000e+00  3.03152e-01
  614  9.61914e-02  4.26300e-01  9.27505e-01  0.00000e+00  0.00000e+00  3.03109e-01
  615  9.71680e-02  4.26282e-01  9.27548e-01  0.00000e+00  0.00000e+00  3.03091e-01
  616  9.81445e-02  4.26282e-01  9.27547e-01  0.00000e+00  0.00000e+00  3.03091e-01
  617  9.91211e-02  4.26310e-01  9.27482e-01  0.00000e+00  0.00000e+00  3.03119e-01
  618  1.00098e-01  4.26351e-01  9.27387e-01  0.00000e+00  0.00000e+00  3.03159e-01
  619  1.01074e-01  4.26357e-01  9.27374e-01  0.00000e+00  0.00000e+00  3.03165e-01
  620  1.02051e-01  4.26350e-01  9.27389e-01  0.00000e+00  0.00000e+00  3.03159e-01
  621  1.03027e-01  4.26311e-01  9.27482e-01  0.00000e+00  0.00000e+00  3.03119e-01
  622  1.04004e-01  4.26288e-01  9.27536e-01  0.00000e+00  0.00000e+00  3.03096e-01
  623  1.04980e-01  4.26286e-01  9.27539e-01  0.00000e+00  0.00000e+00  3.03095e-01
  624  1.05957e-01  4.26303e-01  9.27500e-01  0.00000e+00  0.00000e+00  3.03111e-01
  625  1.06934e-01  4.26348e-01  9.27395e-01  0.00000e+00  0.00000e+00  3.03156e-01
  626  1.07910e-01  4.26359e-01  9.27369e-01  0.00000e+00  0.00000e+00  3.03167e-01
  627  1.08887e-01  4.26358e-01  9.27373e-01  0.00000e+00  0.00000e+00  3.03166e-01
  628  1.09863e-01  4.26326e-01  9.27447e-01  0.00000e+00  0.00000e+00  3.03134e-01
  629  1.10840e-01  4.26290e-01  9.27530e-01  0.00000e+00  0.00000e+00  3.03099e-01
  630  1.11816e-01  4.26287e-01  9.27539e-01  0.00000e+00  0.00000e+00  3.03095e-01
  631  1.12793e-01  4.26298e-01  9.27512e-01  0.00000e+00  0.00000e+00  3.03106e-01
  632  1.13770e-01  4.26344e-01  9.27406e-01  0.00000e+00  0.00000e+00  3.03152e-01
  633  1.14746e-01  4.26358e-01  9.27372e-01  0.00000e+00  0.00000e+00  3.03166e-01
  634  1.15723e-01  4.26356e-01  9.27376e-01  0.00000e+00  0.00000e+00  3.03164e-01
  635  1.16699e-01  4.26320e-01  9.27463e-01  0.00000e+00  0.00000e+00  3.03127e-01
  636  1.17676e-01  4.26282e-01  9.27550e-01  0.00000e+00  0.00000e+00  3.03090e-01
  637  1.18652e-01  4.26279e-01  9.27559e-01  0.00000e+00  0.00000e+00  3.03086e-01
  638  1.19629e-01  4.26294e-01  9.27524e-01  0.00000e+00  0.00000e+00  3.03101e-01
  639  1.20605e-01  4.26343e-01  9.27409e-01  0.00000e+00  0.00000e+00  3.03150e-01
  640  1.21582e-01  4.26356e-01  9.27379e-01  0.00000e+00  0.00000e+00  3.03163e-01
  641  1.22559e-01  4.26353e-01  9.27386e-01  0.00000e+00  0.00000e+00  3.03160e-01
  642  1.23535e-01  4.26316e-01  9.27473e-01  0.00000e+00  0.00000e+00  3.03123e-01
  643  1.24512e-01  4.26285e-01  9.27545e-01  0.00000e+00  0.00000e+00  3.03092e-01
  644  1.25488e-01  4.26283e-01  9.27551e-01  0.00000e+00  0.00000e+00  3.03090e-01
  645  1.26465e-01  4.26299e-01  9.27513e-01  0.00000e+00  0.00000e+00  3.03106e-01
  646  1.27441e-01  4.26348e-01  9.27399e-01  0.00000e+00  0.00000e+00  3.03155e-01
  647  1.28418e-01  4.26361e-01  9.27368e-01  0.00000e+00  0.00000e+00  3.03168e-01
  648  1.29395e-01  4.26360e-01  9.27370e-01  0.00000e+00  0.00000e+00  3.03167e-01
  649  1.30371e-01  4.26330e-01  9.27440e-01  0.00000e+00  0.00000e+00  3.03137e-01
  650  1.31348e-01  4.26292e-01  9.27531e-01  0.00000e+00  0.00000e+00  3.03098e-01
  651  1.32324e-01  4.26286e-01  9.27543e-01  0.00000e+00  0.00000e+00  3.03093e-01
  652  1.33301e-01  4.26293e-01  9.27527e-01  0.00000e+00  0.00000e+00  3.03100e-01
  653  1.34277e-01  4.26337e-01  9.27425e-01  0.00000e+00  0.00000e+00  3.03144e-01
  654  1.35254e-01  4.26364e-01  9.27361e-01  0.00000e+00  0.00000e+00  3.03170e-01
  655  1.36230e-01  4.26366e-01  9.27358e-01  0.00000e+00  0.00000e+00  3.03172e-01
  656  1.37207e-01  4.26346e-01  9.27405e-01  0.00000e+00  0.00000e+00  3.03152e-01
  657  1.38184e-01  4.26297e-01  9.27523e-01  0.00000e+00  0.00000e+00  3.03102e-01
  658  1.39160e-01  4.26285e-01  9.27548e-01  0.00000e+00  0.00000e+00  3.03091e-01
  659  1.40137e-01  4.26289e-01  9.27539e-01  0.00000e+00  0.00000e+00  3.03095e-01
  660  1.41113e-01  4.26331e-01  9.27441e-01  0.00000e+00  0.00000e+00  3.03137e-01
  661  1.42090e-01  4.26360e-01  9.27373e-01  0.00000e+00  0.00000e+00  3.03166e-01
  662  1.43066e-01  4.26362e-01  9.27369e-01  0.00000e+00  0.00000e+00  3.03167e-01
  663  1.44043e-01  4.26338e-01  9.27425e-01  0.00000e+00  0.00000e+00  3.03144e-01
  664  1.45020e-01  4.26289e-01  9.27541e-01  0.00000e+00  0.00000e+00  3.03094e-01
  665  1.45996e-01  4.26281e-01  9.27561e-01  0.00000e+00  0.00000e+00  3.03086e-01
  666  1.46973e-01  4.26287e-01  9.27547e-01  0.00000e+00  0.00000e+00  3.03092e-01
  667  1.47949e-01  4.26334e-01  9.27438e-01  0.00000e+00  0.00000e+00  3.03138e-01
  668  1.48926e-01  4.26361e-01  9.27374e-01  0.00000e+00  0.00000e+00  3.03165e-01
  669  1.49902e-01  4.26362e-01  9.27372e-01  0.00000e+00  0.00000e+00  3.03166e-01
  670  1.50879e-01  4.26340e-01  9.27425e-01  0.00000e+00  0.00000e+00  3.03144e-01
  671  1.51855e-01  4.26295e-01  9.27529e-01  0.00000e+00  0.00000e+00  3.03099e-01
  672  1.52832e-01  4.26289e-01  9.27547e-01  0.00000e+00  0.00000e+00  3.03092e-01
  673  1.53809e-01  4.26295e-01  9.27536e-01  0.00000e+00  0.00000e+00  3.03096e-01
  674  1.54785e-01  4.26336e-01  9.27441e-01  0.00000e+00  0.00000e+00  3.03137e-01
  675  1.55762e-01  4.26369e-01  9.27368e-01  0.00000e+00  0.00000e+00  3.03168e-01
  676  1.56738e-01  4.26368e-01  9.27362e-01  0.00000e+00  0.00000e+00  3.03171e-01
  677  1.57715e-01  4.26354e-01  9.27390e-01  0.00000e+00  0.00000e+00  3.03159e-01
  678  1.58691e-01  4.26305e-01  9.27501e-01  0.00000e+00  0.00000e+00  3.03112e-01
  679  1.59668e-01  4.26287e-01  9.27544e-01  0.00000e+00  0.00000e+00  3.03093e-01
  680  1.60645e-01  4.26289e-01  9.27544e-01  0.00000e+00  0.00000e+00  3.03093e-01
  681  1.61621e-01  4.26321e-01  9.27474e-01  0.00000e+00  0.00000e+00  3.03123e-01
  682  1.62598e-01  4.26375e-01  9.27366e-01  0.00000e+00  0.00000e+00  3.03169e-01
  683  1.63574e-01  4.26384e-01  9.27350e-01  0.00000e+00  0.00000e+00  3.03176e-01
  684  1.64551e-01  4.26375e-01  9.27371e-01  0.00000e+00  0.00000e+00  3.03167e-01
  685  1.65527e-01  4.26320e-01  9.27495e-01  0.00000e+00  0.00000e+00  3.03114e-01
  686  1.66504e-01  4.26286e-01  9.27561e-01  0.00000e+00  0.00000e+00  3.03086e-01
  687  1.67480e-01  4.26279e-01  9.27563e-01  0.00000e+00  0.00000e+00  3.03085e-01
  688  1.68457e-01  4.26308e-01  9.27494e-01  0.00000e+00  0.00000e+00  3.03114e-01
  689  1.69434e-01  4.26352e-01  9.27383e-01  0.00000e+00  0.00000e+00  3.03162e-01
  690  1.70410e-01  4.26368e-01  9.27367e-01  0.00000e+00  0.00000e+00  3.03168e-01
  691  1.71387e-01  4.26362e-01  9.27391e-01  0.00000e+00  0.00000e+00  3.03158e-01
  692  1.72363e-01  4.26318e-01  9.27512e-01  0.00000e+00  0.00000e+00  3.03107e-01
  693  1.73340e-01  4.26305e-01  9.27561e-01  0.00000e+00  0.00000e+00  3.03086e-01
  694  1.74316e-01  4.26301e-01  9.27561e-01  0.00000e+00  0.00000e+00  3.03086e-01
  695  1.75293e-01  4.26332e-01  9.27483e-01  0.00000e+00  0.00000e+00  3.03119e-01
  696  1.76270e-01  4.26376e-01  9.27375e-01  0.00000e+00  0.00000e+00  3.03165e-01
  697  1.77246e-01  4.26374e-01  9.27360e-01  0.00000e+00  0.00000e+00  3.03172e-01
  698  1.78223e-01  4.26362e-01  9.27378e-01  0.00000e+00  0.00000e+00  3.03164e-01
  699  1.79199e-01  4.26314e-01  9.27486e-01  0.00000e+00  0.00000e+00  3.03118e-01
  700  1.80176e-01  4.26294e-01  9.27545e-01  0.00000e+00  0.00000e+00  3.03093e-01
  701  1.81152e-01  4.26298e-01  9.27548e-01  0.00000e+00  0.00000e+00  3.03092e-01
  702  1.82129e-01  4.26328e-01  9.27505e-01  0.00000e+00  0.00000e+00  3.03110e-01
  703  1.83105e-01  4.26393e-01  9.27384e-01  0.00000e+00  0.00000e+00  3.03161e-01
  704  1.84082e-01  4.26406e-01  9.27352e-01  0.00000e+00  0.00000e+00  3.03175e-01
  705  1.85059e-01  4.26403e-01  9.27355e-01  0.00000e+00  0.00000e+00  3.03174e-01
  706  1.86035e-01  4.26365e-01  9.27437e-01  0.00000e+00  0.00000e+00  3.03139e-01
  707  1.87012e-01  4.26314e-01  9.27540e-01  0.00000e+00  0.00000e+00  3.03095e-01
  708  1.87988e-01  4.26308e-01  9.27553e-01  0.00000e+00  0.00000e+00  3.03090e-01
  709  1.88965e-01  4.26320e-01  9.27527e-01  0.00000e+00  0.00000e+00  3.03101e-01
  710  1.89941e-01  4.26376e-01  9.27403e-01  0.00000e+00  0.00000e+00  3.03153e-01
  711  1.90918e-01  4.26398e-01  9.27357e-01  0.00000e+00  0.00000e+00  3.03173e-01
  712  1.91895e-01  4.26405e-01  9.27360e-01  0.00000e+00  0.00000e+00  3.03172e-01
  713  1.92871e-01  4.26371e-01  9.27450e-01  0.00000e+00  0.00000e+00  3.03133e-01
  714  1.93848e-01  4.26325e-01  9.27561e-01  0.00000e+00  0.00000e+00  3.03086e-01
  715  1.94824e-01  4.26326e-01  9.27574e-01  0.00000e+00  0.00000e+00  3.03081e-01
  716  1.95801e-01  4.26347e-01  9.27541e-01  0.00000e+00  0.00000e+00  3.03095e-01
  717  1.96777e-01  4.26420e-01  9.27406e-01  0.00000e+00  0.00000e+00  3.03152e-01
  718  1.97754e-01  4.26446e-01  9.27363e-01  0.00000e+00  0.00000e+00  3.03171e-01
  719  1.98730e-01  4.26476e-01  9.27365e-01  0.00000e+00  0.00000e+00  3.03170e-01
  720  1.99707e-01  4.26452e-01  9.27453e-01  0.00000e+00  0.00000e+00  3.03132e-01
  721  2.00684e-01  4.26451e-01  9.27548e-01  0.00000e+00  0.00000e+00  3.03092e-01
  722  2.01660e-01  4.26470e-01  9.27559e-01  0.00000e+00  0.00000e+00  3.03087e-01
  723  2.02637e-01  4.26508e-01  9.27532e-01  0.00000e+00  0.00000e+00  3.03099e-01
  724  2.03613e-01  4.26591e-01  9.27410e-01  0.00000e+00  0.00000e+00  3.03151e-01
  725  2.04590e-01  4.26635e-01  9.27355e-01  0.00000e+00  0.00000e+00  3.03175e-01
  726  2.05566e-01  4.26637e-01  9.27353e-01  0.00000e+00  0.00000e+00  3.03175e-01
  727  2.06543e-01  4.26610e-01  9.27405e-01  0.00000e+00  0.00000e+00  3.03153e-01
  728  2.07520e-01  4.26549e-01  9.27526e-01  0.00000e+00  0.00000e+00  3.03102e-01
  729  2.08496e-01  4.26499e-01  9.27555e-01  0.00000e+00  0.00000e+00  3.03089e-01
  730  2.09473e-01  4.26156e-01  9.27547e-01  0.00000e+00  0.00000e+00  3.03093e-01
  731  2.10449e-01  4.23203e-01  9.27449e-01  0.00000e+00  0.00000e+00  3.03134e-01
  732  2.11426e-01  4.09365e-01  9.27348e-01  0.00000e+00  0.00000e+00  3.03176e-01
  733  2.12402e-01  3.79795e-01  9.27337e-01  0.00000e+00  0.00000e+00  3.03180e-01
  734  2.13379e-01  3.40000e-01  9.27362e-01  0.00000e+00  0.00000e+00  3.03169e-01
  735  2.14355e-01  3.02445e-01  9.27490e-01  0.00000e+00  0.00000e+00  3.03122e-01
  736  2.15332e-01  2.77639e-01  9.27582e-01  0.00000e+00  0.00000e+00  3.03090e-01
  737  2.16309e-01  2.66992e-01  9.27592e-01  0.00000e+00  0.00000e+00  3.03087e-01
  738  2.17285e-01  2.64619e-01  9.27581e-01  0.00000e+00  0.00000e+00  3.03091e-01
  739  2.18262e-01  2.64439e-01  9.27488e-01  0.00000e+00  0.00000e+00  3.03122e-01
  740  2.19238e-01  2.64437e-01  9.27366e-01  0.00000e+00  0.00000e+00  3.03162e-01
  741  2.20215e-01  2.64464e-01  9.27343e-01  0.00000e+00  0.00000e+00  3.03169e-01
  742  2.21191e-01  2.64635e-01  9.27344e-01  0.00000e+00  0.00000e+00  3.03169e-01
  743  2.22168e-01  2.64966e-01  9.27400e-01  0.00000e+00  0.00000e+00  3.03150e-01
  744  2.23145e-01  2.65267e-01  9.27534e-01  0.00000e+00  0.00000e+00  3.03106e-01
  745  2.24121e-01  2.65425e-01  9.27590e-01  0.00000e+00  0.00000e+00  3.03087e-01
  746  2.25098e-01  2.65479e-01  9.27594e-01  0.00000e+00  0.00000e+00  3.03086e-01
  747  2.26074e-01  2.65503e-01  9.27572e-01  0.00000e+00  0.00000e+00  3.03093e-01
  748  2.27051e-01  2.65538e-01  9.27459e-01  0.00000e+00  0.00000e+00  3.03131e-01
  749  2.28027e-01  2.65569e-01  9.27350e-01  0.00000e+00  0.00000e+00  3.03167e-01
  750  2.29004e-01  2.65567e-01  9.27332e-01  0.00000e+00  0.00000e+00  3.03172e-01
  751  2.29980e-01  2.65562e-01  9.27334e-01  0.00000e+00  0.00000e+00  3.03172e-01
  752  2.30957e-01  2.65544e-01  9.27385e-01  0.00000e+00  0.00000e+00  3.03155e-01
  753  2.31934e-01  2.65511e-01  9.27509e-01  0.00000e+00  0.00000e+00  3.03113e-01
  754  2.32910e-01  2.65489e-01  9.27569e-01  0.00000e+00  0.00000e+00  3.03094e-01
  755  2.33887e-01  2.65487e-01  9.27574e-01  0.00000e+00  0.00000e+00  3.03092e-01
  756  2.34863e-01  2.65492e-01  9.27565e-01  0.00000e+00  0.00000e+00  3.03095e-01
  757  2.35840e-01  2.65516e-01  9.27485e-01  0.00000e+00  0.00000e+00  3.03121e-01
  758  2.36816e-01  2.65549e-01  9.27359e-01  0.00000e+00  0.00000e+00  3.03163e-01
  759  2.37793e-01  2.65564e-01  9.27320e-01  0.00000e+00  0.00000e+00  3.03176e-01
  760  2.38770e-01  2.65572e-01  9.27319e-01  0.00000e+00  0.00000e+00  3.03177e-01
  761  2.39746e-01  2.65568e-01  9.27345e-01  0.00000e+00  0.00000e+00  3.03168e-01
  762  2.40723e-01  2.65549e-01  9.27464e-01  0.00000e+00  0.00000e+00  3.03129e-01
  763  2.41699e-01  2.65528e-01  9.27574e-01  0.00000e+00  0.00000e+00  3.03093e-01
  764  2.42676e-01  2.65534e-01  9.27589e-01  0.00000e+00  0.00000e+00  3.03088e-01
  765  2.43652e-01  2.65541e-01  9.27584e-01  0.00000e+00  0.00000e+00  3.03090e-01
  766  2.44629e-01  2.65560e-01  9.27506e-01  0.00000e+00  0.00000e+00  3.03115e-01
  767  2.45605e-01  2.65591e-01  9.27365e-01  0.00000e+00  0.00000e+00  3.03162e-01
  768  2.46582e-01  2.65592e-01  9.27322e-01  0.00000e+00  0.00000e+00  3.03176e-01
  769  2.47559e-01  2.65587e-01  9.27322e-01  0.00000e+00  0.00000e+00  3.03177e-01
  770  2.48535e-01  2.65570e-01  9.27363e-01  0.00000e+00  0.00000e+00  3.03164e-01
  771  2.49512e-01  2.65532e-01  9.27510e-01  0.00000e+00  0.00000e+00  3.03115e-01
  772  2.50488e-01  2.65507e-01  9.27607e-01  0.00000e+00  0.00000e+00  3.03083e-01
  773  2.51465e-01  2.65510e-01  9.27616e-01  0.00000e+00  0.00000e+00  3.03080e-01
  774  2.52441e-01  2.65517e-01  9.27602e-01  0.00000e+00  0.00000e+00  3.03084e-01
  775  2.53418e-01  2.65545e-01  9.27493e-01  0.00000e+00  0.00000e+00  3.03120e-01
  776  2.54395e-01  2.65577e-01  9.27354e-01  0.00000e+00  0.00000e+00  3.03166e-01
  777  2.55371e-01  2.65587e-01  9.27326e-01  0.00000e+00  0.00000e+00  3.03175e-01
  778  2.56348e-01  2.65600e-01  9.27328e-01  0.00000e+00  0.00000e+00  3.03175e-01
  779  2.57324e-01  2.65594e-01  9.27380e-01  0.00000e+00  0.00000e+00  3.03158e-01
  780  2.58301e-01  2.65570e-01  9.27519e-01  0.00000e+00  0.00000e+00  3.03112e-01
  781  2.59277e-01  2.65557e-01  9.27586e-01  0.00000e+00  0.00000e+00  3.03090e-01
  782  2.60254e-01  2.65554e-01  9.27591e-01  0.00000e+00  0.00000e+00  3.03088e-01
  783  2.61230e-01  2.65547e-01  9.27577e-01  0.00000e+00  0.00000e+00  3.03092e-01
  784  2.62207e-01  2.65557e-01  9.27485e-01  0.00000e+00  0.00000e+00  3.03122e-01
  785  2.63184e-01  2.65575e-01  9.27354e-01  0.00000e+00  0.00000e+00  3.03165e-01
  786  2.64160e-01  2.65577e-01  9.27319e-01  0.00000e+00  0.00000e+00  3.03176e-01
  787  2.65137e-01  2.65578e-01  9.27319e-01  0.00000e+00  0.00000e+00  3.03177e-01
  788  2.66113e-01  2.65575e-01  9.27343e-01  0.00000e+00  0.00000e+00  3.03170e-01
  789  2.67090e-01  2.65557e-01  9.27454e-01  0.00000e+00  0.00000e+00  3.03133e-01
  790  2.68066e-01  2.65532e-01  9.27574e-01  0.00000e+00  0.00000e+00  3.03093e-01
  791  2.69043e-01  2.65537e-01  9.27596e-01  0.00000e+00  0.00000e+00  3.03086e-01
  792  2.70020e-01  2.65543e-01  9.27592e-01  0.00000e+00  0.00000e+00  3.03086e-01
  793  2.70996e-01  2.65563e-01  9.27527e-01  0.00000e+00  0.00000e+00  3.03107e-01
  794  2.71973e-01  2.65601e-01  9.27370e-01  0.00000e+00  0.00000e+00  3.03160e-01
  795  2.72949e-01  2.65621e-01  9.27299e-01  0.00000e+00  0.00000e+00  3.03183e-01
  796  2.73926e-01  2.65619e-01  9.27296e-01  0.00000e+00  0.00000e+00  3.03186e-01
  797  2.74902e-01  2.65609e-01  9.27322e-01  0.00000e+00  0.00000e+00  3.03179e-01
  798  2.75879e-01  2.65567e-01  9.27460e-01  0.00000e+00  0.00000e+00  3.03133e-01
  799  2.76855e-01  2.65526e-01  9.27611e-01  0.00000e+00  0.00000e+00  3.03083e-01
  800  2.77832e-01  2.65517e-01  9.27634e-01  0.00000e+00  0.00000e+00  3.03074e-01
  801  2.78809e-01  2.65517e-01  9.27628e-01  0.00000e+00  0.00000e+00  3.03075e-01
  802  2.79785e-01  2.65537e-01  9.27538e-01  0.00000e+00  0.00000e+00  3.03104e-01
  803  2.80762e-01  2.65579e-01  9.27366e-01  0.00000e+00  0.00000e+00  3.03162e-01
  804  2.81738e-01  2.65595e-01  9.27314e-01  0.00000e+00  0.00000e+00  3.03180e-01
  805  2.82715e-01  2.65604e-01  9.27314e-01  0.00000e+00  0.00000e+00  3.03181e-01
  806  2.83691e-01  2.65598e-01  9.27357e-01  0.00000e+00  0.00000e+00  3.03168e-01
  807  2.84668e-01  2.65573e-01  9.27512e-01  0.00000e+00  0.00000e+00  3.03117e-01
  808  2.85645e-01  2.65555e-01  9.27614e-01  0.00000e+00  0.00000e+00  3.03083e-01
  809  2.86621e-01  2.65553e-01  9.27622e-01  0.00000e+00  0.00000e+00  3.03078e-01
  810  2.87598e-01  2.65550e-01  9.27609e-01  0.00000e+00  0.00000e+00  3.03081e-01
  811  2.88574e-01  2.65565e-01  9.27504e-01  0.00000e+00  0.00000e+00  3.03115e-01
  812  2.89551e-01  2.65588e-01  9.27348e-01  0.00000e+00  0.00000e+00  3.03167e-01
  813  2.90527e-01  2.65586e-01  9.27308e-01  0.00000e+00  0.00000e+00  3.03181e-01
  814  2.91504e-01  2.65584e-01  9.27309e-01  0.00000e+00  0.00000e+00  3.03183e-01
  815  2.92480e-01  2.65579e-01  9.27336e-01  0.00000e+00  0.00000e+00  3.03175e-01
  816  2.93457e-01  2.65559e-01  9.27458e-01  0.00000e+00  0.00000e+00  3.03134e-01
  817  2.94434e-01  2.65541e-01  9.27581e-01  0.00000e+00  0.00000e+00  3.03093e-01
  818  2.95410e-01  2.65549e-01  9.27602e-01  0.00000e+00  0.00000e+00  3.03084e-01
  819  2.96387e-01  2.65556e-01  9.27598e-01  0.00000e+00  0.00000e+00  3.03084e-01
  820  2.97363e-01  2.65569e-01  9.27549e-01  0.00000e+00  0.00000e+00  3.03099e-01
  821  2.98340e-01  2.65599e-01  9.27396e-01  0.00000e+00  0.00000e+00  3.03151e-01
  822  2.99316e-01  2.65617e-01  9.27295e-01  0.00000e+00  0.00000e+00  3.03186e-01
  823  3.00293e-01  2.65611e-01  9.27287e-01  0.00000e+00  0.00000e+00  3.03191e-01
  824  3.01270e-01  2.65602e-01  9.27299e-01  0.00000e+00  0.00000e+00  3.03188e-01
  825  3.02246e-01  2.65573e-01  9.27406e-01  0.00000e+00  0.00000e+00  3.03152e-01
  826  3.03223e-01  2.65535e-01  9.27587e-01  0.00000e+00  0.00000e+00  3.03091e-01
  827  3.04199e-01  2.65523e-01  9.27639e-01  0.00000e+00  0.00000e+00  3.03072e-01
  828  3.05176e-01  2.65524e-01  9.27637e-01  0.00000e+00  0.00000e+00  3.03070e-01
  829  3.06152e-01  2.65539e-01  9.27573e-01  0.00000e+00  0.00000e+00  3.03092e-01
  830  3.07129e-01  2.65581e-01  9.27387e-01  0.00000e+00  0.00000e+00  3.03155e-01
  831  3.08105e-01  2.65602e-01  9.27299e-01  0.00000e+00  0.00000e+00  3.03187e-01
  832  3.09082e-01  2.65615e-01  9.27296e-01  0.00000e+00  0.00000e+00  3.03190e-01
  833  3.10059e-01  2.65616e-01  9.27322e-01  0.00000e+00  0.00000e+00  3.03183e-01
  834  3.11035e-01  2.65591e-01  9.27469e-01  0.00000e+00  0.00000e+00  3.03134e-01
  835  3.12012e-01  2.65557e-01  9.27627e-01  0.00000e+00  0.00000e+00  3.03079e-01
  836  3.12988e-01  2.65547e-01  9.27648e-01  0.00000e+00  0.00000e+00  3.03068e-01
  837  3.13965e-01  2.65529e-01  9.27641e-01  0.00000e+00  0.00000e+00  3.03069e-01
  838  3.14941e-01  2.65541e-01  9.27547e-01  0.00000e+00  0.00000e+00  3.03100e-01
  839  3.15918e-01  2.65575e-01  9.27362e-01  0.00000e+00  0.00000e+00  3.03163e-01
  840  3.16895e-01  2.65588e-01  9.27301e-01  0.00000e+00  0.00000e+00  3.03186e-01
  841  3.17871e-01  2.65595e-01  9.27303e-01  0.00000e+00  0.00000e+00  3.03189e-01
  842  3.18848e-01  2.65599e-01  9.27333e-01  0.00000e+00  0.00000e+00  3.03180e-01
  843  3.19824e-01  2.65581e-01  9.27466e-01  0.00000e+00  0.00000e+00  3.03136e-01
  844  3.20801e-01  2.65560e-01  9.27590e-01  0.00000e+00  0.00000e+00  3.03092e-01
  845  3.21777e-01  2.65555e-01  9.27606e-01  0.00000e+00  0.00000e+00  3.03083e-01
  846  3.22754e-01  2.65552e-01  9.27602e-01  0.00000e+00  0.00000e+00  3.03082e-01
  847  3.23730e-01  2.65561e-01  9.27556e-01  0.00000e+00  0.00000e+00  3.03097e-01
  848  3.24707e-01  2.65587e-01  9.27412e-01  0.00000e+00  0.00000e+00  3.03146e-01
  849  3.25684e-01  2.65605e-01  9.27305e-01  0.00000e+00  0.00000e+00  3.03185e-01
  850  3.26660e-01  2.65602e-01  9.27294e-01  0.00000e+00  0.00000e+00  3.03192e-01
  851  3.27637e-01  2.65600e-01  9.27301e-01  0.00000e+00  0.00000e+00  3.03191e-01
  852  3.28613e-01  2.65584e-01  9.27373e-01  0.00000e+00  0.00000e+00  3.03166e-01
  853  3.29590e-01  2.65546e-01  9.27548e-01  0.00000e+00  0.00000e+00  3.03105e-01
  854  3.30566e-01  2.65526e-01  9.27634e-01  0.00000e+00  0.00000e+00  3.03071e-01
  855  3.31543e-01  2.65528e-01  9.27639e-01  0.00000e+00  0.00000e+00  3.03068e-01
  856  3.32520e-01  2.65542e-01  9.27599e-01  0.00000e+00  0.00000e+00  3.03082e-01
  857  3.33496e-01  2.65587e-01  9.27423e-01  0.00000e+00  0.00000e+00  3.03144e-01
  858  3.34473e-01  2.65624e-01  9.27294e-01  0.00000e+00  0.00000e+00  3.03191e-01
  859  3.35449e-01  2.65630e-01  9.27283e-01  0.00000e+00  0.00000e+00  3.03199e-01
  860  3.36426e-01  2.65628e-01  9.27293e-01  0.00000e+00  0.00000e+00  3.03196e-01
  861  3.37402e-01  2.65600e-01  9.27400e-01  0.00000e+00  0.00000e+00  3.03158e-01
  862  3.38379e-01  2.65545e-01  9.27609e-01  0.00000e+00  0.00000e+00  3.03083e-01
  863  3.39355e-01  2.65514e-01  9.27676e-01  0.00000e+00  0.00000e+00  3.03058e-01
  864  3.40332e-01  2.65507e-01  9.27677e-01  0.00000e+00  0.00000e+00  3.03057e-01
  865  3.41309e-01  2.65524e-01  9.27603e-01  0.00000e+00  0.00000e+00  3.03083e-01
  866  3.42285e-01  2.65577e-01  9.27396e-01  0.00000e+00  0.00000e+00  3.03156e-01
  867  3.43262e-01  2.65605e-01  9.27297e-01  0.00000e+00  0.00000e+00  3.03194e-01
  868  3.44238e-01  2.65618e-01  9.27291e-01  0.00000e+00  0.00000e+00  3.03198e-01
  869  3.45215e-01  2.65620e-01  9.27314e-01  0.00000e+00  0.00000e+00  3.03190e-01
  870  3.46191e-01  2.65597e-01  9.27449e-01  0.00000e+00  0.00000e+00  3.03142e-01
  871  3.47168e-01  2.65564e-01  9.27598e-01  0.00000e+00  0.00000e+00  3.03087e-01
  872  3.48145e-01  2.65555e-01  9.27625e-01  0.00000e+00  0.00000e+00  3.03075e-01
  873  3.49121e-01  2.65539e-01  9.27624e-01  0.00000e+00  0.00000e+00  3.03075e-01
  874  3.50098e-01  2.65543e-01  9.27576e-01  0.00000e+00  0.00000e+00  3.03093e-01
  875  3.51074e-01  2.65570e-01  9.27418e-01  0.00000e+00  0.00000e+00  3.03151e-01
  876  3.52051e-01  2.65593e-01  9.27320e-01  0.00000e+00  0.00000e+00  3.03188e-01
  877  3.53027e-01  2.65599e-01  9.27309e-01  0.00000e+00  0.00000e+00  3.03193e-01
  878  3.54004e-01  2.65606e-01  9.27312e-01  0.00000e+00  0.00000e+00  3.03191e-01
  879  3.54980e-01  2.65599e-01  9.27354e-01  0.00000e+00  0.00000e+00  3.03173e-01
  880  3.55957e-01  2.65569e-01  9.27504e-01  0.00000e+00  0.00000e+00  3.03117e-01
  881  3.56934e-01  2.65540e-01  9.27638e-01  0.00000e+00  0.00000e+00  3.03070e-01
  882  3.57910e-01  2.65538e-01  9.27657e-01  0.00000e+00  0.00000e+00  3.03064e-01
  883  3.58887e-01  2.65547e-01  9.27626e-01  0.00000e+00  0.00000e+00  3.03078e-01
  884  3.59863e-01  2.65583e-01  9.27462e-01  0.00000e+00  0.00000e+00  3.03137e-01
  885  3.60840e-01  2.65612e-01  9.27321e-01  0.00000e+00  0.00000e+00  3.03189e-01
  886  3.61816e-01  2.65621e-01  9.27273e-01  0.00000e+00  0.00000e+00  3.03206e-01
  887  3.62793e-01  2.65618e-01  9.27258e-01  0.00000e+00  0.00000e+00  3.03209e-01
  888  3.63770e-01  2.65603e-01  9.27299e-01  0.00000e+00  0.00000e+00  3.03190e-01
  889  3.64746e-01  2.65546e-01  9.27557e-01  0.00000e+00  0.00000e+00  3.03098e-01
  890  3.65723e-01  2.65511e-01  9.27704e-01  0.00000e+00  0.00000e+00  3.03046e-01
  891  3.66699e-01  2.65512e-01  9.27715e-01  0.00000e+00  0.00000e+00  3.03045e-01
  892  3.67676e-01  2.65536e-01  9.27645e-01  0.00000e+00  0.00000e+00  3.03072e-01
  893  3.68652e-01  2.65583e-01  9.27454e-01  0.00000e+00  0.00000e+00  3.03141e-01
  894  3.69629e-01  2.65617e-01  9.27317e-01  0.00000e+00  0.00000e+00  3.03191e-01
  895  3.70605e-01  2.65633e-01  9.27272e-01  0.00000e+00  0.00000e+00  3.03208e-01
  896  3.71582e-01  2.65633e-01  9.27276e-01  0.00000e+00  0.00000e+00  3.03206e-01
  897  3.72559e-01  2.65599e-01  9.27410e-01  0.00000e+00  0.00000e+00  3.03156e-01
  898  3.73535e-01  2.65547e-01  9.27603e-01  0.00000e+00  0.00000e+00  3.03087e-01
  899  3.74512e-01  2.65527e-01  9.27660e-01  0.00000e+00  0.00000e+00  3.03066e-01
  900  3.75488e-01  2.65515e-01  9.27672e-01  0.00000e+00  0.00000e+00  3.03063e-01
  901  3.76465e-01  2.65520e-01  9.27645e-01  0.00000e+00  0.00000e+00  3.03074e-01
  902  3.77441e-01  2.65569e-01  9.27437e-01  0.00000e+00  0.00000e+00  3.03148e-01
  903  3.78418e-01  2.65613e-01  9.27293e-01  0.00000e+00  0.00000e+00  3.03202e-01
  904  3.79395e-01  2.65626e-01  9.27287e-01  0.00000e+00  0.00000e+00  3.03204e-01
  905  3.80371e-01  2.65616e-01  9.27337e-01  0.00000e+00  0.00000e+00  3.03186e-01
  906  3.81348e-01  2.65608e-01  9.27370e-01  0.00000e+00  0.00000e+00  3.03171e-01
  907  3.82324e-01  2.65593e-01  9.27436e-01  0.00000e+00  0.00000e+00  3.03145e-01
  908  3.83301e-01  2.65553e-01  9.27631e-01  0.00000e+00  0.00000e+00  3.03078e-01
  909  3.84277e-01  2.65529e-01  9.27713e-01  0.00000e+00  0.00000e+00  3.03050e-01
  910  3.85254e-01  2.65531e-01  9.27661e-01  0.00000e+00  0.00000e+00  3.03069e-01
  911  3.86230e-01  2.65572e-01  9.27433e-01  0.00000e+00  0.00000e+00  3.03152e-01
  912  3.87207e-01  2.65584e-01  9.27398e-01  0.00000e+00  0.00000e+00  3.03169e-01
  913  3.88184e-01  2.65598e-01  9.27343e-01  0.00000e+00  0.00000e+00  3.03188e-01
  914  3.89160e-01  2.65638e-01  9.27187e-01  0.00000e+00  0.00000e+00  3.03236e-01
  915  3.90137e-01  2.65633e-01  9.27220e-01  0.00000e+00  0.00000e+00  3.03223e-01
  916  3.91113e-01  2.65589e-01  9.27438e-01  0.00000e+00  0.00000e+00  3.03147e-01
  917  3.92090e-01  2.65512e-01  9.27785e-01  0.00000e+00  0.00000e+00  3.03029e-01
  918  3.93066e-01  2.65481e-01  9.27928e-01  0.00000e+00  0.00000e+00  3.02982e-01
  919  3.94043e-01  2.65605e-01  9.27364e-01  0.00000e+00  0.00000e+00  3.03172e-01
  920  3.95020e-01  2.65544e-01  9.27701e-01  0.00000e+00  0.00000e+00  3.03061e-01
  921  3.95996e-01  2.65563e-01  9.27530e-01  0.00000e+00  0.00000e+00  3.03120e-01
  922  3.96973e-01  2.65731e-01  9.26673e-01  0.00000e+00  0.00000e+00  3.03409e-01
  923  3.97949e-01  2.65424e-01  9.28165e-01  0.00000e+00  0.00000e+00  3.02909e-01
  924  3.98926e-01  2.65890e-01  9.26045e-01  0.00000e+00  0.00000e+00  3.03630e-01
  925  3.99902e-01  2.65426e-01  9.28396e-01  0.00000e+00  0.00000e+00  3.02871e-01
  926  4.00879e-01  2.65409e-01  9.29009e-01  0.00000e+00  0.00000e+00  3.02889e-01
  927  4.01855e-01  2.65993e-01  9.25189e-01  0.00000e+00  0.00000e+00  3.03920e-01
  928  4.02832e-01  2.52098e-01  8.53330e-01  0.00000e+00  0.00000e+00  2.82046e-01
  929  4.03809e-01  1.50964e-01  2.32383e-01  0.00000e+00  0.00000e+00  1.33783e-01
  930  4.04785e-01  1.25137e-01  1.16273e-03  0.00000e+00  0.00000e+00  1.00154e-01
  931  4.05762e-01  1.25000e-01  2.97957e-06  0.00000e+00  0.00000e+00  1.00000e-01
  932  4.06738e-01  1.25000e-01  7.62850e-09  0.00000e+00  0.00000e+00  1.00000e-01
  933  4.07715e-01  1.25000e-01  1.91038e-11  0.00000e+00  0.00000e+00  1.00000e-01
  934  4.08691e-01  1.25000e-01  4.92592e-14  0.00000e+00  0.00000e+00  1.00000e-01
  935  4.09668e-01  1.25000e-01  1.21428e-16  0.00000e+00  0.00000e+00  1.00000e-01
  936  4.10645e-01  1.25000e-01  0.00000e+00  0.00000e+00  0.00000e+00  1.00000e-01
  937  4.11621e-01  1.25000e-01  0.00000e+00  0.00000e+00  0.00000e+00  1.00000e-01
  938  4.12598e-01  1.25000e-01  0.00000e+00  0.00000e+00  0.00000e+00  1.00000e-01
  939  4.13574e-01  1.25000e-01  0.00000e+00  0.00000e+00  0.00000e+00  1.00000e-01
  940  4.14551e-01  1.25000e-01  0.00000e+00  0.00000e+00  0.00000e+00  1.00000e-01
  941  4.15527e-01  1.25000e-01  0.00000e+00  0.00000e+00  0.00000e+00  1.00000e-01
  942  4.16504e-01  1.25000e-01  0.00000e+00  0.00000e+00  0.00000e+00  1.00000e-01
  943  4.17480e-01  1.25000e-01  0.00000e+00  0.00000e+00  0.00000e+00  1.00000e-01
  944  4.18457e-01  1.25000e-01  0.00000e+00  0.00000e+00  0.00000e+00  1.00000e-01
  945  4.19434e-01  1.25000e-01  0.00000e+00  0.00000e+00  0.00000e+00  1.00000e-01
  946  4.20410e-01  1.25000e-01  0.00000e+00  0.00000e+00  0.00000e+00  1.00000e-01
  947  4.21387e-01  1.25000e-01  0.00000e+00  0.00000e+00  0.00000e+00  1.00000e-01
  948  4.22363e-01  1.25000e-01  0.00000e+00  0.00000e+00  0.00000e+00  1.00000e-01
  949  4.23340e-01  1.25000e-01  0.00000e+00  0.00000e+00  0.00000e+00  1.00000e-01
  950  4.24316e-01  1.25000e-01  0.00000e+00  0.00000e+00  0.00000e+00  1.00000e-01
  951  4.25293e-01  1.25000e-01  0.00000e+00  0.00000e+00  0.00000e+00  1.00000e-01
  952  4.26270e-01  1.25000e-01  0.00000e+00  0.00000e+00  0.00000e+00  1.00000e-01
  953  4.27246e-01  1.25000e-01  0.00000e+00  0.00000e+00  0.00000e+00  1.00000e-01
  954  4.28223e-01  1.25000e-01  0.00000e+00  0.00000e+00  0.00000e+00  1.00000e-01
  955  4.29199e-01  1.25000e-01  0.00000e+00  0.00000e+00  0.00000e+00  1.00000e-01
  956  4.30176e-01  1.25000e-01  0.00000e+00  0.00000e+00  0.00000e+00  1.00000e-01
  957  4.31152e-01  1.25000e-01  0.00000e+00  0.00000e+00  0.00000e+00  1.00000e-01
  958  4.32129e-01  1.25000e-01  0.00000e+00  0.00000e+00  0.00000e+00  1.00000e-01
  959  4.33105e-01  1.25000e-01  0.00000e+00  0.00000e+00  0.00000e+00  1.00000e-01
  960  4.34082e-01  1.25000e-01  0.00000e+00  0.00000e+00  0.00000e+00  1.00000e-01
  961  4.35059e-01  1.25000e-01  0.00000e+00  0.00000e+00  0.00000e+00  1.00000e-01
  962  4.36035e-01  1.25000e-01  0.00000e+00  0.00000e+00  0.00000e+00  1.00000e-01
  963  4.37012e-01  1.25000e-01  0.00000e+00  0.00000e+00  0.00000e+00  1.00000e-01
  964  4.37988e-01  1.25000e-01  0.00000e+00  0.00000e+00  0.00000e+00  1.00000e-01
  965  4.38965e-01  1.25000e-01  0.00000e+00  0.00000e+00  0.00000e+00  1.00000e-01
  966  4.39941e-01  1.25000e-01  0.00000e+00  0.00000e+00  0.00000e+00  1.00000e-01
  967  4.40918e-01  1.25000e-01  0.00000e+00  0.00000e+00  0.00000e+00  1.00000e-01
  968  4.41895e-01  1.25000e-01  0.00000e+00  0.00000e+00  0.00000e+00  1.00000e-01
  969  4.42871e-01  1.25000e-01  0.00000e+00  0.00000e+00  0.00000e+00  1.00000e-01
  970  4.43848e-01  1.25000e-01  0.00000e+00  0.00000e+00  0.00000e+00  1.00000e-01
  971  4.44824e-01  1.25000e-01  0.00000e+00  0.00000e+00  0.00000e+00  1.00000e-01
  972  4.45801e-01  1.25000e-01  0.00000e+00  0.00000e+00  0.00000e+00  1.00000e-01
  973  4.46777e-01  1.25000e-01  0.00000e+00  0.00000e+00  0.00000e+00  1.00000e-01
  974  4.47754e-01  1.25000e-01  0.00000e+00  0.00000e+00  0.00000e+00  1.00000e-01
  975  4.48730e-01  1.25000e-01  0.00000e+00  0.00000e+00  0.00000e+00  1.00000e-01
  976  4.49707e-01  1.25000e-01  0.00000e+00  0.00000e+00  0.00000e+00  1.00000e-01
  977  4.50684e-01  1.25000e-01  0.00000e+00  0.00000e+00  0.00000e+00  1.00000e-01
  978  4.51660e-01  1.25000e-01  0.00000e+00  0.00000e+00  0.00000e+00  1.00000e-01
  979  4.52637e-01  1.25000e-01  0.00000e+00  0.00000e+00  0.00000e+00  1.00000e-01
  980  4.53613e-01  1.25000e-01  0.00000e+00  0.00000e+00  0.00000e+00  1.00000e-01
  981  4.54590e-01  1.25000e-01  0.00000e+00  0.00000e+00  0.00000e+00  1.00000e-01
  982  4.55566e-01  1.25000e-01  0.00000e+00  0.00000e+00  0.00000e+00  1.00000e-01
  983  4.56543e-01  1.25000e-01  0.00000e+00  0.00000e+00  0.00000e+00  1.00000e-01
  984  4.57520e-01  1.25000e-01  0.00000e+00  0.00000e+00  0.00000e+00  1.00000e-01
  985  4.58496e-01  1.25000e-01  0.00000e+00  0.00000e+00  0.00000e+00  1.00000e-01
  986  4.59473e-01  1.25000e-01  0.00000e+00  0.00000e+00  0.00000e+00  1.00000e-01
  987  4.60449e-01  1.25000e-01  0.00000e+00  0.00000e+00  0.00000e+00  1.00000e-01
  988  4.61426e-01  1.25000e-01  0.00000e+00  0.00000e+00  0.00000e+00  1.00000e-01
  989  4.62402e-01  1.25000e-01  0.00000e+00  0.00000e+00  0.00000e+00  1.00000e-01
  990  4.63379e-01  1.25000e-01  0.00000e+00  0.00000e+00  0.00000e+00  1.00000e-01
  991  4.64355e-01  1.25000e-01  0.00000e+00  0.00000e+00  0.00000e+00  1.00000e-01
  992  4.65332e-01  1.25000e-01  0.00000e+00  0.00000e+00  0.00000e+00  1.00000e-01
  993  4.66309e-01  1.25000e-01  0.00000e+00  0.00000e+00  0.00000e+00  1.00000e-01
  994  4.67285e-01  1.25000e-01  0.00000e+00  0.00000e+00  0.00000e+00  1.00000e-01
  995  4.68262e-01  1.25000e-01  0.00000e+00  0.00000e+00  0.00000e+00  1.00000e-01
  996  4.69238e-01  1.25000e-01  0.00000e+00  0.00000e+00  0.00000e+00  1.00000e-01
  997  4.70215e-01  1.25000e-01  0.00000e+00  0.00000e+00  0.00000e+00  1.00000e-01
  998  4.71191e-01  1.25000e-01  0.00000e+00  0.00000e+00  0.00000e+00  1.00000e-01
  999  4.72168e-01  1.25000e-01  0.00000e+00  0.00000e+00  0.00000e+00  1.00000e-01
 1000  4.73145e-01  1.25000e-01  0.00000e+00  0.00000e+00  0.00000e+00  1.00000e-01
 1001  4.74121e-01  1.25000e-01  0.00000e+00  0.00000e+00  0.00000e+00  1.00000e-01
 1002  4.75098e-01  1.25000e-01  0.00000e+00  0.00000e+00  0.00000e+00  1.00000e-01
 1003  4.76074e-01  1.25000e-01  0.00000e+00  0.00000e+00  0.00000e+00  1.00000e-01
 1004  4.77051e-01  1.25000e-01  0.00000e+00  0.00000e+00  0.00000e+00  1.00000e-01
 1005  4.78027e-01  1.25000e-01  0.00000e+00  0.00000e+00  0.00000e+00  1.00000e-01
 1006  4.79004e-01  1.25000e-01  0.00000e+00  0.00000e+00  0.00000e+00  1.00000e-01
 1007  4.79980e-01  1.25000e-01  0.00000e+00  0.00000e+00  0.00000e+00  1.00000e-01
 1008  4.80957e-01  1.25000e-01  0.00000e+00  0.00000e+00  0.00000e+00  1.00000e-01
 1009  4.81934e-01  1.25000e-01  0.00000e+00  0.00000e+00  0.00000e+00  1.00000e-01
 1010  4.82910e-01  1.25000e-01  0.00000e+00  0.00000e+00  0.00000e+00  1.00000e-01
 1011  4.83887e-01  1.25000e-01  0.00000e+00  0.00000e+00  0.00000e+00  1.00000e-01
 1012  4.84863e-01  1.25000e-01  0.00000e+00  0.00000e+00  0.00000e+00  1.00000e-01
 1013  4.85840e-01  1.25000e-01  0.00000e+00  0.00000e+00  0.00000e+00  1.00000e-01
 1014  4.86816e-01  1.25000e-01  0.00000e+00  0.00000e+00  0.00000e+00  1.00000e-01
 1015  4.87793e-01  1.25000e-01  0.00000e+00  0.00000e+00  0.00000e+00  1.00000e-01
 1016  4.88770e-01  1.25000e-01  0.00000e+00  0.00000e+00  0.00000e+00  1.00000e-01
 1017  4.89746e-01  1.25000e-01  0.00000e+00  0.00000e+00  0.00000e+00  1.00000e-01
 1018  4.90723e-01  1.25000e-01  0.00000e+00  0.00000e+00  0.00000e+00  1.00000e-01
 1019  4.91699e-01  1.25000e-01  0.00000e+00  0.00000e+00  0.00000e+00  1.00000e-01
 1020  4.92676e-01  1.25000e-01  0.00000e+00  0.00000e+00  0.00000e+00  1.00000e-01
 1021  4.93652e-01  1.25000e-01  0.00000e+00  0.00000e+00  0.00000e+00  1.00000e-01
 1022  4.94629e-01  1.25000e-01  0.00000e+00  0.00000e+00  0.00000e+00  1.00000e-01
 1023  4.95605e-01  1.25000e-01  0.00000e+00  0.00000e+00  0.00000e+00  1.00000e-01
 1024  4.96582e-01  1.25000e-01  0.00000e+00  0.00000e+00  0.00000e+00  1.00000e-01
 1025  4.97559e-01  1.25000e-01  0.00000e+00  0.00000e+00  0.00000e+00  1.00000e-01
 1026  4.98535e-01  1.25000e-01  0.00000e+00  0.00000e+00  0.00000e+00  1.00000e-01
 1027  4.99512e-01  1.25000e-01  0.00000e+00  0.00000e+00  0.00000e+00  1.00000e-01
