# Nx1 = 1024
# x1-size = 1
# PRIMITIVE vars at Time = 0.150102, level= 0, domain= 0
# [1]=i-zone [2]=x1 [3]=d [4]=V1 [5]=V2 [6]=V3 [7]=P
    4 -4.99512e-01  1.00000e+00  0.00000e+00  0.00000e+00  0.00000e+00  1.00000e+00
    5 -4.98535e-01  1.00000e+00  0.00000e+00  0.00000e+00  0.00000e+00  1.00000e+00
    6 -4.97559e-01  1.00000e+00  0.00000e+00  0.00000e+00  0.00000e+00  1.00000e+00
    7 -4.96582e-01  1.00000e+00  0.00000e+00  0.00000e+00  0.00000e+00  1.00000e+00
    8 -4.95605e-01  1.00000e+00  0.00000e+00  0.00000e+00  0.00000e+00  1.00000e+00
    9 -4.94629e-01  1.00000e+00  0.00000e+00  0.00000e+00  0.00000e+00  1.00000e+00
   10 -4.93652e-01  1.00000e+00  0.00000e+00  0.00000e+00  0.00000e+00  1.00000e+00
   11 -4.92676e-01  1.00000e+00  0.00000e+00  0.00000e+00  0.00000e+00  1.00000e+00
   12 -4.91699e-01  1.00000e+00  0.00000e+00  0.00000e+00  0.00000e+00  1.00000e+00
   13 -4.90723e-01  1.00000e+00  0.00000e+00  0.00000e+00  0.00000e+00  1.00000e+00
   14 -4.89746e-01  1.00000e+00  0.00000e+00  0.00000e+00  0.00000e+00  1.00000e+00
   15 -4.88770e-01  1.00000e+00  0.00000e+00  0.00000e+00  0.00000e+00  1.00000e+00
   16 -4.87793e-01  1.00000e+00  0.00000e+00  0.00000e+00  0.00000e+00  1.00000e+00
   17 -4.86816e-01  1.00000e+00  0.00000e+00  0.00000e+00  0.00000e+00  1.00000e+00
   18 -4.85840e-01  1.00000e+00  0.00000e+00  0.00000e+00  0.00000e+00  1.00000e+00
   19 -4.84863e-01  1.00000e+00  0.00000e+00  0.00000e+00  0.00000e+00  1.00000e+00
   20 -4.83887e-01  1.00000e+00  0.00000e+00  0.00000e+00  0.00000e+00  1.00000e+00
   21 -4.82910e-01  1.00000e+00  0.00000e+00  0.00000e+00  0.00000e+00  1.00000e+00
   22 -4.81934e-01  1.00000e+00  0.00000e+00  0.00000e+00  0.00000e+00  1.00000e+00
   23 -4.80957e-01  1.00000e+00  0.00000e+00  0.00000e+00  0.00000e+00  1.00000e+00
   24 -4.79980e-01  1.00000e+00  0.00000e+00  0.00000e+00  0.00000e+00  1.00000e+00
   25 -4.79004e-01  1.00000e+00  0.00000e+00  0.00000e+00  0.00000e+00  1.00000e+00
   26 -4.78027e-01  1.00000e+00  0.00000e+00  0.00000e+00  0.00000e+00  1.00000e+00
   27 -4.77051e-01  1.00000e+00  0.00000e+00  0.00000e+00  0.00000e+00  1.00000e+00
   28 -4.76074e-01  1.00000e+00  0.00000e+00  0.00000e+00  0.00000e+00  1.00000e+00
   29 -4.75098e-01  1.00000e+00  0.00000e+00  0.00000e+00  0.00000e+00  1.00000e+00
   30 -4.74121e-01  1.00000e+00  0.00000e+00  0.00000e+00  0.00000e+00  1.00000e+00
   31 -4.73145e-01  1.00000e+00  0.00000e+00  0.00000e+00  0.00000e+00  1.00000e+00
   32 -4.72168e-01  1.00000e+00  0.00000e+00  0.00000e+00  0.00000e+00  1.00000e+00
   33 -4.71191e-01  1.00000e+00  0.00000e+00  0.00000e+00  0.00000e+00  1.00000e+00
   34 -4.70215e-01  1.00000e+00  0.00000e+00  0.00000e+00  0.00000e+00  1.00000e+00
   35 -4.69238e-01  1.00000e+00  0.00000e+00  0.00000e+00  0.00000e+00  1.00000e+00
   36 -4.68262e-01  1.00000e+00  0.00000e+00  0.00000e+00  0.00000e+00  1.00000e+00
   37 -4.67285e-01  1.00000e+00  0.00000e+00  0.00000e+00  0.00000e+00  1.00000e+00
   38 -4.66309e-01  1.00000e+00  0.00000e+00  0.00000e+00  0.00000e+00  1.00000e+00
   39 -4.65332e-01  1.00000e+00  0.00000e+00  0.00000e+00  0.00000e+00  1.00000e+00
   40 -4.64355e-01  1.00000e+00  0.00000e+00  0.00000e+00  0.00000e+00  1.00000e+00
   41 -4.63379e-01  1.00000e+00  0.00000e+00  0.00000e+00  0.00000e+00  1.00000e+00
   42 -4.62402e-01  1.00000e+00  0.00000e+00  0.00000e+00  0.00000e+00  1.00000e+00
   43 -4.61426e-01  1.00000e+00  0.00000e+00  0.00000e+00  0.00000e+00  1.00000e+00
   44 -4.60449e-01  1.00000e+00  0.00000e+00  0.00000e+00  0.00000e+00  1.00000e+00
   45 -4.59473e-01  1.00000e+00  0.00000e+00  0.00000e+00  0.00000e+00  1.00000e+00
   46 -4.58496e-01  1.00000e+00  0.00000e+00  0.00000e+00  0.00000e+00  1.00000e+00
   47 -4.57520e-01  1.00000e+00  0.00000e+00  0.00000e+00  0.00000e+00  1.00000e+00
   48 -4.56543e-01  1.00000e+00  0.00000e+00  0.00000e+00  0.00000e+00  1.00000e+00
   49 -4.55566e-01  1.00000e+00  0.00000e+00  0.00000e+00  0.00000e+00  1.00000e+00
   50 -4.54590e-01  1.00000e+00  0.00000e+00  0.00000e+00  0.00000e+00  1.00000e+00
   51 -4.53613e-01  1.00000e+00  0.00000e+00  0.00000e+00  0.00000e+00  1.00000e+00
   52 -4.52637e-01  1.00000e+00  0.00000e+00  0.00000e+00  0.00000e+00  1.00000e+00
   53 -4.51660e-01  1.00000e+00  0.00000e+00  0.00000e+00  0.00000e+00  1.00000e+00
   54 -4.50684e-01  1.00000e+00  0.00000e+00  0.00000e+00  0.00000e+00  1.00000e+00
   55 -4.49707e-01  1.00000e+00  0.00000e+00  0.00000e+00  0.00000e+00  1.00000e+00
   56 -4.48730e-01  1.00000e+00  0.00000e+00  0.00000e+00  0.00000e+00  1.00000e+00
   57 -4.47754e-01  1.00000e+00  0.00000e+00  0.00000e+00  0.00000e+00  1.00000e+00
   58 -4.46777e-01  1.00000e+00  0.00000e+00  0.00000e+00  0.00000e+00  1.00000e+00
   59 -4.45801e-01  1.00000e+00  0.00000e+00  0.00000e+00  0.00000e+00  1.00000e+00
   60 -4.44824e-01  1.00000e+00  0.00000e+00  0.00000e+00  0.00000e+00  1.00000e+00
   61 -4.43848e-01  1.00000e+00  0.00000e+00  0.00000e+00  0.00000e+00  1.00000e+00
   62 -4.42871e-01  1.00000e+00  0.00000e+00  0.00000e+00  0.00000e+00  1.00000e+00
   63 -4.41895e-01  1.00000e+00  0.00000e+00  0.00000e+00  0.00000e+00  1.00000e+00
   64 -4.40918e-01  1.00000e+00  0.00000e+00  0.00000e+00  0.00000e+00  1.00000e+00
   65 -4.39941e-01  1.00000e+00  0.00000e+00  0.00000e+00  0.00000e+00  1.00000e+00
   66 -4.38965e-01  1.00000e+00  0.00000e+00  0.00000e+00  0.00000e+00  1.00000e+00
   67 -4.37988e-01  1.00000e+00  0.00000e+00  0.00000e+00  0.00000e+00  1.00000e+00
   68 -4.37012e-01  1.00000e+00  0.00000e+00  0.00000e+00  0.00000e+00  1.00000e+00
   69 -4.36035e-01  1.00000e+00  0.00000e+00  0.00000e+00  0.00000e+00  1.00000e+00
   70 -4.35059e-01  1.00000e+00  0.00000e+00  0.00000e+00  0.00000e+00  1.00000e+00
   71 -4.34082e-01  1.00000e+00  0.00000e+00  0.00000e+00  0.00000e+00  1.00000e+00
   72 -4.33105e-01  1.00000e+00  0.00000e+00  0.00000e+00  0.00000e+00  1.00000e+00
   73 -4.32129e-01  1.00000e+00  0.00000e+00  0.00000e+00  0.00000e+00  1.00000e+00
   74 -4.31152e-01  1.00000e+00  0.00000e+00  0.00000e+00  0.00000e+00  1.00000e+00
   75 -4.30176e-01  1.00000e+00  0.00000e+00  0.00000e+00  0.00000e+00  1.00000e+00
   76 -4.29199e-01  1.00000e+00  0.00000e+00  0.00000e+00  0.00000e+00  1.00000e+00
   77 -4.28223e-01  1.00000e+00  0.00000e+00  0.00000e+00  0.00000e+00  1.00000e+00
   78 -4.27246e-01  1.00000e+00  0.00000e+00  0.00000e+00  0.00000e+00  1.00000e+00
   79 -4.26270e-01  1.00000e+00  0.00000e+00  0.00000e+00  0.00000e+00  1.00000e+00
   80 -4.25293e-01  1.00000e+00  0.00000e+00  0.00000e+00  0.00000e+00  1.00000e+00
   81 -4.24316e-01  1.00000e+00  0.00000e+00  0.00000e+00  0.00000e+00  1.00000e+00
   82 -4.23340e-01  1.00000e+00  0.00000e+00  0.00000e+00  0.00000e+00  1.00000e+00
   83 -4.22363e-01  1.00000e+00  0.00000e+00  0.00000e+00  0.00000e+00  1.00000e+00
   84 -4.21387e-01  1.00000e+00  0.00000e+00  0.00000e+00  0.00000e+00  1.00000e+00
   85 -4.20410e-01  1.00000e+00  0.00000e+00  0.00000e+00  0.00000e+00  1.00000e+00
   86 -4.19434e-01  1.00000e+00  0.00000e+00  0.00000e+00  0.00000e+00  1.00000e+00
   87 -4.18457e-01  1.00000e+00  0.00000e+00  0.00000e+00  0.00000e+00  1.00000e+00
   88 -4.17480e-01  1.00000e+00  0.00000e+00  0.00000e+00  0.00000e+00  1.00000e+00
   89 -4.16504e-01  1.00000e+00  0.00000e+00  0.00000e+00  0.00000e+00  1.00000e+00
   90 -4.15527e-01  1.00000e+00  0.00000e+00  0.00000e+00  0.00000e+00  1.00000e+00
   91 -4.14551e-01  1.00000e+00  0.00000e+00  0.00000e+00  0.00000e+00  1.00000e+00
   92 -4.13574e-01  1.00000e+00  0.00000e+00  0.00000e+00  0.00000e+00  1.00000e+00
   93 -4.12598e-01  1.00000e+00  0.00000e+00  0.00000e+00  0.00000e+00  1.00000e+00
   94 -4.11621e-01  1.00000e+00  0.00000e+00  0.00000e+00  0.00000e+00  1.00000e+00
   95 -4.10645e-01  1.00000e+00  0.00000e+00  0.00000e+00  0.00000e+00  1.00000e+00
   96 -4.09668e-01  1.00000e+00  0.00000e+00  0.00000e+00  0.00000e+00  1.00000e+00
   97 -4.08691e-01  1.00000e+00  0.00000e+00  0.00000e+00  0.00000e+00  1.00000e+00
   98 -4.07715e-01  1.00000e+00  0.00000e+00  0.00000e+00  0.00000e+00  1.00000e+00
   99 -4.06738e-01  1.00000e+00  0.00000e+00  0.00000e+00  0.00000e+00  1.00000e+00
  100 -4.05762e-01  1.00000e+00  0.00000e+00  0.00000e+00  0.00000e+00  1.00000e+00
  101 -4.04785e-01  1.00000e+00  0.00000e+00  0.00000e+00  0.00000e+00  1.00000e+00
  102 -4.03809e-01  1.00000e+00  0.00000e+00  0.00000e+00  0.00000e+00  1.00000e+00
  103 -4.02832e-01  1.00000e+00  0.00000e+00  0.00000e+00  0.00000e+00  1.00000e+00
  104 -4.01855e-01  1.00000e+00  0.00000e+00  0.00000e+00  0.00000e+00  1.00000e+00
  105 -4.00879e-01  1.00000e+00  0.00000e+00  0.00000e+00  0.00000e+00  1.00000e+00
  106 -3.99902e-01  1.00000e+00  0.00000e+00  0.00000e+00  0.00000e+00  1.00000e+00
  107 -3.98926e-01  1.00000e+00  0.00000e+00  0.00000e+00  0.00000e+00  1.00000e+00
  108 -3.97949e-01  1.00000e+00  0.00000e+00  0.00000e+00  0.00000e+00  1.00000e+00
  109 -3.96973e-01  1.00000e+00  0.00000e+00  0.00000e+00  0.00000e+00  1.00000e+00
  110 -3.95996e-01  1.00000e+00  0.00000e+00  0.00000e+00  0.00000e+00  1.00000e+00
  111 -3.95020e-01  1.00000e+00  0.00000e+00  0.00000e+00  0.00000e+00  1.00000e+00
  112 -3.94043e-01  1.00000e+00  0.00000e+00  0.00000e+00  0.00000e+00  1.00000e+00
  113 -3.93066e-01  1.00000e+00  0.00000e+00  0.00000e+00  0.00000e+00  1.00000e+00
  114 -3.92090e-01  1.00000e+00  0.00000e+00  0.00000e+00  0.00000e+00  1.00000e+00
  115 -3.91113e-01  1.00000e+00  0.00000e+00  0.00000e+00  0.00000e+00  1.00000e+00
  116 -3.90137e-01  1.00000e+00  8.09301e-17  0.00000e+00  0.00000e+00  1.00000e+00
  117 -3.89160e-01  1.00000e+00  2.84918e-21  0.00000e+00  0.00000e+00  1.00000e+00
  118 -3.88184e-01  1.00000e+00  9.26766e-22  0.00000e+00  0.00000e+00  1.00000e+00
  119 -3.87207e-01  1.00000e+00  1.07123e-21  0.00000e+00  0.00000e+00  1.00000e+00
  120 -3.86230e-01  1.00000e+00 -3.16204e-23  0.00000e+00  0.00000e+00  1.00000e+00
  121 -3.85254e-01  1.00000e+00 -1.53497e-22  0.00000e+00  0.00000e+00  1.00000e+00
  122 -3.84277e-01  1.00000e+00 -7.73197e-21  0.00000e+00  0.00000e+00  1.00000e+00
  123 -3.83301e-01  1.00000e+00  8.09339e-17  0.00000e+00  0.00000e+00  1.00000e+00
  124 -3.82324e-01  1.00000e+00  3.34082e-21  0.00000e+00  0.00000e+00  1.00000e+00
  125 -3.81348e-01  1.00000e+00 -3.65749e-20  0.00000e+00  0.00000e+00  1.00000e+00
  126 -3.80371e-01  1.00000e+00  4.32363e-21  0.00000e+00  0.00000e+00  1.00000e+00
  127 -3.79395e-01  1.00000e+00  2.86259e-20  0.00000e+00  0.00000e+00  1.00000e+00
  128 -3.78418e-01  1.00000e+00 -4.95034e-22  0.00000e+00  0.00000e+00  1.00000e+00
  129 -3.77441e-01  1.00000e+00 -7.93349e-21  0.00000e+00  0.00000e+00  1.00000e+00
  130 -3.76465e-01  1.00000e+00  3.33010e-21  0.00000e+00  0.00000e+00  1.00000e+00
  131 -3.75488e-01  1.00000e+00  4.07143e-22  0.00000e+00  0.00000e+00  1.00000e+00
  132 -3.74512e-01  1.00000e+00 -3.73061e-20  0.00000e+00  0.00000e+00  1.00000e+00
  133 -3.73535e-01  1.00000e+00  3.51917e-21  0.00000e+00  0.00000e+00  1.00000e+00
  134 -3.72559e-01  1.00000e+00  2.91753e-20  0.00000e+00  0.00000e+00  1.00000e+00
  135 -3.71582e-01  1.00000e+00  5.69334e-22  0.00000e+00  0.00000e+00  1.00000e+00
  136 -3.70605e-01  1.00000e+00 -3.06966e-20  0.00000e+00  0.00000e+00  1.00000e+00
  137 -3.69629e-01  1.00000e+00  4.57722e-21  0.00000e+00  0.00000e+00  1.00000e+00
  138 -3.68652e-01  1.00000e+00  2.99858e-20  0.00000e+00  0.00000e+00  1.00000e+00
  139 -3.67676e-01  1.00000e+00  9.16364e-22  0.00000e+00  0.00000e+00  1.00000e+00
  140 -3.66699e-01  1.00000e+00  7.93764e-23  0.00000e+00  0.00000e+00  1.00000e+00
  141 -3.65723e-01  1.00000e+00  5.10896e-22  0.00000e+00  0.00000e+00  1.00000e+00
  142 -3.64746e-01  1.00000e+00  4.28330e-22  0.00000e+00  0.00000e+00  1.00000e+00
  143 -3.63770e-01  1.00000e+00 -3.10173e-20  0.00000e+00  0.00000e+00  1.00000e+00
  144 -3.62793e-01  1.00000e+00  8.09329e-17  0.00000e+00  0.00000e+00  1.00000e+00
  145 -3.61816e-01  1.00000e+00  3.13075e-20  0.00000e+00  0.00000e+00  1.00000e+00
  146 -3.60840e-01  1.00000e+00 -1.43821e-21  0.00000e+00  0.00000e+00  1.00000e+00
  147 -3.59863e-01  1.00000e+00 -1.62861e-20  0.00000e+00  0.00000e+00  1.00000e+00
  148 -3.58887e-01  1.00000e+00  5.19107e-21  0.00000e+00  0.00000e+00  1.00000e+00
  149 -3.57910e-01  1.00000e+00  9.25818e-21  0.00000e+00  0.00000e+00  1.00000e+00
  150 -3.56934e-01  1.00000e+00  8.09217e-17  0.00000e+00  0.00000e+00  1.00000e+00
  151 -3.55957e-01  1.00000e+00  4.12924e-21  0.00000e+00  0.00000e+00  1.00000e+00
  152 -3.54980e-01  1.00000e+00 -1.76180e-22  0.00000e+00  0.00000e+00  1.00000e+00
  153 -3.54004e-01  1.00000e+00 -3.90011e-20  0.00000e+00  0.00000e+00  1.00000e+00
  154 -3.53027e-01  1.00000e+00 -1.29797e-20  0.00000e+00  0.00000e+00  1.00000e+00
  155 -3.52051e-01  1.00000e+00  8.09648e-17  0.00000e+00  0.00000e+00  1.00000e+00
  156 -3.51074e-01  1.00000e+00  5.95478e-21  0.00000e+00  0.00000e+00  1.00000e+00
  157 -3.50098e-01  1.00000e+00  5.96854e-21  0.00000e+00  0.00000e+00  1.00000e+00
  158 -3.49121e-01  1.00000e+00 -4.37920e-21  0.00000e+00  0.00000e+00  1.00000e+00
  159 -3.48145e-01  1.00000e+00  8.08977e-17  0.00000e+00  0.00000e+00  1.00000e+00
  160 -3.47168e-01  1.00000e+00  9.03987e-21  0.00000e+00  0.00000e+00  1.00000e+00
  161 -3.46191e-01  1.00000e+00  1.38152e-21  0.00000e+00  0.00000e+00  1.00000e+00
  162 -3.45215e-01  1.00000e+00  5.35970e-21  0.00000e+00  0.00000e+00  1.00000e+00
  163 -3.44238e-01  1.00000e+00  2.16839e-20  0.00000e+00  0.00000e+00  1.00000e+00
  164 -3.43262e-01  1.00000e+00 -7.01493e-20  0.00000e+00  0.00000e+00  1.00000e+00
  165 -3.42285e-01  1.00000e+00 -6.50870e-21  0.00000e+00  0.00000e+00  1.00000e+00
  166 -3.41309e-01  1.00000e+00  6.68406e-20  0.00000e+00  0.00000e+00  1.00000e+00
  167 -3.40332e-01  1.00000e+00  2.21679e-21  0.00000e+00  0.00000e+00  1.00000e+00
  168 -3.39355e-01  1.00000e+00 -5.97584e-20  0.00000e+00  0.00000e+00  1.00000e+00
  169 -3.38379e-01  1.00000e+00  2.93498e-21  0.00000e+00  0.00000e+00  1.00000e+00
  170 -3.37402e-01  1.00000e+00  1.68551e-20  0.00000e+00  0.00000e+00  1.00000e+00
  171 -3.36426e-01  1.00000e+00  1.17138e-21  0.00000e+00  0.00000e+00  1.00000e+00
  172 -3.35449e-01  1.00000e+00  8.09292e-17  0.00000e+00  0.00000e+00  1.00000e+00
  173 -3.34473e-01  1.00000e+00  6.04590e-21  0.00000e+00  0.00000e+00  1.00000e+00
  174 -3.33496e-01  1.00000e+00  2.19749e-20  0.00000e+00  0.00000e+00  1.00000e+00
  175 -3.32520e-01  1.00000e+00 -4.51297e-20  0.00000e+00  0.00000e+00  1.00000e+00
  176 -3.31543e-01  1.00000e+00  8.09428e-17  0.00000e+00  0.00000e+00  1.00000e+00
  177 -3.30566e-01  1.00000e+00  4.36625e-20  0.00000e+00  0.00000e+00  1.00000e+00
  178 -3.29590e-01  1.00000e+00 -7.12483e-21  0.00000e+00  0.00000e+00  1.00000e+00
  179 -3.28613e-01  1.00000e+00 -5.48149e-20  0.00000e+00  0.00000e+00  1.00000e+00
  180 -3.27637e-01  1.00000e+00  7.10310e-21  0.00000e+00  0.00000e+00  1.00000e+00
  181 -3.26660e-01  1.00000e+00 -5.62440e-22  0.00000e+00  0.00000e+00  1.00000e+00
  182 -3.25684e-01  1.00000e+00  1.35390e-21  0.00000e+00  0.00000e+00  1.00000e+00
  183 -3.24707e-01  1.00000e+00  2.36722e-20  0.00000e+00  0.00000e+00  1.00000e+00
  184 -3.23730e-01  1.00000e+00  4.55821e-21  0.00000e+00  0.00000e+00  1.00000e+00
  185 -3.22754e-01  1.00000e+00 -3.00336e-20  0.00000e+00  0.00000e+00  1.00000e+00
  186 -3.21777e-01  1.00000e+00 -2.06838e-20  0.00000e+00  0.00000e+00  1.00000e+00
  187 -3.20801e-01  1.00000e+00  8.09668e-17  0.00000e+00  0.00000e+00  1.00000e+00
  188 -3.19824e-01  1.00000e+00  1.36028e-20  0.00000e+00  0.00000e+00  1.00000e+00
  189 -3.18848e-01  1.00000e+00 -2.58981e-20  0.00000e+00  0.00000e+00  1.00000e+00
  190 -3.17871e-01  1.00000e+00 -3.54525e-20  0.00000e+00  0.00000e+00  1.00000e+00
  191 -3.16895e-01  1.00000e+00  3.14755e-20  0.00000e+00  0.00000e+00  1.00000e+00
  192 -3.15918e-01  1.00000e+00 -1.79271e-20  0.00000e+00  0.00000e+00  1.00000e+00
  193 -3.14941e-01  1.00000e+00  8.09331e-17  0.00000e+00  0.00000e+00  1.00000e+00
  194 -3.13965e-01  1.00000e+00  3.25859e-20  0.00000e+00  0.00000e+00  1.00000e+00
  195 -3.12988e-01  1.00000e+00 -1.32105e-20  0.00000e+00  0.00000e+00  1.00000e+00
  196 -3.12012e-01  1.00000e+00 -6.11904e-20  0.00000e+00  0.00000e+00  1.00000e+00
  197 -3.11035e-01  1.00000e+00  1.93719e-20  0.00000e+00  0.00000e+00  1.00000e+00
  198 -3.10059e-01  1.00000e+00  6.18904e-20  0.00000e+00  0.00000e+00  1.00000e+00
  199 -3.09082e-01  1.00000e+00 -1.74592e-21  0.00000e+00  0.00000e+00  1.00000e+00
  200 -3.08105e-01  1.00000e+00 -4.57169e-20  0.00000e+00  0.00000e+00  1.00000e+00
  201 -3.07129e-01  1.00000e+00 -1.13062e-20  0.00000e+00  0.00000e+00  1.00000e+00
  202 -3.06152e-01  1.00000e+00  9.73374e-21  0.00000e+00  0.00000e+00  1.00000e+00
  203 -3.05176e-01  1.00000e+00 -9.91941e-21  0.00000e+00  0.00000e+00  1.00000e+00
  204 -3.04199e-01  1.00000e+00  8.09366e-17  0.00000e+00  0.00000e+00  1.00000e+00
  205 -3.03223e-01  1.00000e+00  9.89465e-21  0.00000e+00  0.00000e+00  1.00000e+00
  206 -3.02246e-01  1.00000e+00 -8.35165e-21  0.00000e+00  0.00000e+00  1.00000e+00
  207 -3.01270e-01  1.00000e+00 -4.68663e-20  0.00000e+00  0.00000e+00  1.00000e+00
  208 -3.00293e-01  1.00000e+00  1.06849e-20  0.00000e+00  0.00000e+00  1.00000e+00
  209 -2.99316e-01  1.00000e+00  4.09437e-20  0.00000e+00  0.00000e+00  1.00000e+00
  210 -2.98340e-01  1.00000e+00  8.09383e-17  0.00000e+00  0.00000e+00  1.00000e+00
  211 -2.97363e-01  1.00000e+00 -3.98643e-20  0.00000e+00  0.00000e+00  1.00000e+00
  212 -2.96387e-01  1.00000e+00  1.26608e-20  0.00000e+00  0.00000e+00  1.00000e+00
  213 -2.95410e-01  1.00000e+00 -3.02475e-20  0.00000e+00  0.00000e+00  1.00000e+00
  214 -2.94434e-01  1.00000e+00  5.36155e-21  0.00000e+00  0.00000e+00  1.00000e+00
  215 -2.93457e-01  1.00000e+00  1.79424e-20  0.00000e+00  0.00000e+00  1.00000e+00
  216 -2.92480e-01  1.00000e+00  3.29374e-21  0.00000e+00  0.00000e+00  1.00000e+00
  217 -2.91504e-01  1.00000e+00  2.36484e-21  0.00000e+00  0.00000e+00  1.00000e+00
  218 -2.90527e-01  1.00000e+00 -1.66536e-20  0.00000e+00  0.00000e+00  1.00000e+00
  219 -2.89551e-01  1.00000e+00 -2.10856e-20  0.00000e+00  0.00000e+00  1.00000e+00
  220 -2.88574e-01  1.00000e+00  1.97822e-20  0.00000e+00  0.00000e+00  1.00000e+00
  221 -2.87598e-01  1.00000e+00  2.22965e-20  0.00000e+00  0.00000e+00  1.00000e+00
  222 -2.86621e-01  1.00000e+00  8.08984e-17  0.00000e+00  0.00000e+00  1.00000e+00
  223 -2.85645e-01  1.00000e+00  2.62755e-20  0.00000e+00  0.00000e+00  1.00000e+00
  224 -2.84668e-01  1.00000e+00 -3.78066e-20  0.00000e+00  0.00000e+00  1.00000e+00
  225 -2.83691e-01  1.00000e+00  3.03378e-21  0.00000e+00  0.00000e+00  1.00000e+00
  226 -2.82715e-01  1.00000e+00 -5.30033e-21  0.00000e+00  0.00000e+00  1.00000e+00
  227 -2.81738e-01  1.00000e+00  1.36694e-20  0.00000e+00  0.00000e+00  1.00000e+00
  228 -2.80762e-01  1.00000e+00 -1.30658e-20  0.00000e+00  0.00000e+00  1.00000e+00
  229 -2.79785e-01  1.00000e+00  5.32562e-21  0.00000e+00  0.00000e+00  1.00000e+00
  230 -2.78809e-01  1.00000e+00 -3.41903e-21  0.00000e+00  0.00000e+00  1.00000e+00
  231 -2.77832e-01  1.00000e+00  8.09001e-17  0.00000e+00  0.00000e+00  1.00000e+00
  232 -2.76855e-01  1.00000e+00 -1.00472e-20  0.00000e+00  0.00000e+00  1.00000e+00
  233 -2.75879e-01  1.00000e+00  3.17200e-20  0.00000e+00  0.00000e+00  1.00000e+00
  234 -2.74902e-01  1.00000e+00  5.06290e-20  0.00000e+00  0.00000e+00  1.00000e+00
  235 -2.73926e-01  1.00000e+00 -1.79765e-20  0.00000e+00  0.00000e+00  1.00000e+00
  236 -2.72949e-01  1.00000e+00 -1.45715e-20  0.00000e+00  0.00000e+00  1.00000e+00
  237 -2.71973e-01  1.00000e+00 -4.64896e-21  0.00000e+00  0.00000e+00  1.00000e+00
  238 -2.70996e-01  1.00000e+00  4.40307e-21  0.00000e+00  0.00000e+00  1.00000e+00
  239 -2.70020e-01  1.00000e+00 -1.80303e-20  0.00000e+00  0.00000e+00  1.00000e+00
  240 -2.69043e-01  1.00000e+00 -2.27988e-20  0.00000e+00  0.00000e+00  1.00000e+00
  241 -2.68066e-01  1.00000e+00 -8.39286e-21  0.00000e+00  0.00000e+00  1.00000e+00
  242 -2.67090e-01  1.00000e+00 -1.94722e-20  0.00000e+00  0.00000e+00  1.00000e+00
  243 -2.66113e-01  1.00000e+00  8.08981e-17  0.00000e+00  0.00000e+00  1.00000e+00
  244 -2.65137e-01  1.00000e+00  5.63122e-20  0.00000e+00  0.00000e+00  1.00000e+00
  245 -2.64160e-01  1.00000e+00  3.16236e-20  0.00000e+00  0.00000e+00  1.00000e+00
  246 -2.63184e-01  1.00000e+00 -5.58264e-21  0.00000e+00  0.00000e+00  1.00000e+00
  247 -2.62207e-01  1.00000e+00 -3.84993e-20  0.00000e+00  0.00000e+00  1.00000e+00
  248 -2.61230e-01  1.00000e+00  1.05209e-20  0.00000e+00  0.00000e+00  1.00000e+00
  249 -2.60254e-01  1.00000e+00 -1.92982e-20  0.00000e+00  0.00000e+00  1.00000e+00
  250 -2.59277e-01  1.00000e+00 -1.66610e-21  0.00000e+00  0.00000e+00  1.00000e+00
  251 -2.58301e-01  1.00000e+00 -2.25956e-21  0.00000e+00  0.00000e+00  1.00000e+00
  252 -2.57324e-01  1.00000e+00 -3.06235e-20  0.00000e+00  0.00000e+00  1.00000e+00
  253 -2.56348e-01  1.00000e+00  1.08181e-20  0.00000e+00  0.00000e+00  1.00000e+00
  254 -2.55371e-01  1.00000e+00  1.86218e-20  0.00000e+00  0.00000e+00  1.00000e+00
  255 -2.54395e-01  1.00000e+00 -3.99964e-21  0.00000e+00  0.00000e+00  1.00000e+00
  256 -2.53418e-01  1.00000e+00  1.65272e-20  0.00000e+00  0.00000e+00  1.00000e+00
  257 -2.52441e-01  1.00000e+00  2.95571e-20  0.00000e+00  0.00000e+00  1.00000e+00
  258 -2.51465e-01  1.00000e+00 -3.48193e-20  0.00000e+00  0.00000e+00  1.00000e+00
  259 -2.50488e-01  1.00000e+00  5.17086e-21  0.00000e+00  0.00000e+00  1.00000e+00
  260 -2.49512e-01  1.00000e+00 -3.33334e-20  0.00000e+00  0.00000e+00  1.00000e+00
  261 -2.48535e-01  1.00000e+00  6.13399e-22  0.00000e+00  0.00000e+00  1.00000e+00
  262 -2.47559e-01  1.00000e+00 -3.62091e-20  0.00000e+00  0.00000e+00  1.00000e+00
  263 -2.46582e-01  1.00000e+00 -1.37322e-20  0.00000e+00  0.00000e+00  1.00000e+00
  264 -2.45605e-01  1.00000e+00  2.60316e-20  0.00000e+00  0.00000e+00  1.00000e+00
  265 -2.44629e-01  1.00000e+00  3.00593e-20  0.00000e+00  0.00000e+00  1.00000e+00
  266 -2.43652e-01  1.00000e+00 -8.91192e-21  0.00000e+00  0.00000e+00  1.00000e+00
  267 -2.42676e-01  1.00000e+00 -1.32926e-20  0.00000e+00  0.00000e+00  1.00000e+00
  268 -2.41699e-01  1.00000e+00 -6.22606e-22  0.00000e+00  0.00000e+00  1.00000e+00
  269 -2.40723e-01  1.00000e+00  8.09515e-17  0.00000e+00  0.00000e+00  1.00000e+00
  270 -2.39746e-01  1.00000e+00  2.57226e-20  0.00000e+00  0.00000e+00  1.00000e+00
  271 -2.38770e-01  1.00000e+00 -2.73576e-20  0.00000e+00  0.00000e+00  1.00000e+00
  272 -2.37793e-01  1.00000e+00  1.42952e-20  0.00000e+00  0.00000e+00  1.00000e+00
  273 -2.36816e-01  1.00000e+00  3.77156e-22  0.00000e+00  0.00000e+00  1.00000e+00
  274 -2.35840e-01  1.00000e+00 -1.29741e-20  0.00000e+00  0.00000e+00  1.00000e+00
  275 -2.34863e-01  1.00000e+00 -2.70276e-20  0.00000e+00  0.00000e+00  1.00000e+00
  276 -2.33887e-01  1.00000e+00 -1.80015e-21  0.00000e+00  0.00000e+00  1.00000e+00
  277 -2.32910e-01  1.00000e+00 -5.18472e-21  0.00000e+00  0.00000e+00  1.00000e+00
  278 -2.31934e-01  1.00000e+00 -4.34506e-20  0.00000e+00  0.00000e+00  1.00000e+00
  279 -2.30957e-01  1.00000e+00 -3.65177e-20  0.00000e+00  0.00000e+00  1.00000e+00
  280 -2.29980e-01  1.00000e+00  5.58198e-20  0.00000e+00  0.00000e+00  1.00000e+00
  281 -2.29004e-01  1.00000e+00  3.40425e-20  0.00000e+00  0.00000e+00  1.00000e+00
  282 -2.28027e-01  1.00000e+00 -1.30780e-20  0.00000e+00  0.00000e+00  1.00000e+00
  283 -2.27051e-01  1.00000e+00 -2.42069e-20  0.00000e+00  0.00000e+00  1.00000e+00
  284 -2.26074e-01  1.00000e+00  8.09367e-17  0.00000e+00  0.00000e+00  1.00000e+00
  285 -2.25098e-01  1.00000e+00 -6.22003e-21  0.00000e+00  0.00000e+00  1.00000e+00
  286 -2.24121e-01  1.00000e+00  3.43883e-21  0.00000e+00  0.00000e+00  1.00000e+00
  287 -2.23145e-01  1.00000e+00 -1.02939e-21  0.00000e+00  0.00000e+00  1.00000e+00
  288 -2.22168e-01  1.00000e+00 -2.65733e-20  0.00000e+00  0.00000e+00  1.00000e+00
  289 -2.21191e-01  1.00000e+00 -4.68542e-20  0.00000e+00  0.00000e+00  1.00000e+00
  290 -2.20215e-01  1.00000e+00  6.03642e-21  0.00000e+00  0.00000e+00  1.00000e+00
  291 -2.19238e-01  1.00000e+00  6.65817e-20  0.00000e+00  0.00000e+00  1.00000e+00
  292 -2.18262e-01  1.00000e+00  2.17527e-20  0.00000e+00  0.00000e+00  1.00000e+00
  293 -2.17285e-01  1.00000e+00 -3.01649e-20  0.00000e+00  0.00000e+00  1.00000e+00
  294 -2.16309e-01  1.00000e+00  8.09037e-17  0.00000e+00  0.00000e+00  1.00000e+00
  295 -2.15332e-01  1.00000e+00  3.36236e-20  0.00000e+00  0.00000e+00  1.00000e+00
  296 -2.14355e-01  1.00000e+00 -3.20177e-20  0.00000e+00  0.00000e+00  1.00000e+00
  297 -2.13379e-01  1.00000e+00  1.44610e-21  0.00000e+00  0.00000e+00  1.00000e+00
  298 -2.12402e-01  1.00000e+00 -1.66457e-20  0.00000e+00  0.00000e+00  1.00000e+00
  299 -2.11426e-01  1.00000e+00 -3.42430e-20  0.00000e+00  0.00000e+00  1.00000e+00
  300 -2.10449e-01  1.00000e+00 -2.47475e-21  0.00000e+00  0.00000e+00  1.00000e+00
  301 -2.09473e-01  1.00000e+00  3.28832e-20  0.00000e+00  0.00000e+00  1.00000e+00
  302 -2.08496e-01  1.00000e+00 -9.74239e-21  0.00000e+00  0.00000e+00  1.00000e+00
  303 -2.07520e-01  1.00000e+00 -3.69849e-20  0.00000e+00  0.00000e+00  1.00000e+00
  304 -2.06543e-01  1.00000e+00 -1.16304e-20  0.00000e+00  0.00000e+00  1.00000e+00
  305 -2.05566e-01  1.00000e+00  3.42276e-20  0.00000e+00  0.00000e+00  1.00000e+00
  306 -2.04590e-01  1.00000e+00  8.09653e-17  0.00000e+00  0.00000e+00  1.00000e+00
  307 -2.03613e-01  1.00000e+00 -2.51894e-20  0.00000e+00  0.00000e+00  1.00000e+00
  308 -2.02637e-01  1.00000e+00  8.61190e-21  0.00000e+00  0.00000e+00  1.00000e+00
  309 -2.01660e-01  1.00000e+00  5.64138e-21  0.00000e+00  0.00000e+00  1.00000e+00
  310 -2.00684e-01  1.00000e+00 -3.55965e-21  0.00000e+00  0.00000e+00  1.00000e+00
  311 -1.99707e-01  1.00000e+00 -2.00384e-20  0.00000e+00  0.00000e+00  1.00000e+00
  312 -1.98730e-01  1.00000e+00  8.42932e-21  0.00000e+00  0.00000e+00  1.00000e+00
  313 -1.97754e-01  1.00000e+00 -3.93540e-21  0.00000e+00  0.00000e+00  1.00000e+00
  314 -1.96777e-01  1.00000e+00 -7.06414e-20  0.00000e+00  0.00000e+00  1.00000e+00
  315 -1.95801e-01  1.00000e+00  8.08741e-17  0.00000e+00  0.00000e+00  1.00000e+00
  316 -1.94824e-01  1.00000e+00  7.02732e-20  0.00000e+00  0.00000e+00  1.00000e+00
  317 -1.93848e-01  1.00000e+00  4.72192e-20  0.00000e+00  0.00000e+00  1.00000e+00
  318 -1.92871e-01  1.00000e+00  4.04501e-17  0.00000e+00  0.00000e+00  1.00000e+00
  319 -1.91895e-01  1.00000e+00  3.64182e-16  0.00000e+00  0.00000e+00  1.00000e+00
  320 -1.90918e-01  1.00000e+00  4.24888e-15  0.00000e+00  0.00000e+00  1.00000e+00
  321 -1.89941e-01  1.00000e+00  4.84374e-14  0.00000e+00  0.00000e+00  1.00000e+00
  322 -1.88965e-01  1.00000e+00  5.20793e-13  0.00000e+00  0.00000e+00  1.00000e+00
  323 -1.87988e-01  1.00000e+00  5.56261e-12  0.00000e+00  0.00000e+00  1.00000e+00
  324 -1.87012e-01  1.00000e+00  5.94143e-11  0.00000e+00  0.00000e+00  1.00000e+00
  325 -1.86035e-01  1.00000e+00  6.34405e-10  0.00000e+00  0.00000e+00  1.00000e+00
  326 -1.85059e-01  1.00000e+00  6.77190e-09  0.00000e+00  0.00000e+00  1.00000e+00
  327 -1.84082e-01  1.00000e+00  7.22938e-08  0.00000e+00  0.00000e+00  1.00000e+00
  328 -1.83105e-01  9.99999e-01  7.69882e-07  0.00000e+00  0.00000e+00  9.99999e-01
  329 -1.82129e-01  9.99993e-01  8.18234e-06  0.00000e+00  0.00000e+00  9.99990e-01
  330 -1.81152e-01  9.99930e-01  8.34057e-05  0.00000e+00  0.00000e+00  9.99901e-01
  331 -1.80176e-01  9.99537e-01  5.48364e-04  0.00000e+00  0.00000e+00  9.99351e-01
  332 -1.79199e-01  9.98417e-01  1.87418e-03  0.00000e+00  0.00000e+00  9.97785e-01
  333 -1.78223e-01  9.96379e-01  4.29132e-03  0.00000e+00  0.00000e+00  9.94934e-01
  334 -1.77246e-01  9.93511e-01  7.69916e-03  0.00000e+00  0.00000e+00  9.90927e-01
  335 -1.76270e-01  9.90049e-01  1.18224e-02  0.00000e+00  0.00000e+00  9.86098e-01
  336 -1.75293e-01  9.86225e-01  1.63915e-02  0.00000e+00  0.00000e+00  9.80769e-01
  337 -1.74316e-01  9.82196e-01  2.12197e-02  0.00000e+00  0.00000e+00  9.75164e-01
  338 -1.73340e-01  9.78054e-01  2.62001e-02  0.00000e+00  0.00000e+00  9.69412e-01
  339 -1.72363e-01  9.73847e-01  3.12762e-02  0.00000e+00  0.00000e+00  9.63579e-01
  340 -1.71387e-01  9.69600e-01  3.64180e-02  0.00000e+00  0.00000e+00  9.57701e-01
  341 -1.70410e-01  9.65328e-01  4.16081e-02  0.00000e+00  0.00000e+00  9.51799e-01
  342 -1.69434e-01  9.61041e-01  4.68353e-02  0.00000e+00  0.00000e+00  9.45887e-01
  343 -1.68457e-01  9.56745e-01  5.20916e-02  0.00000e+00  0.00000e+00  9.39973e-01
  344 -1.67480e-01  9.52446e-01  5.73714e-02  0.00000e+00  0.00000e+00  9.34064e-01
  345 -1.66504e-01  9.48147e-01  6.26704e-02  0.00000e+00  0.00000e+00  9.28167e-01
  346 -1.65527e-01  9.43850e-01  6.79853e-02  0.00000e+00  0.00000e+00  9.22283e-01
  347 -1.64551e-01  9.39558e-01  7.33136e-02  0.00000e+00  0.00000e+00  9.16417e-01
  348 -1.63574e-01  9.35272e-01  7.86533e-02  0.00000e+00  0.00000e+00  9.10571e-01
  349 -1.62598e-01  9.30995e-01  8.40028e-02  0.00000e+00  0.00000e+00  9.04746e-01
  350 -1.61621e-01  9.26726e-01  8.93608e-02  0.00000e+00  0.00000e+00  8.98943e-01
  351 -1.60645e-01  9.22467e-01  9.47262e-02  0.00000e+00  0.00000e+00  8.93165e-01
  352 -1.59668e-01  9.18219e-01  1.00098e-01  0.00000e+00  0.00000e+00  8.87412e-01
  353 -1.58691e-01  9.13982e-01  1.05476e-01  0.00000e+00  0.00000e+00  8.81684e-01
  354 -1.57715e-01  9.09756e-01  1.10859e-01  0.00000e+00  0.00000e+00  8.75982e-01
  355 -1.56738e-01  9.05543e-01  1.16246e-01  0.00000e+00  0.00000e+00  8.70308e-01
  356 -1.55762e-01  9.01341e-01  1.21638e-01  0.00000e+00  0.00000e+00  8.64660e-01
  357 -1.54785e-01  8.97153e-01  1.27033e-01  0.00000e+00  0.00000e+00  8.59040e-01
  358 -1.53809e-01  8.92978e-01  1.32431e-01  0.00000e+00  0.00000e+00  8.53448e-01
  359 -1.52832e-01  8.88815e-01  1.37833e-01  0.00000e+00  0.00000e+00  8.47884e-01
  360 -1.51855e-01  8.84667e-01  1.43238e-01  0.00000e+00  0.00000e+00  8.42349e-01
  361 -1.50879e-01  8.80531e-01  1.48645e-01  0.00000e+00  0.00000e+00  8.36841e-01
  362 -1.49902e-01  8.76410e-01  1.54054e-01  0.00000e+00  0.00000e+00  8.31363e-01
  363 -1.48926e-01  8.72302e-01  1.59465e-01  0.00000e+00  0.00000e+00  8.25913e-01
  364 -1.47949e-01  8.68209e-01  1.64879e-01  0.00000e+00  0.00000e+00  8.20491e-01
  365 -1.46973e-01  8.64129e-01  1.70294e-01  0.00000e+00  0.00000e+00  8.15099e-01
  366 -1.45996e-01  8.60063e-01  1.75710e-01  0.00000e+00  0.00000e+00  8.09735e-01
  367 -1.45020e-01  8.56012e-01  1.81129e-01  0.00000e+00  0.00000e+00  8.04400e-01
  368 -1.44043e-01  8.51975e-01  1.86548e-01  0.00000e+00  0.00000e+00  7.99094e-01
  369 -1.43066e-01  8.47952e-01  1.91969e-01  0.00000e+00  0.00000e+00  7.93817e-01
  370 -1.42090e-01  8.43944e-01  1.97391e-01  0.00000e+00  0.00000e+00  7.88568e-01
  371 -1.41113e-01  8.39950e-01  2.02814e-01  0.00000e+00  0.00000e+00  7.83349e-01
  372 -1.40137e-01  8.35970e-01  2.08238e-01  0.00000e+00  0.00000e+00  7.78158e-01
  373 -1.39160e-01  8.32005e-01  2.13663e-01  0.00000e+00  0.00000e+00  7.72995e-01
  374 -1.38184e-01  8.28055e-01  2.19089e-01  0.00000e+00  0.00000e+00  7.67862e-01
  375 -1.37207e-01  8.24119e-01  2.24515e-01  0.00000e+00  0.00000e+00  7.62756e-01
  376 -1.36230e-01  8.20197e-01  2.29943e-01  0.00000e+00  0.00000e+00  7.57680e-01
  377 -1.35254e-01  8.16290e-01  2.35370e-01  0.00000e+00  0.00000e+00  7.52631e-01
  378 -1.34277e-01  8.12397e-01  2.40799e-01  0.00000e+00  0.00000e+00  7.47612e-01
  379 -1.33301e-01  8.08519e-01  2.46228e-01  0.00000e+00  0.00000e+00  7.42620e-01
  380 -1.32324e-01  8.04655e-01  2.51657e-01  0.00000e+00  0.00000e+00  7.37656e-01
  381 -1.31348e-01  8.00806e-01  2.57086e-01  0.00000e+00  0.00000e+00  7.32721e-01
  382 -1.30371e-01  7.96972e-01  2.62517e-01  0.00000e+00  0.00000e+00  7.27814e-01
  383 -1.29395e-01  7.93151e-01  2.67947e-01  0.00000e+00  0.00000e+00  7.22934e-01
  384 -1.28418e-01  7.89346e-01  2.73377e-01  0.00000e+00  0.00000e+00  7.18083e-01
  385 -1.27441e-01  7.85555e-01  2.78808e-01  0.00000e+00  0.00000e+00  7.13259e-01
  386 -1.26465e-01  7.81778e-01  2.84239e-01  0.00000e+00  0.00000e+00  7.08463e-01
  387 -1.25488e-01  7.78016e-01  2.89670e-01  0.00000e+00  0.00000e+00  7.03694e-01
  388 -1.24512e-01  7.74268e-01  2.95102e-01  0.00000e+00  0.00000e+00  6.98953e-01
  389 -1.23535e-01  7.70534e-01  3.00533e-01  0.00000e+00  0.00000e+00  6.94239e-01
  390 -1.22559e-01  7.66815e-01  3.05964e-01  0.00000e+00  0.00000e+00  6.89552e-01
  391 -1.21582e-01  7.63111e-01  3.11395e-01  0.00000e+00  0.00000e+00  6.84893e-01
  392 -1.20605e-01  7.59420e-01  3.16827e-01  0.00000e+00  0.00000e+00  6.80261e-01
  393 -1.19629e-01  7.55744e-01  3.22258e-01  0.00000e+00  0.00000e+00  6.75655e-01
  394 -1.18652e-01  7.52083e-01  3.27689e-01  0.00000e+00  0.00000e+00  6.71076e-01
  395 -1.17676e-01  7.48435e-01  3.33120e-01  0.00000e+00  0.00000e+00  6.66525e-01
  396 -1.16699e-01  7.44802e-01  3.38551e-01  0.00000e+00  0.00000e+00  6.61999e-01
  397 -1.15723e-01  7.41183e-01  3.43981e-01  0.00000e+00  0.00000e+00  6.57501e-01
  398 -1.14746e-01  7.37579e-01  3.49411e-01  0.00000e+00  0.00000e+00  6.53028e-01
  399 -1.13770e-01  7.33989e-01  3.54842e-01  0.00000e+00  0.00000e+00  6.48582e-01
  400 -1.12793e-01  7.30412e-01  3.60271e-01  0.00000e+00  0.00000e+00  6.44163e-01
  401 -1.11816e-01  7.26850e-01  3.65701e-01  0.00000e+00  0.00000e+00  6.39769e-01
  402 -1.10840e-01  7.23303e-01  3.71130e-01  0.00000e+00  0.00000e+00  6.35401e-01
  403 -1.09863e-01  7.19769e-01  3.76559e-01  0.00000e+00  0.00000e+00  6.31060e-01
  404 -1.08887e-01  7.16249e-01  3.81987e-01  0.00000e+00  0.00000e+00  6.26744e-01
  405 -1.07910e-01  7.12743e-01  3.87415e-01  0.00000e+00  0.00000e+00  6.22453e-01
  406 -1.06934e-01  7.09252e-01  3.92842e-01  0.00000e+00  0.00000e+00  6.18188e-01
  407 -1.05957e-01  7.05774e-01  3.98269e-01  0.00000e+00  0.00000e+00  6.13949e-01
  408 -1.04980e-01  7.02311e-01  4.03696e-01  0.00000e+00  0.00000e+00  6.09735e-01
  409 -1.04004e-01  6.98861e-01  4.09121e-01  0.00000e+00  0.00000e+00  6.05546e-01
  410 -1.03027e-01  6.95425e-01  4.14547e-01  0.00000e+00  0.00000e+00  6.01383e-01
  411 -1.02051e-01  6.92004e-01  4.19971e-01  0.00000e+00  0.00000e+00  5.97244e-01
  412 -1.01074e-01  6.88596e-01  4.25395e-01  0.00000e+00  0.00000e+00  5.93131e-01
  413 -1.00098e-01  6.85202e-01  4.30819e-01  0.00000e+00  0.00000e+00  5.89042e-01
  414 -9.91211e-02  6.81822e-01  4.36241e-01  0.00000e+00  0.00000e+00  5.84978e-01
  415 -9.81445e-02  6.78455e-01  4.41663e-01  0.00000e+00  0.00000e+00  5.80938e-01
  416 -9.71680e-02  6.75103e-01  4.47084e-01  0.00000e+00  0.00000e+00  5.76923e-01
  417 -9.61914e-02  6.71764e-01  4.52505e-01  0.00000e+00  0.00000e+00  5.72932e-01
  418 -9.52148e-02  6.68439e-01  4.57924e-01  0.00000e+00  0.00000e+00  5.68966e-01
  419 -9.42383e-02  6.65127e-01  4.63343e-01  0.00000e+00  0.00000e+00  5.65024e-01
  420 -9.32617e-02  6.61830e-01  4.68761e-01  0.00000e+00  0.00000e+00  5.61106e-01
  421 -9.22852e-02  6.58546e-01  4.74177e-01  0.00000e+00  0.00000e+00  5.57212e-01
  422 -9.13086e-02  6.55275e-01  4.79593e-01  0.00000e+00  0.00000e+00  5.53342e-01
  423 -9.03320e-02  6.52019e-01  4.85008e-01  0.00000e+00  0.00000e+00  5.49495e-01
  424 -8.93555e-02  6.48775e-01  4.90422e-01  0.00000e+00  0.00000e+00  5.45673e-01
  425 -8.83789e-02  6.45546e-01  4.95834e-01  0.00000e+00  0.00000e+00  5.41874e-01
  426 -8.74023e-02  6.42330e-01  5.01246e-01  0.00000e+00  0.00000e+00  5.38098e-01
  427 -8.64258e-02  6.39127e-01  5.06656e-01  0.00000e+00  0.00000e+00  5.34346e-01
  428 -8.54492e-02  6.35938e-01  5.12065e-01  0.00000e+00  0.00000e+00  5.30617e-01
  429 -8.44727e-02  6.32763e-01  5.17472e-01  0.00000e+00  0.00000e+00  5.26911e-01
  430 -8.34961e-02  6.29601e-01  5.22879e-01  0.00000e+00  0.00000e+00  5.23229e-01
  431 -8.25195e-02  6.26453e-01  5.28283e-01  0.00000e+00  0.00000e+00  5.19569e-01
  432 -8.15430e-02  6.23318e-01  5.33687e-01  0.00000e+00  0.00000e+00  5.15933e-01
  433 -8.05664e-02  6.20196e-01  5.39089e-01  0.00000e+00  0.00000e+00  5.12319e-01
  434 -7.95898e-02  6.17088e-01  5.44489e-01  0.00000e+00  0.00000e+00  5.08728e-01
  435 -7.86133e-02  6.13993e-01  5.49887e-01  0.00000e+00  0.00000e+00  5.05160e-01
  436 -7.76367e-02  6.10912e-01  5.55284e-01  0.00000e+00  0.00000e+00  5.01615e-01
  437 -7.66602e-02  6.07844e-01  5.60679e-01  0.00000e+00  0.00000e+00  4.98092e-01
  438 -7.56836e-02  6.04790e-01  5.66072e-01  0.00000e+00  0.00000e+00  4.94591e-01
  439 -7.47070e-02  6.01749e-01  5.71463e-01  0.00000e+00  0.00000e+00  4.91113e-01
  440 -7.37305e-02  5.98721e-01  5.76852e-01  0.00000e+00  0.00000e+00  4.87657e-01
  441 -7.27539e-02  5.95707e-01  5.82239e-01  0.00000e+00  0.00000e+00  4.84223e-01
  442 -7.17773e-02  5.92706e-01  5.87624e-01  0.00000e+00  0.00000e+00  4.80812e-01
  443 -7.08008e-02  5.89719e-01  5.93007e-01  0.00000e+00  0.00000e+00  4.77422e-01
  444 -6.98242e-02  5.86745e-01  5.98387e-01  0.00000e+00  0.00000e+00  4.74055e-01
  445 -6.88477e-02  5.83784e-01  6.03764e-01  0.00000e+00  0.00000e+00  4.70709e-01
  446 -6.78711e-02  5.80837e-01  6.09139e-01  0.00000e+00  0.00000e+00  4.67386e-01
  447 -6.68945e-02  5.77903e-01  6.14511e-01  0.00000e+00  0.00000e+00  4.64084e-01
  448 -6.59180e-02  5.74982e-01  6.19880e-01  0.00000e+00  0.00000e+00  4.60804e-01
  449 -6.49414e-02  5.72075e-01  6.25247e-01  0.00000e+00  0.00000e+00  4.57545e-01
  450 -6.39648e-02  5.69181e-01  6.30610e-01  0.00000e+00  0.00000e+00  4.54308e-01
  451 -6.29883e-02  5.66301e-01  6.35970e-01  0.00000e+00  0.00000e+00  4.51093e-01
  452 -6.20117e-02  5.63435e-01  6.41327e-01  0.00000e+00  0.00000e+00  4.47900e-01
  453 -6.10352e-02  5.60581e-01  6.46680e-01  0.00000e+00  0.00000e+00  4.44727e-01
  454 -6.00586e-02  5.57742e-01  6.52030e-01  0.00000e+00  0.00000e+00  4.41576e-01
  455 -5.90820e-02  5.54915e-01  6.57375e-01  0.00000e+00  0.00000e+00  4.38447e-01
  456 -5.81055e-02  5.52102e-01  6.62717e-01  0.00000e+00  0.00000e+00  4.35339e-01
  457 -5.71289e-02  5.49303e-01  6.68055e-01  0.00000e+00  0.00000e+00  4.32252e-01
  458 -5.61523e-02  5.46518e-01  6.73389e-01  0.00000e+00  0.00000e+00  4.29186e-01
  459 -5.51758e-02  5.43745e-01  6.78718e-01  0.00000e+00  0.00000e+00  4.26141e-01
  460 -5.41992e-02  5.40987e-01  6.84043e-01  0.00000e+00  0.00000e+00  4.23118e-01
  461 -5.32227e-02  5.38242e-01  6.89364e-01  0.00000e+00  0.00000e+00  4.20115e-01
  462 -5.22461e-02  5.35511e-01  6.94679e-01  0.00000e+00  0.00000e+00  4.17134e-01
  463 -5.12695e-02  5.32793e-01  6.99989e-01  0.00000e+00  0.00000e+00  4.14173e-01
  464 -5.02930e-02  5.30089e-01  7.05295e-01  0.00000e+00  0.00000e+00  4.11233e-01
  465 -4.93164e-02  5.27399e-01  7.10595e-01  0.00000e+00  0.00000e+00  4.08314e-01
  466 -4.83398e-02  5.24722e-01  7.15890e-01  0.00000e+00  0.00000e+00  4.05416e-01
  467 -4.73633e-02  5.22059e-01  7.21179e-01  0.00000e+00  0.00000e+00  4.02538e-01
  468 -4.63867e-02  5.19409e-01  7.26463e-01  0.00000e+00  0.00000e+00  3.99680e-01
  469 -4.54102e-02  5.16773e-01  7.31742e-01  0.00000e+00  0.00000e+00  3.96843e-01
  470 -4.44336e-02  5.14150e-01  7.37015e-01  0.00000e+00  0.00000e+00  3.94027e-01
  471 -4.34570e-02  5.11541e-01  7.42282e-01  0.00000e+00  0.00000e+00  3.91230e-01
  472 -4.24805e-02  5.08945e-01  7.47544e-01  0.00000e+00  0.00000e+00  3.88453e-01
  473 -4.15039e-02  5.06362e-01  7.52801e-01  0.00000e+00  0.00000e+00  3.85696e-01
  474 -4.05273e-02  5.03792e-01  7.58053e-01  0.00000e+00  0.00000e+00  3.82958e-01
  475 -3.95508e-02  5.01235e-01  7.63300e-01  0.00000e+00  0.00000e+00  3.80240e-01
  476 -3.85742e-02  4.98691e-01  7.68542e-01  0.00000e+00  0.00000e+00  3.77540e-01
  477 -3.75977e-02  4.96159e-01  7.73779e-01  0.00000e+00  0.00000e+00  3.74859e-01
  478 -3.66211e-02  4.93639e-01  7.79013e-01  0.00000e+00  0.00000e+00  3.72197e-01
  479 -3.56445e-02  4.91131e-01  7.84244e-01  0.00000e+00  0.00000e+00  3.69552e-01
  480 -3.46680e-02  4.88635e-01  7.89471e-01  0.00000e+00  0.00000e+00  3.66925e-01
  481 -3.36914e-02  4.86150e-01  7.94697e-01  0.00000e+00  0.00000e+00  3.64315e-01
  482 -3.27148e-02  4.83675e-01  7.99920e-01  0.00000e+00  0.00000e+00  3.61722e-01
  483 -3.17383e-02  4.81211e-01  8.05143e-01  0.00000e+00  0.00000e+00  3.59145e-01
  484 -3.07617e-02  4.78758e-01  8.10366e-01  0.00000e+00  0.00000e+00  3.56584e-01
  485 -2.97852e-02  4.76314e-01  8.15590e-01  0.00000e+00  0.00000e+00  3.54038e-01
  486 -2.88086e-02  4.73879e-01  8.20816e-01  0.00000e+00  0.00000e+00  3.51506e-01
  487 -2.78320e-02  4.71453e-01  8.26043e-01  0.00000e+00  0.00000e+00  3.48990e-01
  488 -2.68555e-02  4.69035e-01  8.31274e-01  0.00000e+00  0.00000e+00  3.46487e-01
  489 -2.58789e-02  4.66626e-01  8.36509e-01  0.00000e+00  0.00000e+00  3.43998e-01
  490 -2.49023e-02  4.64225e-01  8.41748e-01  0.00000e+00  0.00000e+00  3.41522e-01
  491 -2.39258e-02  4.61831e-01  8.46992e-01  0.00000e+00  0.00000e+00  3.39059e-01
  492 -2.29492e-02  4.59444e-01  8.52242e-01  0.00000e+00  0.00000e+00  3.36609e-01
  493 -2.19727e-02  4.57065e-01  8.57497e-01  0.00000e+00  0.00000e+00  3.34171e-01
  494 -2.09961e-02  4.54693e-01  8.62758e-01  0.00000e+00  0.00000e+00  3.31746e-01
  495 -2.00195e-02  4.52329e-01  8.68025e-01  0.00000e+00  0.00000e+00  3.29333e-01
  496 -1.90430e-02  4.49972e-01  8.73297e-01  0.00000e+00  0.00000e+00  3.26933e-01
  497 -1.80664e-02  4.47623e-01  8.78573e-01  0.00000e+00  0.00000e+00  3.24546e-01
  498 -1.70898e-02  4.45282e-01  8.83852e-01  0.00000e+00  0.00000e+00  3.22173e-01
  499 -1.61133e-02  4.42951e-01  8.89133e-01  0.00000e+00  0.00000e+00  3.19813e-01
  500 -1.51367e-02  4.40629e-01  8.94414e-01  0.00000e+00  0.00000e+00  3.17469e-01
  501 -1.41602e-02  4.38319e-01  8.99690e-01  0.00000e+00  0.00000e+00  3.15142e-01
  502 -1.31836e-02  4.36023e-01  9.04957e-01  0.00000e+00  0.00000e+00  3.12832e-01
  503 -1.22070e-02  4.33743e-01  9.10209e-01  0.00000e+00  0.00000e+00  3.10545e-01
  504 -1.12305e-02  4.31487e-01  9.15428e-01  0.00000e+00  0.00000e+00  3.08285e-01
  505 -1.02539e-02  4.29278e-01  9.20559e-01  0.00000e+00  0.00000e+00  3.06078e-01
  506 -9.27734e-03  4.27204e-01  9.25394e-01  0.00000e+00  0.00000e+00  3.04010e-01
  507 -8.30078e-03  4.25548e-01  9.29267e-01  0.00000e+00  0.00000e+00  3.02361e-01
  508 -7.32422e-03  4.24832e-01  9.30945e-01  0.00000e+00  0.00000e+00  3.01649e-01
  509 -6.34766e-03  4.24754e-01  9.31129e-01  0.00000e+00  0.00000e+00  3.01572e-01
  510 -5.37109e-03  4.24853e-01  9.30897e-01  0.00000e+00  0.00000e+00  3.01670e-01
  511 -4.39453e-03  4.25431e-01  9.29540e-01  0.00000e+00  0.00000e+00  3.02245e-01
  512 -3.41797e-03  4.25735e-01  9.28828e-01  0.00000e+00  0.00000e+00  3.02547e-01
  513 -2.44141e-03  4.25772e-01  9.28742e-01  0.00000e+00  0.00000e+00  3.02584e-01
  514 -1.46484e-03  4.25781e-01  9.28721e-01  0.00000e+00  0.00000e+00  3.02593e-01
  515 -4.88281e-04  4.25801e-01  9.28673e-01  0.00000e+00  0.00000e+00  3.02613e-01
  516  4.88281e-04  4.25876e-01  9.28498e-01  0.00000e+00  0.00000e+00  3.02687e-01
  517  1.46484e-03  4.26015e-01  9.28174e-01  0.00000e+00  0.00000e+00  3.02825e-01
  518  2.44141e-03  4.26137e-01  9.27887e-01  0.00000e+00  0.00000e+00  3.02947e-01
  519  3.41797e-03  4.26175e-01  9.27800e-01  0.00000e+00  0.00000e+00  3.02984e-01
  520  4.39453e-03  4.26178e-01  9.27791e-01  0.00000e+00  0.00000e+00  3.02988e-01
  521  5.37109e-03  4.26178e-01  9.27792e-01  0.00000e+00  0.00000e+00  3.02987e-01
  522  6.34766e-03  4.26175e-01  9.27800e-01  0.00000e+00  0.00000e+00  3.02984e-01
  523  7.32422e-03  4.26175e-01  9.27799e-01  0.00000e+00  0.00000e+00  3.02985e-01
  524  8.30078e-03  4.26197e-01  9.27748e-01  0.00000e+00  0.00000e+00  3.03007e-01
  525  9.27734e-03  4.26277e-01  9.27559e-01  0.00000e+00  0.00000e+00  3.03087e-01
  526  1.02539e-02  4.26325e-01  9.27448e-01  0.00000e+00  0.00000e+00  3.03134e-01
  527  1.12305e-02  4.26329e-01  9.27439e-01  0.00000e+00  0.00000e+00  3.03138e-01
  528  1.22070e-02  4.26313e-01  9.27475e-01  0.00000e+00  0.00000e+00  3.03122e-01
  529  1.31836e-02  4.26269e-01  9.27580e-01  0.00000e+00  0.00000e+00  3.03078e-01
  530  1.41602e-02  4.26259e-01  9.27602e-01  0.00000e+00  0.00000e+00  3.03068e-01
  531  1.51367e-02  4.26264e-01  9.27592e-01  0.00000e+00  0.00000e+00  3.03073e-01
  532  1.61133e-02  4.26306e-01  9.27493e-01  0.00000e+00  0.00000e+00  3.03115e-01
  533  1.70898e-02  4.26336e-01  9.27422e-01  0.00000e+00  0.00000e+00  3.03145e-01
  534  1.80664e-02  4.26338e-01  9.27418e-01  0.00000e+00  0.00000e+00  3.03147e-01
  535  1.90430e-02  4.26321e-01  9.27459e-01  0.00000e+00  0.00000e+00  3.03129e-01
  536  2.00195e-02  4.26273e-01  9.27570e-01  0.00000e+00  0.00000e+00  3.03082e-01
  537  2.09961e-02  4.26263e-01  9.27594e-01  0.00000e+00  0.00000e+00  3.03072e-01
  538  2.19727e-02  4.26266e-01  9.27587e-01  0.00000e+00  0.00000e+00  3.03075e-01
  539  2.29492e-02  4.26306e-01  9.27493e-01  0.00000e+00  0.00000e+00  3.03115e-01
  540  2.39258e-02  4.26342e-01  9.27409e-01  0.00000e+00  0.00000e+00  3.03151e-01
  541  2.49023e-02  4.26345e-01  9.27402e-01  0.00000e+00  0.00000e+00  3.03154e-01
  542  2.58789e-02  4.26330e-01  9.27437e-01  0.00000e+00  0.00000e+00  3.03139e-01
  543  2.68555e-02  4.26278e-01  9.27560e-01  0.00000e+00  0.00000e+00  3.03087e-01
  544  2.78320e-02  4.26263e-01  9.27596e-01  0.00000e+00  0.00000e+00  3.03071e-01
  545  2.88086e-02  4.26266e-01  9.27589e-01  0.00000e+00  0.00000e+00  3.03074e-01
  546  2.97852e-02  4.26312e-01  9.27480e-01  0.00000e+00  0.00000e+00  3.03121e-01
  547  3.07617e-02  4.26353e-01  9.27385e-01  0.00000e+00  0.00000e+00  3.03161e-01
  548  3.17383e-02  4.26356e-01  9.27377e-01  0.00000e+00  0.00000e+00  3.03164e-01
  549  3.27148e-02  4.26334e-01  9.27429e-01  0.00000e+00  0.00000e+00  3.03142e-01
  550  3.36914e-02  4.26272e-01  9.27576e-01  0.00000e+00  0.00000e+00  3.03080e-01
  551  3.46680e-02  4.26257e-01  9.27610e-01  0.00000e+00  0.00000e+00  3.03066e-01
  552  3.56445e-02  4.26263e-01  9.27596e-01  0.00000e+00  0.00000e+00  3.03071e-01
  553  3.66211e-02  4.26319e-01  9.27466e-01  0.00000e+00  0.00000e+00  3.03127e-01
  554  3.75977e-02  4.26355e-01  9.27382e-01  0.00000e+00  0.00000e+00  3.03162e-01
  555  3.85742e-02  4.26356e-01  9.27379e-01  0.00000e+00  0.00000e+00  3.03164e-01
  556  3.95508e-02  4.26324e-01  9.27454e-01  0.00000e+00  0.00000e+00  3.03132e-01
  557  4.05273e-02  4.26269e-01  9.27583e-01  0.00000e+00  0.00000e+00  3.03077e-01
  558  4.15039e-02  4.26261e-01  9.27602e-01  0.00000e+00  0.00000e+00  3.03069e-01
  559  4.24805e-02  4.26272e-01  9.27575e-01  0.00000e+00  0.00000e+00  3.03080e-01
  560  4.34570e-02  4.26332e-01  9.27435e-01  0.00000e+00  0.00000e+00  3.03140e-01
  561  4.44336e-02  4.26357e-01  9.27378e-01  0.00000e+00  0.00000e+00  3.03164e-01
  562  4.54102e-02  4.26357e-01  9.27379e-01  0.00000e+00  0.00000e+00  3.03164e-01
  563  4.63867e-02  4.26320e-01  9.27464e-01  0.00000e+00  0.00000e+00  3.03128e-01
  564  4.73633e-02  4.26275e-01  9.27570e-01  0.00000e+00  0.00000e+00  3.03083e-01
  565  4.83398e-02  4.26270e-01  9.27582e-01  0.00000e+00  0.00000e+00  3.03078e-01
  566  4.93164e-02  4.26282e-01  9.27555e-01  0.00000e+00  0.00000e+00  3.03089e-01
  567  5.02930e-02  4.26336e-01  9.27428e-01  0.00000e+00  0.00000e+00  3.03143e-01
  568  5.12695e-02  4.26359e-01  9.27374e-01  0.00000e+00  0.00000e+00  3.03166e-01
  569  5.22461e-02  4.26360e-01  9.27372e-01  0.00000e+00  0.00000e+00  3.03167e-01
  570  5.32227e-02  4.26335e-01  9.27430e-01  0.00000e+00  0.00000e+00  3.03142e-01
  571  5.41992e-02  4.26284e-01  9.27551e-01  0.00000e+00  0.00000e+00  3.03091e-01
  572  5.51758e-02  4.26274e-01  9.27575e-01  0.00000e+00  0.00000e+00  3.03081e-01
  573  5.61523e-02  4.26279e-01  9.27564e-01  0.00000e+00  0.00000e+00  3.03086e-01
  574  5.71289e-02  4.26327e-01  9.27451e-01  0.00000e+00  0.00000e+00  3.03133e-01
  575  5.81055e-02  4.26366e-01  9.27360e-01  0.00000e+00  0.00000e+00  3.03172e-01
  576  5.90820e-02  4.26369e-01  9.27352e-01  0.00000e+00  0.00000e+00  3.03175e-01
  577  6.00586e-02  4.26349e-01  9.27400e-01  0.00000e+00  0.00000e+00  3.03155e-01
  578  6.10352e-02  4.26287e-01  9.27545e-01  0.00000e+00  0.00000e+00  3.03094e-01
  579  6.20117e-02  4.26272e-01  9.27582e-01  0.00000e+00  0.00000e+00  3.03078e-01
  580  6.29883e-02  4.26276e-01  9.27572e-01  0.00000e+00  0.00000e+00  3.03082e-01
  581  6.39648e-02  4.26329e-01  9.27447e-01  0.00000e+00  0.00000e+00  3.03135e-01
  582  6.49414e-02  4.26368e-01  9.27357e-01  0.00000e+00  0.00000e+00  3.03174e-01
  583  6.59180e-02  4.26371e-01  9.27352e-01  0.00000e+00  0.00000e+00  3.03176e-01
  584  6.68945e-02  4.26341e-01  9.27421e-01  0.00000e+00  0.00000e+00  3.03146e-01
  585  6.78711e-02  4.26277e-01  9.27572e-01  0.00000e+00  0.00000e+00  3.03083e-01
  586  6.88477e-02  4.26266e-01  9.27599e-01  0.00000e+00  0.00000e+00  3.03071e-01
  587  6.98242e-02  4.26275e-01  9.27578e-01  0.00000e+00  0.00000e+00  3.03080e-01
  588  7.08008e-02  4.26337e-01  9.27433e-01  0.00000e+00  0.00000e+00  3.03142e-01
  589  7.17773e-02  4.26368e-01  9.27359e-01  0.00000e+00  0.00000e+00  3.03173e-01
  590  7.27539e-02  4.26369e-01  9.27358e-01  0.00000e+00  0.00000e+00  3.03173e-01
  591  7.37305e-02  4.26331e-01  9.27447e-01  0.00000e+00  0.00000e+00  3.03136e-01
  592  7.47070e-02  4.26278e-01  9.27573e-01  0.00000e+00  0.00000e+00  3.03082e-01
  593  7.56836e-02  4.26271e-01  9.27589e-01  0.00000e+00  0.00000e+00  3.03075e-01
  594  7.66602e-02  4.26284e-01  9.27560e-01  0.00000e+00  0.00000e+00  3.03088e-01
  595  7.76367e-02  4.26346e-01  9.27415e-01  0.00000e+00  0.00000e+00  3.03150e-01
  596  7.86133e-02  4.26372e-01  9.27354e-01  0.00000e+00  0.00000e+00  3.03175e-01
  597  7.95898e-02  4.26373e-01  9.27353e-01  0.00000e+00  0.00000e+00  3.03176e-01
  598  8.05664e-02  4.26343e-01  9.27425e-01  0.00000e+00  0.00000e+00  3.03145e-01
  599  8.15430e-02  4.26289e-01  9.27550e-01  0.00000e+00  0.00000e+00  3.03092e-01
  600  8.25195e-02  4.26281e-01  9.27570e-01  0.00000e+00  0.00000e+00  3.03083e-01
  601  8.34961e-02  4.26286e-01  9.27559e-01  0.00000e+00  0.00000e+00  3.03088e-01
  602  8.44727e-02  4.26334e-01  9.27448e-01  0.00000e+00  0.00000e+00  3.03136e-01
  603  8.54492e-02  4.26375e-01  9.27353e-01  0.00000e+00  0.00000e+00  3.03176e-01
  604  8.64258e-02  4.26379e-01  9.27344e-01  0.00000e+00  0.00000e+00  3.03180e-01
  605  8.74023e-02  4.26363e-01  9.27382e-01  0.00000e+00  0.00000e+00  3.03164e-01
  606  8.83789e-02  4.26301e-01  9.27527e-01  0.00000e+00  0.00000e+00  3.03102e-01
  607  8.93555e-02  4.26280e-01  9.27578e-01  0.00000e+00  0.00000e+00  3.03080e-01
  608  9.03320e-02  4.26282e-01  9.27574e-01  0.00000e+00  0.00000e+00  3.03082e-01
  609  9.13086e-02  4.26330e-01  9.27463e-01  0.00000e+00  0.00000e+00  3.03129e-01
  610  9.22852e-02  4.26382e-01  9.27348e-01  0.00000e+00  0.00000e+00  3.03179e-01
  611  9.32617e-02  4.26387e-01  9.27337e-01  0.00000e+00  0.00000e+00  3.03183e-01
  612  9.42383e-02  4.26365e-01  9.27387e-01  0.00000e+00  0.00000e+00  3.03162e-01
  613  9.52148e-02  4.26292e-01  9.27555e-01  0.00000e+00  0.00000e+00  3.03090e-01
  614  9.61914e-02  4.26272e-01  9.27602e-01  0.00000e+00  0.00000e+00  3.03070e-01
  615  9.71680e-02  4.26277e-01  9.27593e-01  0.00000e+00  0.00000e+00  3.03074e-01
  616  9.81445e-02  4.26335e-01  9.27457e-01  0.00000e+00  0.00000e+00  3.03132e-01
  617  9.91211e-02  4.26380e-01  9.27352e-01  0.00000e+00  0.00000e+00  3.03177e-01
  618  1.00098e-01  4.26387e-01  9.27346e-01  0.00000e+00  0.00000e+00  3.03180e-01
  619  1.01074e-01  4.26360e-01  9.27414e-01  0.00000e+00  0.00000e+00  3.03151e-01
  620  1.02051e-01  4.26297e-01  9.27565e-01  0.00000e+00  0.00000e+00  3.03086e-01
  621  1.03027e-01  4.26284e-01  9.27593e-01  0.00000e+00  0.00000e+00  3.03074e-01
  622  1.04004e-01  4.26291e-01  9.27577e-01  0.00000e+00  0.00000e+00  3.03081e-01
  623  1.04980e-01  4.26351e-01  9.27440e-01  0.00000e+00  0.00000e+00  3.03140e-01
  624  1.05957e-01  4.26388e-01  9.27348e-01  0.00000e+00  0.00000e+00  3.03179e-01
  625  1.06934e-01  4.26392e-01  9.27343e-01  0.00000e+00  0.00000e+00  3.03181e-01
  626  1.07910e-01  4.26372e-01  9.27392e-01  0.00000e+00  0.00000e+00  3.03160e-01
  627  1.08887e-01  4.26311e-01  9.27535e-01  0.00000e+00  0.00000e+00  3.03099e-01
  628  1.09863e-01  4.26305e-01  9.27573e-01  0.00000e+00  0.00000e+00  3.03083e-01
  629  1.10840e-01  4.26309e-01  9.27570e-01  0.00000e+00  0.00000e+00  3.03085e-01
  630  1.11816e-01  4.26350e-01  9.27482e-01  0.00000e+00  0.00000e+00  3.03122e-01
  631  1.12793e-01  4.26405e-01  9.27355e-01  0.00000e+00  0.00000e+00  3.03176e-01
  632  1.13770e-01  4.26413e-01  9.27336e-01  0.00000e+00  0.00000e+00  3.03184e-01
  633  1.14746e-01  4.26404e-01  9.27356e-01  0.00000e+00  0.00000e+00  3.03176e-01
  634  1.15723e-01  4.26345e-01  9.27493e-01  0.00000e+00  0.00000e+00  3.03118e-01
  635  1.16699e-01  4.26308e-01  9.27582e-01  0.00000e+00  0.00000e+00  3.03080e-01
  636  1.17676e-01  4.26310e-01  9.27586e-01  0.00000e+00  0.00000e+00  3.03078e-01
  637  1.18652e-01  4.26351e-01  9.27503e-01  0.00000e+00  0.00000e+00  3.03113e-01
  638  1.19629e-01  4.26418e-01  9.27352e-01  0.00000e+00  0.00000e+00  3.03178e-01
  639  1.20605e-01  4.26442e-01  9.27330e-01  0.00000e+00  0.00000e+00  3.03188e-01
  640  1.21582e-01  4.26433e-01  9.27357e-01  0.00000e+00  0.00000e+00  3.03176e-01
  641  1.22559e-01  4.26364e-01  9.27523e-01  0.00000e+00  0.00000e+00  3.03106e-01
  642  1.23535e-01  4.26349e-01  9.27608e-01  0.00000e+00  0.00000e+00  3.03069e-01
  643  1.24512e-01  4.26360e-01  9.27609e-01  0.00000e+00  0.00000e+00  3.03069e-01
  644  1.25488e-01  4.26432e-01  9.27502e-01  0.00000e+00  0.00000e+00  3.03115e-01
  645  1.26465e-01  4.26516e-01  9.27355e-01  0.00000e+00  0.00000e+00  3.03177e-01
  646  1.27441e-01  4.26577e-01  9.27337e-01  0.00000e+00  0.00000e+00  3.03185e-01
  647  1.28418e-01  4.26579e-01  9.27375e-01  0.00000e+00  0.00000e+00  3.03169e-01
  648  1.29395e-01  4.26536e-01  9.27536e-01  0.00000e+00  0.00000e+00  3.03100e-01
  649  1.30371e-01  4.26521e-01  9.27594e-01  0.00000e+00  0.00000e+00  3.03076e-01
  650  1.31348e-01  4.26514e-01  9.27591e-01  0.00000e+00  0.00000e+00  3.03077e-01
  651  1.32324e-01  4.26559e-01  9.27489e-01  0.00000e+00  0.00000e+00  3.03120e-01
  652  1.33301e-01  4.26593e-01  9.27356e-01  0.00000e+00  0.00000e+00  3.03177e-01
  653  1.34277e-01  4.26563e-01  9.27337e-01  0.00000e+00  0.00000e+00  3.03185e-01
  654  1.35254e-01  4.26326e-01  9.27358e-01  0.00000e+00  0.00000e+00  3.03176e-01
  655  1.36230e-01  4.24200e-01  9.27486e-01  0.00000e+00  0.00000e+00  3.03122e-01
  656  1.37207e-01  4.11446e-01  9.27578e-01  0.00000e+00  0.00000e+00  3.03083e-01
  657  1.38184e-01  3.80418e-01  9.27586e-01  0.00000e+00  0.00000e+00  3.03081e-01
  658  1.39160e-01  3.37088e-01  9.27554e-01  0.00000e+00  0.00000e+00  3.03095e-01
  659  1.40137e-01  2.97487e-01  9.27412e-01  0.00000e+00  0.00000e+00  3.03147e-01
  660  1.41113e-01  2.73793e-01  9.27312e-01  0.00000e+00  0.00000e+00  3.03182e-01
  661  1.42090e-01  2.65586e-01  9.27301e-01  0.00000e+00  0.00000e+00  3.03185e-01
  662  1.43066e-01  2.64323e-01  9.27312e-01  0.00000e+00  0.00000e+00  3.03182e-01
  663  1.44043e-01  2.64185e-01  9.27413e-01  0.00000e+00  0.00000e+00  3.03149e-01
  664  1.45020e-01  2.64172e-01  9.27579e-01  0.00000e+00  0.00000e+00  3.03095e-01
  665  1.45996e-01  2.64261e-01  9.27626e-01  0.00000e+00  0.00000e+00  3.03079e-01
  666  1.46973e-01  2.64653e-01  9.27626e-01  0.00000e+00  0.00000e+00  3.03079e-01
  667  1.47949e-01  2.65116e-01  9.27567e-01  0.00000e+00  0.00000e+00  3.03098e-01
  668  1.48926e-01  2.65411e-01  9.27394e-01  0.00000e+00  0.00000e+00  3.03155e-01
  669  1.49902e-01  2.65516e-01  9.27308e-01  0.00000e+00  0.00000e+00  3.03183e-01
  670  1.50879e-01  2.65542e-01  9.27302e-01  0.00000e+00  0.00000e+00  3.03185e-01
  671  1.51855e-01  2.65552e-01  9.27326e-01  0.00000e+00  0.00000e+00  3.03177e-01
  672  1.52832e-01  2.65532e-01  9.27470e-01  0.00000e+00  0.00000e+00  3.03130e-01
  673  1.53809e-01  2.65506e-01  9.27622e-01  0.00000e+00  0.00000e+00  3.03080e-01
  674  1.54785e-01  2.65503e-01  9.27646e-01  0.00000e+00  0.00000e+00  3.03072e-01
  675  1.55762e-01  2.65499e-01  9.27640e-01  0.00000e+00  0.00000e+00  3.03074e-01
  676  1.56738e-01  2.65515e-01  9.27543e-01  0.00000e+00  0.00000e+00  3.03106e-01
  677  1.57715e-01  2.65548e-01  9.27363e-01  0.00000e+00  0.00000e+00  3.03165e-01
  678  1.58691e-01  2.65551e-01  9.27309e-01  0.00000e+00  0.00000e+00  3.03182e-01
  679  1.59668e-01  2.65548e-01  9.27308e-01  0.00000e+00  0.00000e+00  3.03184e-01
  680  1.60645e-01  2.65539e-01  9.27350e-01  0.00000e+00  0.00000e+00  3.03171e-01
  681  1.61621e-01  2.65512e-01  9.27503e-01  0.00000e+00  0.00000e+00  3.03121e-01
  682  1.62598e-01  2.65501e-01  9.27605e-01  0.00000e+00  0.00000e+00  3.03087e-01
  683  1.63574e-01  2.65510e-01  9.27617e-01  0.00000e+00  0.00000e+00  3.03084e-01
  684  1.64551e-01  2.65519e-01  9.27609e-01  0.00000e+00  0.00000e+00  3.03086e-01
  685  1.65527e-01  2.65539e-01  9.27524e-01  0.00000e+00  0.00000e+00  3.03113e-01
  686  1.66504e-01  2.65570e-01  9.27372e-01  0.00000e+00  0.00000e+00  3.03163e-01
  687  1.67480e-01  2.65582e-01  9.27318e-01  0.00000e+00  0.00000e+00  3.03181e-01
  688  1.68457e-01  2.65587e-01  9.27316e-01  0.00000e+00  0.00000e+00  3.03183e-01
  689  1.69434e-01  2.65591e-01  9.27332e-01  0.00000e+00  0.00000e+00  3.03179e-01
  690  1.70410e-01  2.65576e-01  9.27432e-01  0.00000e+00  0.00000e+00  3.03147e-01
  691  1.71387e-01  2.65546e-01  9.27583e-01  0.00000e+00  0.00000e+00  3.03096e-01
  692  1.72363e-01  2.65538e-01  9.27628e-01  0.00000e+00  0.00000e+00  3.03081e-01
  693  1.73340e-01  2.65525e-01  9.27626e-01  0.00000e+00  0.00000e+00  3.03080e-01
  694  1.74316e-01  2.65531e-01  9.27572e-01  0.00000e+00  0.00000e+00  3.03097e-01
  695  1.75293e-01  2.65559e-01  9.27395e-01  0.00000e+00  0.00000e+00  3.03156e-01
  696  1.76270e-01  2.65579e-01  9.27287e-01  0.00000e+00  0.00000e+00  3.03192e-01
  697  1.77246e-01  2.65583e-01  9.27278e-01  0.00000e+00  0.00000e+00  3.03196e-01
  698  1.78223e-01  2.65589e-01  9.27294e-01  0.00000e+00  0.00000e+00  3.03192e-01
  699  1.79199e-01  2.65568e-01  9.27421e-01  0.00000e+00  0.00000e+00  3.03151e-01
  700  1.80176e-01  2.65530e-01  9.27622e-01  0.00000e+00  0.00000e+00  3.03084e-01
  701  1.81152e-01  2.65521e-01  9.27675e-01  0.00000e+00  0.00000e+00  3.03066e-01
  702  1.82129e-01  2.65523e-01  9.27671e-01  0.00000e+00  0.00000e+00  3.03065e-01
  703  1.83105e-01  2.65547e-01  9.27581e-01  0.00000e+00  0.00000e+00  3.03094e-01
  704  1.84082e-01  2.65595e-01  9.27370e-01  0.00000e+00  0.00000e+00  3.03164e-01
  705  1.85059e-01  2.65617e-01  9.27291e-01  0.00000e+00  0.00000e+00  3.03191e-01
  706  1.86035e-01  2.65618e-01  9.27289e-01  0.00000e+00  0.00000e+00  3.03193e-01
  707  1.87012e-01  2.65608e-01  9.27328e-01  0.00000e+00  0.00000e+00  3.03182e-01
  708  1.87988e-01  2.65562e-01  9.27502e-01  0.00000e+00  0.00000e+00  3.03125e-01
  709  1.88965e-01  2.65519e-01  9.27648e-01  0.00000e+00  0.00000e+00  3.03076e-01
  710  1.89941e-01  2.65512e-01  9.27663e-01  0.00000e+00  0.00000e+00  3.03069e-01
  711  1.90918e-01  2.65514e-01  9.27651e-01  0.00000e+00  0.00000e+00  3.03071e-01
  712  1.91895e-01  2.65539e-01  9.27534e-01  0.00000e+00  0.00000e+00  3.03109e-01
  713  1.92871e-01  2.65584e-01  9.27344e-01  0.00000e+00  0.00000e+00  3.03173e-01
  714  1.93848e-01  2.65601e-01  9.27295e-01  0.00000e+00  0.00000e+00  3.03190e-01
  715  1.94824e-01  2.65604e-01  9.27299e-01  0.00000e+00  0.00000e+00  3.03192e-01
  716  1.95801e-01  2.65595e-01  9.27346e-01  0.00000e+00  0.00000e+00  3.03179e-01
  717  1.96777e-01  2.65569e-01  9.27493e-01  0.00000e+00  0.00000e+00  3.03130e-01
  718  1.97754e-01  2.65552e-01  9.27608e-01  0.00000e+00  0.00000e+00  3.03092e-01
  719  1.98730e-01  2.65554e-01  9.27627e-01  0.00000e+00  0.00000e+00  3.03084e-01
  720  1.99707e-01  2.65554e-01  9.27622e-01  0.00000e+00  0.00000e+00  3.03083e-01
  721  2.00684e-01  2.65564e-01  9.27564e-01  0.00000e+00  0.00000e+00  3.03102e-01
  722  2.01660e-01  2.65589e-01  9.27396e-01  0.00000e+00  0.00000e+00  3.03158e-01
  723  2.02637e-01  2.65598e-01  9.27300e-01  0.00000e+00  0.00000e+00  3.03192e-01
  724  2.03613e-01  2.65593e-01  9.27295e-01  0.00000e+00  0.00000e+00  3.03197e-01
  725  2.04590e-01  2.65592e-01  9.27305e-01  0.00000e+00  0.00000e+00  3.03195e-01
  726  2.05566e-01  2.65575e-01  9.27397e-01  0.00000e+00  0.00000e+00  3.03165e-01
  727  2.06543e-01  2.65541e-01  9.27597e-01  0.00000e+00  0.00000e+00  3.03098e-01
  728  2.07520e-01  2.65533e-01  9.27674e-01  0.00000e+00  0.00000e+00  3.03069e-01
  729  2.08496e-01  2.65534e-01  9.27671e-01  0.00000e+00  0.00000e+00  3.03067e-01
  730  2.09473e-01  2.65551e-01  9.27590e-01  0.00000e+00  0.00000e+00  3.03093e-01
  731  2.10449e-01  2.65593e-01  9.27390e-01  0.00000e+00  0.00000e+00  3.03161e-01
  732  2.11426e-01  2.65618e-01  9.27285e-01  0.00000e+00  0.00000e+00  3.03198e-01
  733  2.12402e-01  2.65625e-01  9.27278e-01  0.00000e+00  0.00000e+00  3.03205e-01
  734  2.13379e-01  2.65623e-01  9.27293e-01  0.00000e+00  0.00000e+00  3.03202e-01
  735  2.14355e-01  2.65591e-01  9.27445e-01  0.00000e+00  0.00000e+00  3.03151e-01
  736  2.15332e-01  2.65535e-01  9.27677e-01  0.00000e+00  0.00000e+00  3.03073e-01
  737  2.16309e-01  2.65513e-01  9.27713e-01  0.00000e+00  0.00000e+00  3.03056e-01
  738  2.17285e-01  2.65507e-01  9.27702e-01  0.00000e+00  0.00000e+00  3.03057e-01
  739  2.18262e-01  2.65532e-01  9.27575e-01  0.00000e+00  0.00000e+00  3.03099e-01
  740  2.19238e-01  2.65584e-01  9.27356e-01  0.00000e+00  0.00000e+00  3.03174e-01
  741  2.20215e-01  2.65610e-01  9.27281e-01  0.00000e+00  0.00000e+00  3.03201e-01
  742  2.21191e-01  2.65624e-01  9.27282e-01  0.00000e+00  0.00000e+00  3.03205e-01
  743  2.22168e-01  2.65616e-01  9.27335e-01  0.00000e+00  0.00000e+00  3.03188e-01
  744  2.23145e-01  2.65580e-01  9.27519e-01  0.00000e+00  0.00000e+00  3.03127e-01
  745  2.24121e-01  2.65551e-01  9.27648e-01  0.00000e+00  0.00000e+00  3.03082e-01
  746  2.25098e-01  2.65543e-01  9.27664e-01  0.00000e+00  0.00000e+00  3.03074e-01
  747  2.26074e-01  2.65537e-01  9.27659e-01  0.00000e+00  0.00000e+00  3.03074e-01
  748  2.27051e-01  2.65555e-01  9.27564e-01  0.00000e+00  0.00000e+00  3.03106e-01
  749  2.28027e-01  2.65596e-01  9.27356e-01  0.00000e+00  0.00000e+00  3.03178e-01
  750  2.29004e-01  2.65605e-01  9.27309e-01  0.00000e+00  0.00000e+00  3.03197e-01
  751  2.29980e-01  2.65606e-01  9.27311e-01  0.00000e+00  0.00000e+00  3.03198e-01
  752  2.30957e-01  2.65600e-01  9.27343e-01  0.00000e+00  0.00000e+00  3.03188e-01
  753  2.31934e-01  2.65586e-01  9.27413e-01  0.00000e+00  0.00000e+00  3.03164e-01
  754  2.32910e-01  2.65557e-01  9.27562e-01  0.00000e+00  0.00000e+00  3.03112e-01
  755  2.33887e-01  2.65530e-01  9.27697e-01  0.00000e+00  0.00000e+00  3.03066e-01
  756  2.34863e-01  2.65533e-01  9.27702e-01  0.00000e+00  0.00000e+00  3.03064e-01
  757  2.35840e-01  2.65563e-01  9.27574e-01  0.00000e+00  0.00000e+00  3.03108e-01
  758  2.36816e-01  2.65600e-01  9.27411e-01  0.00000e+00  0.00000e+00  3.03165e-01
  759  2.37793e-01  2.65617e-01  9.27354e-01  0.00000e+00  0.00000e+00  3.03187e-01
  760  2.38770e-01  2.65641e-01  9.27270e-01  0.00000e+00  0.00000e+00  3.03218e-01
  761  2.39746e-01  2.65641e-01  9.27237e-01  0.00000e+00  0.00000e+00  3.03231e-01
  762  2.40723e-01  2.65611e-01  9.27338e-01  0.00000e+00  0.00000e+00  3.03197e-01
  763  2.41699e-01  2.65520e-01  9.27702e-01  0.00000e+00  0.00000e+00  3.03072e-01
  764  2.42676e-01  2.65497e-01  9.27793e-01  0.00000e+00  0.00000e+00  3.03039e-01
  765  2.43652e-01  2.65511e-01  9.27729e-01  0.00000e+00  0.00000e+00  3.03059e-01
  766  2.44629e-01  2.65555e-01  9.27556e-01  0.00000e+00  0.00000e+00  3.03117e-01
  767  2.45605e-01  2.65585e-01  9.27487e-01  0.00000e+00  0.00000e+00  3.03141e-01
  768  2.46582e-01  2.65628e-01  9.27313e-01  0.00000e+00  0.00000e+00  3.03204e-01
  769  2.47559e-01  2.65647e-01  9.27216e-01  0.00000e+00  0.00000e+00  3.03240e-01
  770  2.48535e-01  2.65623e-01  9.27328e-01  0.00000e+00  0.00000e+00  3.03203e-01
  771  2.49512e-01  2.65591e-01  9.27487e-01  0.00000e+00  0.00000e+00  3.03150e-01
  772  2.50488e-01  2.65542e-01  9.27716e-01  0.00000e+00  0.00000e+00  3.03071e-01
  773  2.51465e-01  2.65523e-01  9.27749e-01  0.00000e+00  0.00000e+00  3.03058e-01
  774  2.52441e-01  2.65541e-01  9.27647e-01  0.00000e+00  0.00000e+00  3.03092e-01
  775  2.53418e-01  2.65483e-01  9.27937e-01  0.00000e+00  0.00000e+00  3.02996e-01
  776  2.54395e-01  2.65658e-01  9.27150e-01  0.00000e+00  0.00000e+00  3.03262e-01
  777  2.55371e-01  2.65660e-01  9.27062e-01  0.00000e+00  0.00000e+00  3.03295e-01
  778  2.56348e-01  2.65499e-01  9.27799e-01  0.00000e+00  0.00000e+00  3.03049e-01
  779  2.57324e-01  2.65776e-01  9.26543e-01  0.00000e+00  0.00000e+00  3.03472e-01
  780  2.58301e-01  2.65390e-01  9.28503e-01  0.00000e+00  0.00000e+00  3.02820e-01
  781  2.59277e-01  2.65694e-01  9.27146e-01  0.00000e+00  0.00000e+00  3.03290e-01
  782  2.60254e-01  2.65837e-01  9.26618e-01  0.00000e+00  0.00000e+00  3.03588e-01
  783  2.61230e-01  2.64800e-01  9.31546e-01  0.00000e+00  0.00000e+00  3.01994e-01
  784  2.62207e-01  2.64031e-01  9.01131e-01  0.00000e+00  0.00000e+00  3.00114e-01
  785  2.63184e-01  1.81487e-01  4.70514e-01  0.00000e+00  0.00000e+00  1.78322e-01
  786  2.64160e-01  1.25798e-01  6.78169e-03  0.00000e+00  0.00000e+00  1.00899e-01
  787  2.65137e-01  1.25002e-01  1.79802e-05  0.00000e+00  0.00000e+00  1.00002e-01
  788  2.66113e-01  1.25000e-01  4.61567e-08  0.00000e+00  0.00000e+00  1.00000e-01
  789  2.67090e-01  1.25000e-01  1.16711e-10  0.00000e+00  0.00000e+00  1.00000e-01
  790  2.68066e-01  1.25000e-01  2.93534e-13  0.00000e+00  0.00000e+00  1.00000e-01
  791  2.69043e-01  1.25000e-01  6.47441e-16  0.00000e+00  0.00000e+00  1.00000e-01
  792  2.70020e-01  1.25000e-01  0.00000e+00  0.00000e+00  0.00000e+00  1.00000e-01
  793  2.70996e-01  1.25000e-01  0.00000e+00  0.00000e+00  0.00000e+00  1.00000e-01
  794  2.71973e-01  1.25000e-01  0.00000e+00  0.00000e+00  0.00000e+00  1.00000e-01
  795  2.72949e-01  1.25000e-01  0.00000e+00  0.00000e+00  0.00000e+00  1.00000e-01
  796  2.73926e-01  1.25000e-01  0.00000e+00  0.00000e+00  0.00000e+00  1.00000e-01
  797  2.74902e-01  1.25000e-01  0.00000e+00  0.00000e+00  0.00000e+00  1.00000e-01
  798  2.75879e-01  1.25000e-01  0.00000e+00  0.00000e+00  0.00000e+00  1.00000e-01
  799  2.76855e-01  1.25000e-01  0.00000e+00  0.00000e+00  0.00000e+00  1.00000e-01
  800  2.77832e-01  1.25000e-01  0.00000e+00  0.00000e+00  0.00000e+00  1.00000e-01
  801  2.78809e-01  1.25000e-01  0.00000e+00  0.00000e+00  0.00000e+00  1.00000e-01
  802  2.79785e-01  1.25000e-01  0.00000e+00  0.00000e+00  0.00000e+00  1.00000e-01
  803  2.80762e-01  1.25000e-01  0.00000e+00  0.00000e+00  0.00000e+00  1.00000e-01
  804  2.81738e-01  1.25000e-01  0.00000e+00  0.00000e+00  0.00000e+00  1.00000e-01
  805  2.82715e-01  1.25000e-01  0.00000e+00  0.00000e+00  0.00000e+00  1.00000e-01
  806  2.83691e-01  1.25000e-01  0.00000e+00  0.00000e+00  0.00000e+00  1.00000e-01
  807  2.84668e-01  1.25000e-01  0.00000e+00  0.00000e+00  0.00000e+00  1.00000e-01
  808  2.85645e-01  1.25000e-01  0.00000e+00  0.00000e+00  0.00000e+00  1.00000e-01
  809  2.86621e-01  1.25000e-01  0.00000e+00  0.00000e+00  0.00000e+00  1.00000e-01
  810  2.87598e-01  1.25000e-01  0.00000e+00  0.00000e+00  0.00000e+00  1.00000e-01
  811  2.88574e-01  1.25000e-01  0.00000e+00  0.00000e+00  0.00000e+00  1.00000e-01
  812  2.89551e-01  1.25000e-01  0.00000e+00  0.00000e+00  0.00000e+00  1.00000e-01
  813  2.90527e-01  1.25000e-01  0.00000e+00  0.00000e+00  0.00000e+00  1.00000e-01
  814  2.91504e-01  1.25000e-01  0.00000e+00  0.00000e+00  0.00000e+00  1.00000e-01
  815  2.92480e-01  1.25000e-01  0.00000e+00  0.00000e+00  0.00000e+00  1.00000e-01
  816  2.93457e-01  1.25000e-01  0.00000e+00  0.00000e+00  0.00000e+00  1.00000e-01
  817  2.94434e-01  1.25000e-01  0.00000e+00  0.00000e+00  0.00000e+00  1.00000e-01
  818  2.95410e-01  1.25000e-01  0.00000e+00  0.00000e+00  0.00000e+00  1.00000e-01
  819  2.96387e-01  1.25000e-01  0.00000e+00  0.00000e+00  0.00000e+00  1.00000e-01
  820  2.97363e-01  1.25000e-01  0.00000e+00  0.00000e+00  0.00000e+00  1.00000e-01
  821  2.98340e-01  1.25000e-01  0.00000e+00  0.00000e+00  0.00000e+00  1.00000e-01
  822  2.99316e-01  1.25000e-01  0.00000e+00  0.00000e+00  0.00000e+00  1.00000e-01
  823  3.00293e-01  1.25000e-01  0.00000e+00  0.00000e+00  0.00000e+00  1.00000e-01
  824  3.01270e-01  1.25000e-01  0.00000e+00  0.00000e+00  0.00000e+00  1.00000e-01
  825  3.02246e-01  1.25000e-01  0.00000e+00  0.00000e+00  0.00000e+00  1.00000e-01
  826  3.03223e-01  1.25000e-01  0.00000e+00  0.00000e+00  0.00000e+00  1.00000e-01
  827  3.04199e-01  1.25000e-01  0.00000e+00  0.00000e+00  0.00000e+00  1.00000e-01
  828  3.05176e-01  1.25000e-01  0.00000e+00  0.00000e+00  0.00000e+00  1.00000e-01
  829  3.06152e-01  1.25000e-01  0.00000e+00  0.00000e+00  0.00000e+00  1.00000e-01
  830  3.07129e-01  1.25000e-01  0.00000e+00  0.00000e+00  0.00000e+00  1.00000e-01
  831  3.08105e-01  1.25000e-01  0.00000e+00  0.00000e+00  0.00000e+00  1.00000e-01
  832  3.09082e-01  1.25000e-01  0.00000e+00  0.00000e+00  0.00000e+00  1.00000e-01
  833  3.10059e-01  1.25000e-01  0.00000e+00  0.00000e+00  0.00000e+00  1.00000e-01
  834  3.11035e-01  1.25000e-01  0.00000e+00  0.00000e+00  0.00000e+00  1.00000e-01
  835  3.12012e-01  1.25000e-01  0.00000e+00  0.00000e+00  0.00000e+00  1.00000e-01
  836  3.12988e-01  1.25000e-01  0.00000e+00  0.00000e+00  0.00000e+00  1.00000e-01
  837  3.13965e-01  1.25000e-01  0.00000e+00  0.00000e+00  0.00000e+00  1.00000e-01
  838  3.14941e-01  1.25000e-01  0.00000e+00  0.00000e+00  0.00000e+00  1.00000e-01
  839  3.15918e-01  1.25000e-01  0.00000e+00  0.00000e+00  0.00000e+00  1.00000e-01
  840  3.16895e-01  1.25000e-01  0.00000e+00  0.00000e+00  0.00000e+00  1.00000e-01
  841  3.17871e-01  1.25000e-01  0.00000e+00  0.00000e+00  0.00000e+00  1.00000e-01
  842  3.18848e-01  1.25000e-01  0.00000e+00  0.00000e+00  0.00000e+00  1.00000e-01
  843  3.19824e-01  1.25000e-01  0.00000e+00  0.00000e+00  0.00000e+00  1.00000e-01
  844  3.20801e-01  1.25000e-01  0.00000e+00  0.00000e+00  0.00000e+00  1.00000e-01
  845  3.21777e-01  1.25000e-01  0.00000e+00  0.00000e+00  0.00000e+00  1.00000e-01
  846  3.22754e-01  1.25000e-01  0.00000e+00  0.00000e+00  0.00000e+00  1.00000e-01
  847  3.23730e-01  1.25000e-01  0.00000e+00  0.00000e+00  0.00000e+00  1.00000e-01
  848  3.24707e-01  1.25000e-01  0.00000e+00  0.00000e+00  0.00000e+00  1.00000e-01
  849  3.25684e-01  1.25000e-01  0.00000e+00  0.00000e+00  0.00000e+00  1.00000e-01
  850  3.26660e-01  1.25000e-01  0.00000e+00  0.00000e+00  0.00000e+00  1.00000e-01
  851  3.27637e-01  1.25000e-01  0.00000e+00  0.00000e+00  0.00000e+00  1.00000e-01
  852  3.28613e-01  1.25000e-01  0.00000e+00  0.00000e+00  0.00000e+00  1.00000e-01
  853  3.29590e-01  1.25000e-01  0.00000e+00  0.00000e+00  0.00000e+00  1.00000e-01
  854  3.30566e-01  1.25000e-01  0.00000e+00  0.00000e+00  0.00000e+00  1.00000e-01
  855  3.31543e-01  1.25000e-01  0.00000e+00  0.00000e+00  0.00000e+00  1.00000e-01
  856  3.32520e-01  1.25000e-01  0.00000e+00  0.00000e+00  0.00000e+00  1.00000e-01
  857  3.33496e-01  1.25000e-01  0.00000e+00  0.00000e+00  0.00000e+00  1.00000e-01
  858  3.34473e-01  1.25000e-01  0.00000e+00  0.00000e+00  0.00000e+00  1.00000e-01
  859  3.35449e-01  1.25000e-01  0.00000e+00  0.00000e+00  0.00000e+00  1.00000e-01
  860  3.36426e-01  1.25000e-01  0.00000e+00  0.00000e+00  0.00000e+00  1.00000e-01
  861  3.37402e-01  1.25000e-01  0.00000e+00  0.00000e+00  0.00000e+00  1.00000e-01
  862  3.38379e-01  1.25000e-01  0.00000e+00  0.00000e+00  0.00000e+00  1.00000e-01
  863  3.39355e-01  1.25000e-01  0.00000e+00  0.00000e+00  0.00000e+00  1.00000e-01
  864  3.40332e-01  1.25000e-01  0.00000e+00  0.00000e+00  0.00000e+00  1.00000e-01
  865  3.41309e-01  1.25000e-01  0.00000e+00  0.00000e+00  0.00000e+00  1.00000e-01
  866  3.42285e-01  1.25000e-01  0.00000e+00  0.00000e+00  0.00000e+00  1.00000e-01
  867  3.43262e-01  1.25000e-01  0.00000e+00  0.00000e+00  0.00000e+00  1.00000e-01
  868  3.44238e-01  1.25000e-01  0.00000e+00  0.00000e+00  0.00000e+00  1.00000e-01
  869  3.45215e-01  1.25000e-01  0.00000e+00  0.00000e+00  0.00000e+00  1.00000e-01
  870  3.46191e-01  1.25000e-01  0.00000e+00  0.00000e+00  0.00000e+00  1.00000e-01
  871  3.47168e-01  1.25000e-01  0.00000e+00  0.00000e+00  0.00000e+00  1.00000e-01
  872  3.48145e-01  1.25000e-01  0.00000e+00  0.00000e+00  0.00000e+00  1.00000e-01
  873  3.49121e-01  1.25000e-01  0.00000e+00  0.00000e+00  0.00000e+00  1.00000e-01
  874  3.50098e-01  1.25000e-01  0.00000e+00  0.00000e+00  0.00000e+00  1.00000e-01
  875  3.51074e-01  1.25000e-01  0.00000e+00  0.00000e+00  0.00000e+00  1.00000e-01
  876  3.52051e-01  1.25000e-01  0.00000e+00  0.00000e+00  0.00000e+00  1.00000e-01
  877  3.53027e-01  1.25000e-01  0.00000e+00  0.00000e+00  0.00000e+00  1.00000e-01
  878  3.54004e-01  1.25000e-01  0.00000e+00  0.00000e+00  0.00000e+00  1.00000e-01
  879  3.54980e-01  1.25000e-01  0.00000e+00  0.00000e+00  0.00000e+00  1.00000e-01
  880  3.55957e-01  1.25000e-01  0.00000e+00  0.00000e+00  0.00000e+00  1.00000e-01
  881  3.56934e-01  1.25000e-01  0.00000e+00  0.00000e+00  0.00000e+00  1.00000e-01
  882  3.57910e-01  1.25000e-01  0.00000e+00  0.00000e+00  0.00000e+00  1.00000e-01
  883  3.58887e-01  1.25000e-01  0.00000e+00  0.00000e+00  0.00000e+00  1.00000e-01
  884  3.59863e-01  1.25000e-01  0.00000e+00  0.00000e+00  0.00000e+00  1.00000e-01
  885  3.60840e-01  1.25000e-01  0.00000e+00  0.00000e+00  0.00000e+00  1.00000e-01
  886  3.61816e-01  1.25000e-01  0.00000e+00  0.00000e+00  0.00000e+00  1.00000e-01
  887  3.62793e-01  1.25000e-01  0.00000e+00  0.00000e+00  0.00000e+00  1.00000e-01
  888  3.63770e-01  1.25000e-01  0.00000e+00  0.00000e+00  0.00000e+00  1.00000e-01
  889  3.64746e-01  1.25000e-01  0.00000e+00  0.00000e+00  0.00000e+00  1.00000e-01
  890  3.65723e-01  1.25000e-01  0.00000e+00  0.00000e+00  0.00000e+00  1.00000e-01
  891  3.66699e-01  1.25000e-01  0.00000e+00  0.00000e+00  0.00000e+00  1.00000e-01
  892  3.67676e-01  1.25000e-01  0.00000e+00  0.00000e+00  0.00000e+00  1.00000e-01
  893  3.68652e-01  1.25000e-01  0.00000e+00  0.00000e+00  0.00000e+00  1.00000e-01
  894  3.69629e-01  1.25000e-01  0.00000e+00  0.00000e+00  0.00000e+00  1.00000e-01
  895  3.70605e-01  1.25000e-01  0.00000e+00  0.00000e+00  0.00000e+00  1.00000e-01
  896  3.71582e-01  1.25000e-01  0.00000e+00  0.00000e+00  0.00000e+00  1.00000e-01
  897  3.72559e-01  1.25000e-01  0.00000e+00  0.00000e+00  0.00000e+00  1.00000e-01
  898  3.73535e-01  1.25000e-01  0.00000e+00  0.00000e+00  0.00000e+00  1.00000e-01
  899  3.74512e-01  1.25000e-01  0.00000e+00  0.00000e+00  0.00000e+00  1.00000e-01
  900  3.75488e-01  1.25000e-01  0.00000e+00  0.00000e+00  0.00000e+00  1.00000e-01
  901  3.76465e-01  1.25000e-01  0.00000e+00  0.00000e+00  0.00000e+00  1.00000e-01
  902  3.77441e-01  1.25000e-01  0.00000e+00  0.00000e+00  0.00000e+00  1.00000e-01
  903  3.78418e-01  1.25000e-01  0.00000e+00  0.00000e+00  0.00000e+00  1.00000e-01
  904  3.79395e-01  1.25000e-01  0.00000e+00  0.00000e+00  0.00000e+00  1.00000e-01
  905  3.80371e-01  1.25000e-01  0.00000e+00  0.00000e+00  0.00000e+00  1.00000e-01
  906  3.81348e-01  1.25000e-01  0.00000e+00  0.00000e+00  0.00000e+00  1.00000e-01
  907  3.82324e-01  1.25000e-01  0.00000e+00  0.00000e+00  0.00000e+00  1.00000e-01
  908  3.83301e-01  1.25000e-01  0.00000e+00  0.00000e+00  0.00000e+00  1.00000e-01
  909  3.84277e-01  1.25000e-01  0.00000e+00  0.00000e+00  0.00000e+00  1.00000e-01
  910  3.85254e-01  1.25000e-01  0.00000e+00  0.00000e+00  0.00000e+00  1.00000e-01
  911  3.86230e-01  1.25000e-01  0.00000e+00  0.00000e+00  0.00000e+00  1.00000e-01
  912  3.87207e-01  1.25000e-01  0.00000e+00  0.00000e+00  0.00000e+00  1.00000e-01
  913  3.88184e-01  1.25000e-01  0.00000e+00  0.00000e+00  0.00000e+00  1.00000e-01
  914  3.89160e-01  1.25000e-01  0.00000e+00  0.00000e+00  0.00000e+00  1.00000e-01
  915  3.90137e-01  1.25000e-01  0.00000e+00  0.00000e+00  0.00000e+00  1.00000e-01
  916  3.91113e-01  1.25000e-01  0.00000e+00  0.00000e+00  0.00000e+00  1.00000e-01
  917  3.92090e-01  1.25000e-01  0.00000e+00  0.00000e+00  0.00000e+00  1.00000e-01
  918  3.93066e-01  1.25000e-01  0.00000e+00  0.00000e+00  0.00000e+00  1.00000e-01
  919  3.94043e-01  1.25000e-01  0.00000e+00  0.00000e+00  0.00000e+00  1.00000e-01
  920  3.95020e-01  1.25000e-01  0.00000e+00  0.00000e+00  0.00000e+00  1.00000e-01
  921  3.95996e-01  1.25000e-01  0.00000e+00  0.00000e+00  0.00000e+00  1.00000e-01
  922  3.96973e-01  1.25000e-01  0.00000e+00  0.00000e+00  0.00000e+00  1.00000e-01
  923  3.97949e-01  1.25000e-01  0.00000e+00  0.00000e+00  0.00000e+00  1.00000e-01
  924  3.98926e-01  1.25000e-01  0.00000e+00  0.00000e+00  0.00000e+00  1.00000e-01
  925  3.99902e-01  1.25000e-01  0.00000e+00  0.00000e+00  0.00000e+00  1.00000e-01
  926  4.00879e-01  1.25000e-01  0.00000e+00  0.00000e+00  0.00000e+00  1.00000e-01
  927  4.01855e-01  1.25000e-01  0.00000e+00  0.00000e+00  0.00000e+00  1.00000e-01
  928  4.02832e-01  1.25000e-01  0.00000e+00  0.00000e+00  0.00000e+00  1.00000e-01
  929  4.03809e-01  1.25000e-01  0.00000e+00  0.00000e+00  0.00000e+00  1.00000e-01
  930  4.04785e-01  1.25000e-01  0.00000e+00  0.00000e+00  0.00000e+00  1.00000e-01
  931  4.05762e-01  1.25000e-01  0.00000e+00  0.00000e+00  0.00000e+00  1.00000e-01
  932  4.06738e-01  1.25000e-01  0.00000e+00  0.00000e+00  0.00000e+00  1.00000e-01
  933  4.07715e-01  1.25000e-01  0.00000e+00  0.00000e+00  0.00000e+00  1.00000e-01
  934  4.08691e-01  1.25000e-01  0.00000e+00  0.00000e+00  0.00000e+00  1.00000e-01
  935  4.09668e-01  1.25000e-01  0.00000e+00  0.00000e+00  0.00000e+00  1.00000e-01
  936  4.10645e-01  1.25000e-01  0.00000e+00  0.00000e+00  0.00000e+00  1.00000e-01
  937  4.11621e-01  1.25000e-01  0.00000e+00  0.00000e+00  0.00000e+00  1.00000e-01
  938  4.12598e-01  1.25000e-01  0.00000e+00  0.00000e+00  0.00000e+00  1.00000e-01
  939  4.13574e-01  1.25000e-01  0.00000e+00  0.00000e+00  0.00000e+00  1.00000e-01
  940  4.14551e-01  1.25000e-01  0.00000e+00  0.00000e+00  0.00000e+00  1.00000e-01
  941  4.15527e-01  1.25000e-01  0.00000e+00  0.00000e+00  0.00000e+00  1.00000e-01
  942  4.16504e-01  1.25000e-01  0.00000e+00  0.00000e+00  0.00000e+00  1.00000e-01
  943  4.17480e-01  1.25000e-01  0.00000e+00  0.00000e+00  0.00000e+00  1.00000e-01
  944  4.18457e-01  1.25000e-01  0.00000e+00  0.00000e+00  0.00000e+00  1.00000e-01
  945  4.19434e-01  1.25000e-01  0.00000e+00  0.00000e+00  0.00000e+00  1.00000e-01
  946  4.20410e-01  1.25000e-01  0.00000e+00  0.00000e+00  0.00000e+00  1.00000e-01
  947  4.21387e-01  1.25000e-01  0.00000e+00  0.00000e+00  0.00000e+00  1.00000e-01
  948  4.22363e-01  1.25000e-01  0.00000e+00  0.00000e+00  0.00000e+00  1.00000e-01
  949  4.23340e-01  1.25000e-01  0.00000e+00  0.00000e+00  0.00000e+00  1.00000e-01
  950  4.24316e-01  1.25000e-01  0.00000e+00  0.00000e+00  0.00000e+00  1.00000e-01
  951  4.25293e-01  1.25000e-01  0.00000e+00  0.00000e+00  0.00000e+00  1.00000e-01
  952  4.26270e-01  1.25000e-01  0.00000e+00  0.00000e+00  0.00000e+00  1.00000e-01
  953  4.27246e-01  1.25000e-01  0.00000e+00  0.00000e+00  0.00000e+00  1.00000e-01
  954  4.28223e-01  1.25000e-01  0.00000e+00  0.00000e+00  0.00000e+00  1.00000e-01
  955  4.29199e-01  1.25000e-01  0.00000e+00  0.00000e+00  0.00000e+00  1.00000e-01
  956  4.30176e-01  1.25000e-01  0.00000e+00  0.00000e+00  0.00000e+00  1.00000e-01
  957  4.31152e-01  1.25000e-01  0.00000e+00  0.00000e+00  0.00000e+00  1.00000e-01
  958  4.32129e-01  1.25000e-01  0.00000e+00  0.00000e+00  0.00000e+00  1.00000e-01
  959  4.33105e-01  1.25000e-01  0.00000e+00  0.00000e+00  0.00000e+00  1.00000e-01
  960  4.34082e-01  1.25000e-01  0.00000e+00  0.00000e+00  0.00000e+00  1.00000e-01
  961  4.35059e-01  1.25000e-01  0.00000e+00  0.00000e+00  0.00000e+00  1.00000e-01
  962  4.36035e-01  1.25000e-01  0.00000e+00  0.00000e+00  0.00000e+00  1.00000e-01
  963  4.37012e-01  1.25000e-01  0.00000e+00  0.00000e+00  0.00000e+00  1.00000e-01
  964  4.37988e-01  1.25000e-01  0.00000e+00  0.00000e+00  0.00000e+00  1.00000e-01
  965  4.38965e-01  1.25000e-01  0.00000e+00  0.00000e+00  0.00000e+00  1.00000e-01
  966  4.39941e-01  1.25000e-01  0.00000e+00  0.00000e+00  0.00000e+00  1.00000e-01
  967  4.40918e-01  1.25000e-01  0.00000e+00  0.00000e+00  0.00000e+00  1.00000e-01
  968  4.41895e-01  1.25000e-01  0.00000e+00  0.00000e+00  0.00000e+00  1.00000e-01
  969  4.42871e-01  1.25000e-01  0.00000e+00  0.00000e+00  0.00000e+00  1.00000e-01
  970  4.43848e-01  1.25000e-01  0.00000e+00  0.00000e+00  0.00000e+00  1.00000e-01
  971  4.44824e-01  1.25000e-01  0.00000e+00  0.00000e+00  0.00000e+00  1.00000e-01
  972  4.45801e-01  1.25000e-01  0.00000e+00  0.00000e+00  0.00000e+00  1.00000e-01
  973  4.46777e-01  1.25000e-01  0.00000e+00  0.00000e+00  0.00000e+00  1.00000e-01
  974  4.47754e-01  1.25000e-01  0.00000e+00  0.00000e+00  0.00000e+00  1.00000e-01
  975  4.48730e-01  1.25000e-01  0.00000e+00  0.00000e+00  0.00000e+00  1.00000e-01
  976  4.49707e-01  1.25000e-01  0.00000e+00  0.00000e+00  0.00000e+00  1.00000e-01
  977  4.50684e-01  1.25000e-01  0.00000e+00  0.00000e+00  0.00000e+00  1.00000e-01
  978  4.51660e-01  1.25000e-01  0.00000e+00  0.00000e+00  0.00000e+00  1.00000e-01
  979  4.52637e-01  1.25000e-01  0.00000e+00  0.00000e+00  0.00000e+00  1.00000e-01
  980  4.53613e-01  1.25000e-01  0.00000e+00  0.00000e+00  0.00000e+00  1.00000e-01
  981  4.54590e-01  1.25000e-01  0.00000e+00  0.00000e+00  0.00000e+00  1.00000e-01
  982  4.55566e-01  1.25000e-01  0.00000e+00  0.00000e+00  0.00000e+00  1.00000e-01
  983  4.56543e-01  1.25000e-01  0.00000e+00  0.00000e+00  0.00000e+00  1.00000e-01
  984  4.57520e-01  1.25000e-01  0.00000e+00  0.00000e+00  0.00000e+00  1.00000e-01
  985  4.58496e-01  1.25000e-01  0.00000e+00  0.00000e+00  0.00000e+00  1.00000e-01
  986  4.59473e-01  1.25000e-01  0.00000e+00  0.00000e+00  0.00000e+00  1.00000e-01
  987  4.60449e-01  1.25000e-01  0.00000e+00  0.00000e+00  0.00000e+00  1.00000e-01
  988  4.61426e-01  1.25000e-01  0.00000e+00  0.00000e+00  0.00000e+00  1.00000e-01
  989  4.62402e-01  1.25000e-01  0.00000e+00  0.00000e+00  0.00000e+00  1.00000e-01
  990  4.63379e-01  1.25000e-01  0.00000e+00  0.00000e+00  0.00000e+00  1.00000e-01
  991  4.64355e-01  1.25000e-01  0.00000e+00  0.00000e+00  0.00000e+00  1.00000e-01
  992  4.65332e-01  1.25000e-01  0.00000e+00  0.00000e+00  0.00000e+00  1.00000e-01
  993  4.66309e-01  1.25000e-01  0.00000e+00  0.00000e+00  0.00000e+00  1.00000e-01
  994  4.67285e-01  1.25000e-01  0.00000e+00  0.00000e+00  0.00000e+00  1.00000e-01
  995  4.68262e-01  1.25000e-01  0.00000e+00  0.00000e+00  0.00000e+00  1.00000e-01
  996  4.69238e-01  1.25000e-01  0.00000e+00  0.00000e+00  0.00000e+00  1.00000e-01
  997  4.70215e-01  1.25000e-01  0.00000e+00  0.00000e+00  0.00000e+00  1.00000e-01
  998  4.71191e-01  1.25000e-01  0.00000e+00  0.00000e+00  0.00000e+00  1.00000e-01
  999  4.72168e-01  1.25000e-01  0.00000e+00  0.00000e+00  0.00000e+00  1.00000e-01
 1000  4.73145e-01  1.25000e-01  0.00000e+00  0.00000e+00  0.00000e+00  1.00000e-01
 1001  4.74121e-01  1.25000e-01  0.00000e+00  0.00000e+00  0.00000e+00  1.00000e-01
 1002  4.75098e-01  1.25000e-01  0.00000e+00  0.00000e+00  0.00000e+00  1.00000e-01
 1003  4.76074e-01  1.25000e-01  0.00000e+00  0.00000e+00  0.00000e+00  1.00000e-01
 1004  4.77051e-01  1.25000e-01  0.00000e+00  0.00000e+00  0.00000e+00  1.00000e-01
 1005  4.78027e-01  1.25000e-01  0.00000e+00  0.00000e+00  0.00000e+00  1.00000e-01
 1006  4.79004e-01  1.25000e-01  0.00000e+00  0.00000e+00  0.00000e+00  1.00000e-01
 1007  4.79980e-01  1.25000e-01  0.00000e+00  0.00000e+00  0.00000e+00  1.00000e-01
 1008  4.80957e-01  1.25000e-01  0.00000e+00  0.00000e+00  0.00000e+00  1.00000e-01
 1009  4.81934e-01  1.25000e-01  0.00000e+00  0.00000e+00  0.00000e+00  1.00000e-01
 1010  4.82910e-01  1.25000e-01  0.00000e+00  0.00000e+00  0.00000e+00  1.00000e-01
 1011  4.83887e-01  1.25000e-01  0.00000e+00  0.00000e+00  0.00000e+00  1.00000e-01
 1012  4.84863e-01  1.25000e-01  0.00000e+00  0.00000e+00  0.00000e+00  1.00000e-01
 1013  4.85840e-01  1.25000e-01  0.00000e+00  0.00000e+00  0.00000e+00  1.00000e-01
 1014  4.86816e-01  1.25000e-01  0.00000e+00  0.00000e+00  0.00000e+00  1.00000e-01
 1015  4.87793e-01  1.25000e-01  0.00000e+00  0.00000e+00  0.00000e+00  1.00000e-01
 1016  4.88770e-01  1.25000e-01  0.00000e+00  0.00000e+00  0.00000e+00  1.00000e-01
 1017  4.89746e-01  1.25000e-01  0.00000e+00  0.00000e+00  0.00000e+00  1.00000e-01
 1018  4.90723e-01  1.25000e-01  0.00000e+00  0.00000e+00  0.00000e+00  1.00000e-01
 1019  4.91699e-01  1.25000e-01  0.00000e+00  0.00000e+00  0.00000e+00  1.00000e-01
 1020  4.92676e-01  1.25000e-01  0.00000e+00  0.00000e+00  0.00000e+00  1.00000e-01
 1021  4.93652e-01  1.25000e-01  0.00000e+00  0.00000e+00  0.00000e+00  1.00000e-01
 1022  4.94629e-01  1.25000e-01  0.00000e+00  0.00000e+00  0.00000e+00  1.00000e-01
 1023  4.95605e-01  1.25000e-01  0.00000e+00  0.00000e+00  0.00000e+00  1.00000e-01
 1024  4.96582e-01  1.25000e-01  0.00000e+00  0.00000e+00  0.00000e+00  1.00000e-01
 1025  4.97559e-01  1.25000e-01  0.00000e+00  0.00000e+00  0.00000e+00  1.00000e-01
 1026  4.98535e-01  1.25000e-01  0.00000e+00  0.00000e+00  0.00000e+00  1.00000e-01
 1027  4.99512e-01  1.25000e-01  0.00000e+00  0.00000e+00  0.00000e+00  1.00000e-01
