# Nx1 = 1024
# x1-size = 1
# PRIMITIVE vars at Time = 0.160068, level= 0, domain= 0
# [1]=i-zone [2]=x1 [3]=d [4]=V1 [5]=V2 [6]=V3 [7]=P
    4 -4.99512e-01  1.00000e+00  0.00000e+00  0.00000e+00  0.00000e+00  1.00000e+00
    5 -4.98535e-01  1.00000e+00  0.00000e+00  0.00000e+00  0.00000e+00  1.00000e+00
    6 -4.97559e-01  1.00000e+00  0.00000e+00  0.00000e+00  0.00000e+00  1.00000e+00
    7 -4.96582e-01  1.00000e+00  0.00000e+00  0.00000e+00  0.00000e+00  1.00000e+00
    8 -4.95605e-01  1.00000e+00  0.00000e+00  0.00000e+00  0.00000e+00  1.00000e+00
    9 -4.94629e-01  1.00000e+00  0.00000e+00  0.00000e+00  0.00000e+00  1.00000e+00
   10 -4.93652e-01  1.00000e+00  0.00000e+00  0.00000e+00  0.00000e+00  1.00000e+00
   11 -4.92676e-01  1.00000e+00  0.00000e+00  0.00000e+00  0.00000e+00  1.00000e+00
   12 -4.91699e-01  1.00000e+00  0.00000e+00  0.00000e+00  0.00000e+00  1.00000e+00
   13 -4.90723e-01  1.00000e+00  0.00000e+00  0.00000e+00  0.00000e+00  1.00000e+00
   14 -4.89746e-01  1.00000e+00  0.00000e+00  0.00000e+00  0.00000e+00  1.00000e+00
   15 -4.88770e-01  1.00000e+00  0.00000e+00  0.00000e+00  0.00000e+00  1.00000e+00
   16 -4.87793e-01  1.00000e+00  0.00000e+00  0.00000e+00  0.00000e+00  1.00000e+00
   17 -4.86816e-01  1.00000e+00  0.00000e+00  0.00000e+00  0.00000e+00  1.00000e+00
   18 -4.85840e-01  1.00000e+00  0.00000e+00  0.00000e+00  0.00000e+00  1.00000e+00
   19 -4.84863e-01  1.00000e+00  0.00000e+00  0.00000e+00  0.00000e+00  1.00000e+00
   20 -4.83887e-01  1.00000e+00  0.00000e+00  0.00000e+00  0.00000e+00  1.00000e+00
   21 -4.82910e-01  1.00000e+00  0.00000e+00  0.00000e+00  0.00000e+00  1.00000e+00
   22 -4.81934e-01  1.00000e+00  0.00000e+00  0.00000e+00  0.00000e+00  1.00000e+00
   23 -4.80957e-01  1.00000e+00  0.00000e+00  0.00000e+00  0.00000e+00  1.00000e+00
   24 -4.79980e-01  1.00000e+00  0.00000e+00  0.00000e+00  0.00000e+00  1.00000e+00
   25 -4.79004e-01  1.00000e+00  0.00000e+00  0.00000e+00  0.00000e+00  1.00000e+00
   26 -4.78027e-01  1.00000e+00  0.00000e+00  0.00000e+00  0.00000e+00  1.00000e+00
   27 -4.77051e-01  1.00000e+00  0.00000e+00  0.00000e+00  0.00000e+00  1.00000e+00
   28 -4.76074e-01  1.00000e+00  0.00000e+00  0.00000e+00  0.00000e+00  1.00000e+00
   29 -4.75098e-01  1.00000e+00  0.00000e+00  0.00000e+00  0.00000e+00  1.00000e+00
   30 -4.74121e-01  1.00000e+00  0.00000e+00  0.00000e+00  0.00000e+00  1.00000e+00
   31 -4.73145e-01  1.00000e+00  0.00000e+00  0.00000e+00  0.00000e+00  1.00000e+00
   32 -4.72168e-01  1.00000e+00  0.00000e+00  0.00000e+00  0.00000e+00  1.00000e+00
   33 -4.71191e-01  1.00000e+00  0.00000e+00  0.00000e+00  0.00000e+00  1.00000e+00
   34 -4.70215e-01  1.00000e+00  0.00000e+00  0.00000e+00  0.00000e+00  1.00000e+00
   35 -4.69238e-01  1.00000e+00  0.00000e+00  0.00000e+00  0.00000e+00  1.00000e+00
   36 -4.68262e-01  1.00000e+00  0.00000e+00  0.00000e+00  0.00000e+00  1.00000e+00
   37 -4.67285e-01  1.00000e+00  0.00000e+00  0.00000e+00  0.00000e+00  1.00000e+00
   38 -4.66309e-01  1.00000e+00  0.00000e+00  0.00000e+00  0.00000e+00  1.00000e+00
   39 -4.65332e-01  1.00000e+00  0.00000e+00  0.00000e+00  0.00000e+00  1.00000e+00
   40 -4.64355e-01  1.00000e+00  0.00000e+00  0.00000e+00  0.00000e+00  1.00000e+00
   41 -4.63379e-01  1.00000e+00  0.00000e+00  0.00000e+00  0.00000e+00  1.00000e+00
   42 -4.62402e-01  1.00000e+00  0.00000e+00  0.00000e+00  0.00000e+00  1.00000e+00
   43 -4.61426e-01  1.00000e+00  0.00000e+00  0.00000e+00  0.00000e+00  1.00000e+00
   44 -4.60449e-01  1.00000e+00  0.00000e+00  0.00000e+00  0.00000e+00  1.00000e+00
   45 -4.59473e-01  1.00000e+00  0.00000e+00  0.00000e+00  0.00000e+00  1.00000e+00
   46 -4.58496e-01  1.00000e+00  0.00000e+00  0.00000e+00  0.00000e+00  1.00000e+00
   47 -4.57520e-01  1.00000e+00  0.00000e+00  0.00000e+00  0.00000e+00  1.00000e+00
   48 -4.56543e-01  1.00000e+00  0.00000e+00  0.00000e+00  0.00000e+00  1.00000e+00
   49 -4.55566e-01  1.00000e+00  0.00000e+00  0.00000e+00  0.00000e+00  1.00000e+00
   50 -4.54590e-01  1.00000e+00  0.00000e+00  0.00000e+00  0.00000e+00  1.00000e+00
   51 -4.53613e-01  1.00000e+00  0.00000e+00  0.00000e+00  0.00000e+00  1.00000e+00
   52 -4.52637e-01  1.00000e+00  0.00000e+00  0.00000e+00  0.00000e+00  1.00000e+00
   53 -4.51660e-01  1.00000e+00  0.00000e+00  0.00000e+00  0.00000e+00  1.00000e+00
   54 -4.50684e-01  1.00000e+00  0.00000e+00  0.00000e+00  0.00000e+00  1.00000e+00
   55 -4.49707e-01  1.00000e+00  0.00000e+00  0.00000e+00  0.00000e+00  1.00000e+00
   56 -4.48730e-01  1.00000e+00  0.00000e+00  0.00000e+00  0.00000e+00  1.00000e+00
   57 -4.47754e-01  1.00000e+00  0.00000e+00  0.00000e+00  0.00000e+00  1.00000e+00
   58 -4.46777e-01  1.00000e+00  0.00000e+00  0.00000e+00  0.00000e+00  1.00000e+00
   59 -4.45801e-01  1.00000e+00  0.00000e+00  0.00000e+00  0.00000e+00  1.00000e+00
   60 -4.44824e-01  1.00000e+00  0.00000e+00  0.00000e+00  0.00000e+00  1.00000e+00
   61 -4.43848e-01  1.00000e+00  0.00000e+00  0.00000e+00  0.00000e+00  1.00000e+00
   62 -4.42871e-01  1.00000e+00  0.00000e+00  0.00000e+00  0.00000e+00  1.00000e+00
   63 -4.41895e-01  1.00000e+00  0.00000e+00  0.00000e+00  0.00000e+00  1.00000e+00
   64 -4.40918e-01  1.00000e+00  0.00000e+00  0.00000e+00  0.00000e+00  1.00000e+00
   65 -4.39941e-01  1.00000e+00  0.00000e+00  0.00000e+00  0.00000e+00  1.00000e+00
   66 -4.38965e-01  1.00000e+00  0.00000e+00  0.00000e+00  0.00000e+00  1.00000e+00
   67 -4.37988e-01  1.00000e+00  0.00000e+00  0.00000e+00  0.00000e+00  1.00000e+00
   68 -4.37012e-01  1.00000e+00  0.00000e+00  0.00000e+00  0.00000e+00  1.00000e+00
   69 -4.36035e-01  1.00000e+00  0.00000e+00  0.00000e+00  0.00000e+00  1.00000e+00
   70 -4.35059e-01  1.00000e+00  0.00000e+00  0.00000e+00  0.00000e+00  1.00000e+00
   71 -4.34082e-01  1.00000e+00  0.00000e+00  0.00000e+00  0.00000e+00  1.00000e+00
   72 -4.33105e-01  1.00000e+00  0.00000e+00  0.00000e+00  0.00000e+00  1.00000e+00
   73 -4.32129e-01  1.00000e+00  0.00000e+00  0.00000e+00  0.00000e+00  1.00000e+00
   74 -4.31152e-01  1.00000e+00  0.00000e+00  0.00000e+00  0.00000e+00  1.00000e+00
   75 -4.30176e-01  1.00000e+00  0.00000e+00  0.00000e+00  0.00000e+00  1.00000e+00
   76 -4.29199e-01  1.00000e+00  0.00000e+00  0.00000e+00  0.00000e+00  1.00000e+00
   77 -4.28223e-01  1.00000e+00  0.00000e+00  0.00000e+00  0.00000e+00  1.00000e+00
   78 -4.27246e-01  1.00000e+00  0.00000e+00  0.00000e+00  0.00000e+00  1.00000e+00
   79 -4.26270e-01  1.00000e+00  0.00000e+00  0.00000e+00  0.00000e+00  1.00000e+00
   80 -4.25293e-01  1.00000e+00  0.00000e+00  0.00000e+00  0.00000e+00  1.00000e+00
   81 -4.24316e-01  1.00000e+00  0.00000e+00  0.00000e+00  0.00000e+00  1.00000e+00
   82 -4.23340e-01  1.00000e+00  0.00000e+00  0.00000e+00  0.00000e+00  1.00000e+00
   83 -4.22363e-01  1.00000e+00  0.00000e+00  0.00000e+00  0.00000e+00  1.00000e+00
   84 -4.21387e-01  1.00000e+00  0.00000e+00  0.00000e+00  0.00000e+00  1.00000e+00
   85 -4.20410e-01  1.00000e+00  0.00000e+00  0.00000e+00  0.00000e+00  1.00000e+00
   86 -4.19434e-01  1.00000e+00  0.00000e+00  0.00000e+00  0.00000e+00  1.00000e+00
   87 -4.18457e-01  1.00000e+00  0.00000e+00  0.00000e+00  0.00000e+00  1.00000e+00
   88 -4.17480e-01  1.00000e+00  8.09299e-17  0.00000e+00  0.00000e+00  1.00000e+00
   89 -4.16504e-01  1.00000e+00 -3.80604e-20  0.00000e+00  0.00000e+00  1.00000e+00
   90 -4.15527e-01  1.00000e+00  4.90553e-21  0.00000e+00  0.00000e+00  1.00000e+00
   91 -4.14551e-01  1.00000e+00  3.20717e-20  0.00000e+00  0.00000e+00  1.00000e+00
   92 -4.13574e-01  1.00000e+00 -2.97810e-22  0.00000e+00  0.00000e+00  1.00000e+00
   93 -4.12598e-01  1.00000e+00 -3.22649e-23  0.00000e+00  0.00000e+00  1.00000e+00
   94 -4.11621e-01  1.00000e+00  3.74617e-22  0.00000e+00  0.00000e+00  1.00000e+00
   95 -4.10645e-01  1.00000e+00  8.09309e-17  0.00000e+00  0.00000e+00  1.00000e+00
   96 -4.09668e-01  1.00000e+00 -3.72105e-20  0.00000e+00  0.00000e+00  1.00000e+00
   97 -4.08691e-01  1.00000e+00  6.06477e-21  0.00000e+00  0.00000e+00  1.00000e+00
   98 -4.07715e-01  1.00000e+00  3.36736e-20  0.00000e+00  0.00000e+00  1.00000e+00
   99 -4.06738e-01  1.00000e+00  1.98969e-21  0.00000e+00  0.00000e+00  1.00000e+00
  100 -4.05762e-01  1.00000e+00 -3.26303e-20  0.00000e+00  0.00000e+00  1.00000e+00
  101 -4.04785e-01  1.00000e+00  4.62409e-21  0.00000e+00  0.00000e+00  1.00000e+00
  102 -4.03809e-01  1.00000e+00  3.02206e-20  0.00000e+00  0.00000e+00  1.00000e+00
  103 -4.02832e-01  1.00000e+00  7.72725e-22  0.00000e+00  0.00000e+00  1.00000e+00
  104 -4.01855e-01  1.00000e+00 -1.28182e-22  0.00000e+00  0.00000e+00  1.00000e+00
  105 -4.00879e-01  1.00000e+00 -1.68374e-21  0.00000e+00  0.00000e+00  1.00000e+00
  106 -3.99902e-01  1.00000e+00  4.42857e-22  0.00000e+00  0.00000e+00  1.00000e+00
  107 -3.98926e-01  1.00000e+00 -3.37222e-20  0.00000e+00  0.00000e+00  1.00000e+00
  108 -3.97949e-01  1.00000e+00  2.91454e-21  0.00000e+00  0.00000e+00  1.00000e+00
  109 -3.96973e-01  1.00000e+00  2.84837e-20  0.00000e+00  0.00000e+00  1.00000e+00
  110 -3.95996e-01  1.00000e+00 -3.06108e-22  0.00000e+00  0.00000e+00  1.00000e+00
  111 -3.95020e-01  1.00000e+00 -1.49924e-20  0.00000e+00  0.00000e+00  1.00000e+00
  112 -3.94043e-01  1.00000e+00  2.42817e-21  0.00000e+00  0.00000e+00  1.00000e+00
  113 -3.93066e-01  1.00000e+00  6.31243e-21  0.00000e+00  0.00000e+00  1.00000e+00
  114 -3.92090e-01  1.00000e+00 -5.65313e-21  0.00000e+00  0.00000e+00  1.00000e+00
  115 -3.91113e-01  1.00000e+00 -1.04073e-21  0.00000e+00  0.00000e+00  1.00000e+00
  116 -3.90137e-01  1.00000e+00  8.09367e-17  0.00000e+00  0.00000e+00  1.00000e+00
  117 -3.89160e-01  1.00000e+00 -3.54402e-20  0.00000e+00  0.00000e+00  1.00000e+00
  118 -3.88184e-01  1.00000e+00 -7.87265e-21  0.00000e+00  0.00000e+00  1.00000e+00
  119 -3.87207e-01  1.00000e+00  3.88568e-20  0.00000e+00  0.00000e+00  1.00000e+00
  120 -3.86230e-01  1.00000e+00  7.82764e-21  0.00000e+00  0.00000e+00  1.00000e+00
  121 -3.85254e-01  1.00000e+00 -4.71473e-21  0.00000e+00  0.00000e+00  1.00000e+00
  122 -3.84277e-01  1.00000e+00  8.09229e-17  0.00000e+00  0.00000e+00  1.00000e+00
  123 -3.83301e-01  1.00000e+00 -2.58309e-20  0.00000e+00  0.00000e+00  1.00000e+00
  124 -3.82324e-01  1.00000e+00  9.09621e-21  0.00000e+00  0.00000e+00  1.00000e+00
  125 -3.81348e-01  1.00000e+00 -3.34399e-21  0.00000e+00  0.00000e+00  1.00000e+00
  126 -3.80371e-01  1.00000e+00  5.62778e-21  0.00000e+00  0.00000e+00  1.00000e+00
  127 -3.79395e-01  1.00000e+00  8.09608e-17  0.00000e+00  0.00000e+00  1.00000e+00
  128 -3.78418e-01  1.00000e+00 -7.07788e-20  0.00000e+00  0.00000e+00  1.00000e+00
  129 -3.77441e-01  1.00000e+00  2.18199e-21  0.00000e+00  0.00000e+00  1.00000e+00
  130 -3.76465e-01  1.00000e+00  6.55118e-20  0.00000e+00  0.00000e+00  1.00000e+00
  131 -3.75488e-01  1.00000e+00  8.09311e-17  0.00000e+00  0.00000e+00  1.00000e+00
  132 -3.74512e-01  1.00000e+00 -7.50842e-20  0.00000e+00  0.00000e+00  1.00000e+00
  133 -3.73535e-01  1.00000e+00  7.80112e-21  0.00000e+00  0.00000e+00  1.00000e+00
  134 -3.72559e-01  1.00000e+00  2.77648e-20  0.00000e+00  0.00000e+00  1.00000e+00
  135 -3.71582e-01  1.00000e+00  4.24670e-21  0.00000e+00  0.00000e+00  1.00000e+00
  136 -3.70605e-01  1.00000e+00 -1.64439e-21  0.00000e+00  0.00000e+00  1.00000e+00
  137 -3.69629e-01  1.00000e+00  5.70015e-21  0.00000e+00  0.00000e+00  1.00000e+00
  138 -3.68652e-01  1.00000e+00  3.17174e-20  0.00000e+00  0.00000e+00  1.00000e+00
  139 -3.67676e-01  1.00000e+00 -4.78224e-20  0.00000e+00  0.00000e+00  1.00000e+00
  140 -3.66699e-01  1.00000e+00  9.35731e-21  0.00000e+00  0.00000e+00  1.00000e+00
  141 -3.65723e-01  1.00000e+00  3.84059e-20  0.00000e+00  0.00000e+00  1.00000e+00
  142 -3.64746e-01  1.00000e+00 -3.22521e-21  0.00000e+00  0.00000e+00  1.00000e+00
  143 -3.63770e-01  1.00000e+00 -6.53850e-20  0.00000e+00  0.00000e+00  1.00000e+00
  144 -3.62793e-01  1.00000e+00  8.09410e-17  0.00000e+00  0.00000e+00  1.00000e+00
  145 -3.61816e-01  1.00000e+00  6.95775e-21  0.00000e+00  0.00000e+00  1.00000e+00
  146 -3.60840e-01  1.00000e+00  7.97988e-21  0.00000e+00  0.00000e+00  1.00000e+00
  147 -3.59863e-01  1.00000e+00  2.13203e-20  0.00000e+00  0.00000e+00  1.00000e+00
  148 -3.58887e-01  1.00000e+00  8.09262e-17  0.00000e+00  0.00000e+00  1.00000e+00
  149 -3.57910e-01  1.00000e+00 -3.06139e-20  0.00000e+00  0.00000e+00  1.00000e+00
  150 -3.56934e-01  1.00000e+00 -1.05394e-20  0.00000e+00  0.00000e+00  1.00000e+00
  151 -3.55957e-01  1.00000e+00  4.15403e-20  0.00000e+00  0.00000e+00  1.00000e+00
  152 -3.54980e-01  1.00000e+00  7.75644e-21  0.00000e+00  0.00000e+00  1.00000e+00
  153 -3.54004e-01  1.00000e+00 -4.26320e-20  0.00000e+00  0.00000e+00  1.00000e+00
  154 -3.53027e-01  1.00000e+00 -2.44139e-20  0.00000e+00  0.00000e+00  1.00000e+00
  155 -3.52051e-01  1.00000e+00  5.10870e-20  0.00000e+00  0.00000e+00  1.00000e+00
  156 -3.51074e-01  1.00000e+00 -1.76363e-20  0.00000e+00  0.00000e+00  1.00000e+00
  157 -3.50098e-01  1.00000e+00  6.84828e-21  0.00000e+00  0.00000e+00  1.00000e+00
  158 -3.49121e-01  1.00000e+00  2.67771e-20  0.00000e+00  0.00000e+00  1.00000e+00
  159 -3.48145e-01  1.00000e+00  8.09072e-17  0.00000e+00  0.00000e+00  1.00000e+00
  160 -3.47168e-01  1.00000e+00 -6.29059e-20  0.00000e+00  0.00000e+00  1.00000e+00
  161 -3.46191e-01  1.00000e+00  7.25083e-21  0.00000e+00  0.00000e+00  1.00000e+00
  162 -3.45215e-01  1.00000e+00  6.48469e-20  0.00000e+00  0.00000e+00  1.00000e+00
  163 -3.44238e-01  1.00000e+00  2.01848e-20  0.00000e+00  0.00000e+00  1.00000e+00
  164 -3.43262e-01  1.00000e+00 -7.28039e-20  0.00000e+00  0.00000e+00  1.00000e+00
  165 -3.42285e-01  1.00000e+00  8.09198e-17  0.00000e+00  0.00000e+00  1.00000e+00
  166 -3.41309e-01  1.00000e+00  2.76671e-20  0.00000e+00  0.00000e+00  1.00000e+00
  167 -3.40332e-01  1.00000e+00 -6.85693e-21  0.00000e+00  0.00000e+00  1.00000e+00
  168 -3.39355e-01  1.00000e+00 -2.21485e-20  0.00000e+00  0.00000e+00  1.00000e+00
  169 -3.38379e-01  1.00000e+00  1.16197e-20  0.00000e+00  0.00000e+00  1.00000e+00
  170 -3.37402e-01  1.00000e+00  1.43524e-20  0.00000e+00  0.00000e+00  1.00000e+00
  171 -3.36426e-01  1.00000e+00 -4.44627e-20  0.00000e+00  0.00000e+00  1.00000e+00
  172 -3.35449e-01  1.00000e+00  1.74505e-20  0.00000e+00  0.00000e+00  1.00000e+00
  173 -3.34473e-01  1.00000e+00  4.43130e-20  0.00000e+00  0.00000e+00  1.00000e+00
  174 -3.33496e-01  1.00000e+00  1.85281e-20  0.00000e+00  0.00000e+00  1.00000e+00
  175 -3.32520e-01  1.00000e+00 -4.45210e-20  0.00000e+00  0.00000e+00  1.00000e+00
  176 -3.31543e-01  1.00000e+00  8.09491e-17  0.00000e+00  0.00000e+00  1.00000e+00
  177 -3.30566e-01  1.00000e+00 -2.88405e-20  0.00000e+00  0.00000e+00  1.00000e+00
  178 -3.29590e-01  1.00000e+00  9.06010e-22  0.00000e+00  0.00000e+00  1.00000e+00
  179 -3.28613e-01  1.00000e+00  5.18200e-21  0.00000e+00  0.00000e+00  1.00000e+00
  180 -3.27637e-01  1.00000e+00  5.95166e-21  0.00000e+00  0.00000e+00  1.00000e+00
  181 -3.26660e-01  1.00000e+00 -2.11110e-21  0.00000e+00  0.00000e+00  1.00000e+00
  182 -3.25684e-01  1.00000e+00  8.09147e-17  0.00000e+00  0.00000e+00  1.00000e+00
  183 -3.24707e-01  1.00000e+00 -9.55845e-21  0.00000e+00  0.00000e+00  1.00000e+00
  184 -3.23730e-01  1.00000e+00  1.73465e-20  0.00000e+00  0.00000e+00  1.00000e+00
  185 -3.22754e-01  1.00000e+00 -2.66658e-21  0.00000e+00  0.00000e+00  1.00000e+00
  186 -3.21777e-01  1.00000e+00 -1.98619e-20  0.00000e+00  0.00000e+00  1.00000e+00
  187 -3.20801e-01  1.00000e+00  4.61847e-20  0.00000e+00  0.00000e+00  1.00000e+00
  188 -3.19824e-01  1.00000e+00 -3.23256e-20  0.00000e+00  0.00000e+00  1.00000e+00
  189 -3.18848e-01  1.00000e+00 -1.49743e-20  0.00000e+00  0.00000e+00  1.00000e+00
  190 -3.17871e-01  1.00000e+00  2.81465e-21  0.00000e+00  0.00000e+00  1.00000e+00
  191 -3.16895e-01  1.00000e+00  2.80287e-20  0.00000e+00  0.00000e+00  1.00000e+00
  192 -3.15918e-01  1.00000e+00 -1.73183e-20  0.00000e+00  0.00000e+00  1.00000e+00
  193 -3.14941e-01  1.00000e+00  9.40930e-21  0.00000e+00  0.00000e+00  1.00000e+00
  194 -3.13965e-01  1.00000e+00  8.09281e-17  0.00000e+00  0.00000e+00  1.00000e+00
  195 -3.12988e-01  1.00000e+00 -4.81456e-20  0.00000e+00  0.00000e+00  1.00000e+00
  196 -3.12012e-01  1.00000e+00 -2.83596e-20  0.00000e+00  0.00000e+00  1.00000e+00
  197 -3.11035e-01  1.00000e+00  5.05900e-20  0.00000e+00  0.00000e+00  1.00000e+00
  198 -3.10059e-01  1.00000e+00  6.00762e-20  0.00000e+00  0.00000e+00  1.00000e+00
  199 -3.09082e-01  1.00000e+00 -1.87688e-20  0.00000e+00  0.00000e+00  1.00000e+00
  200 -3.08105e-01  1.00000e+00 -4.14731e-20  0.00000e+00  0.00000e+00  1.00000e+00
  201 -3.07129e-01  1.00000e+00 -3.31280e-21  0.00000e+00  0.00000e+00  1.00000e+00
  202 -3.06152e-01  1.00000e+00  4.71970e-21  0.00000e+00  0.00000e+00  1.00000e+00
  203 -3.05176e-01  1.00000e+00  8.09207e-17  0.00000e+00  0.00000e+00  1.00000e+00
  204 -3.04199e-01  1.00000e+00 -2.27487e-20  0.00000e+00  0.00000e+00  1.00000e+00
  205 -3.03223e-01  1.00000e+00  3.38273e-21  0.00000e+00  0.00000e+00  1.00000e+00
  206 -3.02246e-01  1.00000e+00 -3.16410e-21  0.00000e+00  0.00000e+00  1.00000e+00
  207 -3.01270e-01  1.00000e+00 -3.47576e-20  0.00000e+00  0.00000e+00  1.00000e+00
  208 -3.00293e-01  1.00000e+00  3.53839e-20  0.00000e+00  0.00000e+00  1.00000e+00
  209 -2.99316e-01  1.00000e+00  4.15353e-20  0.00000e+00  0.00000e+00  1.00000e+00
  210 -2.98340e-01  1.00000e+00  1.53378e-20  0.00000e+00  0.00000e+00  1.00000e+00
  211 -2.97363e-01  1.00000e+00 -4.23001e-20  0.00000e+00  0.00000e+00  1.00000e+00
  212 -2.96387e-01  1.00000e+00  1.19754e-20  0.00000e+00  0.00000e+00  1.00000e+00
  213 -2.95410e-01  1.00000e+00 -2.97697e-20  0.00000e+00  0.00000e+00  1.00000e+00
  214 -2.94434e-01  1.00000e+00  6.31412e-21  0.00000e+00  0.00000e+00  1.00000e+00
  215 -2.93457e-01  1.00000e+00  8.09145e-17  0.00000e+00  0.00000e+00  1.00000e+00
  216 -2.92480e-01  1.00000e+00 -3.07461e-20  0.00000e+00  0.00000e+00  1.00000e+00
  217 -2.91504e-01  1.00000e+00  2.28256e-20  0.00000e+00  0.00000e+00  1.00000e+00
  218 -2.90527e-01  1.00000e+00  2.10548e-20  0.00000e+00  0.00000e+00  1.00000e+00
  219 -2.89551e-01  1.00000e+00 -1.45138e-20  0.00000e+00  0.00000e+00  1.00000e+00
  220 -2.88574e-01  1.00000e+00  1.19353e-20  0.00000e+00  0.00000e+00  1.00000e+00
  221 -2.87598e-01  1.00000e+00  2.11207e-20  0.00000e+00  0.00000e+00  1.00000e+00
  222 -2.86621e-01  1.00000e+00 -2.43955e-20  0.00000e+00  0.00000e+00  1.00000e+00
  223 -2.85645e-01  1.00000e+00  2.57904e-20  0.00000e+00  0.00000e+00  1.00000e+00
  224 -2.84668e-01  1.00000e+00 -3.74238e-20  0.00000e+00  0.00000e+00  1.00000e+00
  225 -2.83691e-01  1.00000e+00  4.40676e-21  0.00000e+00  0.00000e+00  1.00000e+00
  226 -2.82715e-01  1.00000e+00 -1.67178e-20  0.00000e+00  0.00000e+00  1.00000e+00
  227 -2.81738e-01  1.00000e+00 -1.32148e-20  0.00000e+00  0.00000e+00  1.00000e+00
  228 -2.80762e-01  1.00000e+00 -6.59259e-22  0.00000e+00  0.00000e+00  1.00000e+00
  229 -2.79785e-01  1.00000e+00  3.00568e-20  0.00000e+00  0.00000e+00  1.00000e+00
  230 -2.78809e-01  1.00000e+00 -3.20197e-21  0.00000e+00  0.00000e+00  1.00000e+00
  231 -2.77832e-01  1.00000e+00 -2.38889e-20  0.00000e+00  0.00000e+00  1.00000e+00
  232 -2.76855e-01  1.00000e+00 -1.33329e-20  0.00000e+00  0.00000e+00  1.00000e+00
  233 -2.75879e-01  1.00000e+00  2.98753e-20  0.00000e+00  0.00000e+00  1.00000e+00
  234 -2.74902e-01  1.00000e+00  4.95049e-20  0.00000e+00  0.00000e+00  1.00000e+00
  235 -2.73926e-01  1.00000e+00 -1.93115e-20  0.00000e+00  0.00000e+00  1.00000e+00
  236 -2.72949e-01  1.00000e+00 -1.53480e-20  0.00000e+00  0.00000e+00  1.00000e+00
  237 -2.71973e-01  1.00000e+00 -4.87794e-21  0.00000e+00  0.00000e+00  1.00000e+00
  238 -2.70996e-01  1.00000e+00 -9.30188e-21  0.00000e+00  0.00000e+00  1.00000e+00
  239 -2.70020e-01  1.00000e+00 -1.23165e-20  0.00000e+00  0.00000e+00  1.00000e+00
  240 -2.69043e-01  1.00000e+00 -1.46417e-20  0.00000e+00  0.00000e+00  1.00000e+00
  241 -2.68066e-01  1.00000e+00  8.09170e-17  0.00000e+00  0.00000e+00  1.00000e+00
  242 -2.67090e-01  1.00000e+00 -5.72384e-20  0.00000e+00  0.00000e+00  1.00000e+00
  243 -2.66113e-01  1.00000e+00 -1.96593e-20  0.00000e+00  0.00000e+00  1.00000e+00
  244 -2.65137e-01  1.00000e+00  8.83839e-20  0.00000e+00  0.00000e+00  1.00000e+00
  245 -2.64160e-01  1.00000e+00  3.13258e-20  0.00000e+00  0.00000e+00  1.00000e+00
  246 -2.63184e-01  1.00000e+00 -5.61490e-21  0.00000e+00  0.00000e+00  1.00000e+00
  247 -2.62207e-01  1.00000e+00 -3.81247e-20  0.00000e+00  0.00000e+00  1.00000e+00
  248 -2.61230e-01  1.00000e+00  1.14814e-20  0.00000e+00  0.00000e+00  1.00000e+00
  249 -2.60254e-01  1.00000e+00 -1.84484e-20  0.00000e+00  0.00000e+00  1.00000e+00
  250 -2.59277e-01  1.00000e+00 -5.06857e-22  0.00000e+00  0.00000e+00  1.00000e+00
  251 -2.58301e-01  1.00000e+00 -6.57613e-22  0.00000e+00  0.00000e+00  1.00000e+00
  252 -2.57324e-01  1.00000e+00 -2.83360e-20  0.00000e+00  0.00000e+00  1.00000e+00
  253 -2.56348e-01  1.00000e+00 -2.17799e-20  0.00000e+00  0.00000e+00  1.00000e+00
  254 -2.55371e-01  1.00000e+00  2.28713e-20  0.00000e+00  0.00000e+00  1.00000e+00
  255 -2.54395e-01  1.00000e+00  2.52605e-20  0.00000e+00  0.00000e+00  1.00000e+00
  256 -2.53418e-01  1.00000e+00  8.09464e-17  0.00000e+00  0.00000e+00  1.00000e+00
  257 -2.52441e-01  1.00000e+00 -9.79066e-21  0.00000e+00  0.00000e+00  1.00000e+00
  258 -2.51465e-01  1.00000e+00 -3.31994e-20  0.00000e+00  0.00000e+00  1.00000e+00
  259 -2.50488e-01  1.00000e+00  3.53979e-20  0.00000e+00  0.00000e+00  1.00000e+00
  260 -2.49512e-01  1.00000e+00 -3.47553e-20  0.00000e+00  0.00000e+00  1.00000e+00
  261 -2.48535e-01  1.00000e+00 -7.53797e-22  0.00000e+00  0.00000e+00  1.00000e+00
  262 -2.47559e-01  1.00000e+00 -3.66110e-20  0.00000e+00  0.00000e+00  1.00000e+00
  263 -2.46582e-01  1.00000e+00 -1.30007e-20  0.00000e+00  0.00000e+00  1.00000e+00
  264 -2.45605e-01  1.00000e+00  1.31765e-20  0.00000e+00  0.00000e+00  1.00000e+00
  265 -2.44629e-01  1.00000e+00  3.69324e-20  0.00000e+00  0.00000e+00  1.00000e+00
  266 -2.43652e-01  1.00000e+00  8.09308e-17  0.00000e+00  0.00000e+00  1.00000e+00
  267 -2.42676e-01  1.00000e+00 -5.35944e-20  0.00000e+00  0.00000e+00  1.00000e+00
  268 -2.41699e-01  1.00000e+00 -2.80209e-20  0.00000e+00  0.00000e+00  1.00000e+00
  269 -2.40723e-01  1.00000e+00  6.52077e-20  0.00000e+00  0.00000e+00  1.00000e+00
  270 -2.39746e-01  1.00000e+00  5.46849e-20  0.00000e+00  0.00000e+00  1.00000e+00
  271 -2.38770e-01  1.00000e+00 -2.74670e-20  0.00000e+00  0.00000e+00  1.00000e+00
  272 -2.37793e-01  1.00000e+00  1.33824e-20  0.00000e+00  0.00000e+00  1.00000e+00
  273 -2.36816e-01  1.00000e+00 -1.94806e-21  0.00000e+00  0.00000e+00  1.00000e+00
  274 -2.35840e-01  1.00000e+00 -1.39688e-20  0.00000e+00  0.00000e+00  1.00000e+00
  275 -2.34863e-01  1.00000e+00 -2.69925e-20  0.00000e+00  0.00000e+00  1.00000e+00
  276 -2.33887e-01  1.00000e+00 -1.53313e-21  0.00000e+00  0.00000e+00  1.00000e+00
  277 -2.32910e-01  1.00000e+00 -3.67372e-21  0.00000e+00  0.00000e+00  1.00000e+00
  278 -2.31934e-01  1.00000e+00  8.08537e-17  0.00000e+00  0.00000e+00  1.00000e+00
  279 -2.30957e-01  1.00000e+00 -8.40335e-20  0.00000e+00  0.00000e+00  1.00000e+00
  280 -2.29980e-01  1.00000e+00  9.56994e-20  0.00000e+00  0.00000e+00  1.00000e+00
  281 -2.29004e-01  1.00000e+00  7.41941e-20  0.00000e+00  0.00000e+00  1.00000e+00
  282 -2.28027e-01  1.00000e+00 -1.91922e-20  0.00000e+00  0.00000e+00  1.00000e+00
  283 -2.27051e-01  1.00000e+00 -2.72307e-20  0.00000e+00  0.00000e+00  1.00000e+00
  284 -2.26074e-01  1.00000e+00  1.25793e-20  0.00000e+00  0.00000e+00  1.00000e+00
  285 -2.25098e-01  1.00000e+00 -6.38372e-21  0.00000e+00  0.00000e+00  1.00000e+00
  286 -2.24121e-01  1.00000e+00  2.95376e-21  0.00000e+00  0.00000e+00  1.00000e+00
  287 -2.23145e-01  1.00000e+00  8.09293e-17  0.00000e+00  0.00000e+00  1.00000e+00
  288 -2.22168e-01  1.00000e+00 -6.32607e-20  0.00000e+00  0.00000e+00  1.00000e+00
  289 -2.21191e-01  1.00000e+00 -5.33661e-20  0.00000e+00  0.00000e+00  1.00000e+00
  290 -2.20215e-01  1.00000e+00  1.12240e-20  0.00000e+00  0.00000e+00  1.00000e+00
  291 -2.19238e-01  1.00000e+00  7.86904e-20  0.00000e+00  0.00000e+00  1.00000e+00
  292 -2.18262e-01  1.00000e+00  4.64517e-20  0.00000e+00  0.00000e+00  1.00000e+00
  293 -2.17285e-01  1.00000e+00 -2.95732e-20  0.00000e+00  0.00000e+00  1.00000e+00
  294 -2.16309e-01  1.00000e+00 -1.92436e-20  0.00000e+00  0.00000e+00  1.00000e+00
  295 -2.15332e-01  1.00000e+00  3.11878e-20  0.00000e+00  0.00000e+00  1.00000e+00
  296 -2.14355e-01  1.00000e+00 -3.27031e-20  0.00000e+00  0.00000e+00  1.00000e+00
  297 -2.13379e-01  1.00000e+00  1.92389e-21  0.00000e+00  0.00000e+00  1.00000e+00
  298 -2.12402e-01  1.00000e+00  8.09143e-17  0.00000e+00  0.00000e+00  1.00000e+00
  299 -2.11426e-01  1.00000e+00 -1.05678e-19  0.00000e+00  0.00000e+00  1.00000e+00
  300 -2.10449e-01  1.00000e+00  6.45128e-21  0.00000e+00  0.00000e+00  1.00000e+00
  301 -2.09473e-01  1.00000e+00  8.05101e-20  0.00000e+00  0.00000e+00  1.00000e+00
  302 -2.08496e-01  1.00000e+00 -4.40347e-21  0.00000e+00  0.00000e+00  1.00000e+00
  303 -2.07520e-01  1.00000e+00 -3.01475e-20  0.00000e+00  0.00000e+00  1.00000e+00
  304 -2.06543e-01  1.00000e+00 -1.90704e-20  0.00000e+00  0.00000e+00  1.00000e+00
  305 -2.05566e-01  1.00000e+00  3.36377e-20  0.00000e+00  0.00000e+00  1.00000e+00
  306 -2.04590e-01  1.00000e+00  8.09723e-17  0.00000e+00  0.00000e+00  1.00000e+00
  307 -2.03613e-01  1.00000e+00  4.04588e-16  0.00000e+00  0.00000e+00  1.00000e+00
  308 -2.02637e-01  1.00000e+00  5.62383e-15  0.00000e+00  0.00000e+00  1.00000e+00
  309 -2.01660e-01  1.00000e+00  6.21049e-14  0.00000e+00  0.00000e+00  1.00000e+00
  310 -2.00684e-01  1.00000e+00  6.63693e-13  0.00000e+00  0.00000e+00  1.00000e+00
  311 -1.99707e-01  1.00000e+00  7.08424e-12  0.00000e+00  0.00000e+00  1.00000e+00
  312 -1.98730e-01  1.00000e+00  7.56069e-11  0.00000e+00  0.00000e+00  1.00000e+00
  313 -1.97754e-01  1.00000e+00  8.06716e-10  0.00000e+00  0.00000e+00  1.00000e+00
  314 -1.96777e-01  1.00000e+00  8.60081e-09  0.00000e+00  0.00000e+00  1.00000e+00
  315 -1.95801e-01  1.00000e+00  9.17441e-08  0.00000e+00  0.00000e+00  1.00000e+00
  316 -1.94824e-01  9.99999e-01  9.77693e-07  0.00000e+00  0.00000e+00  9.99999e-01
  317 -1.93848e-01  9.99991e-01  1.03158e-05  0.00000e+00  0.00000e+00  9.99988e-01
  318 -1.92871e-01  9.99913e-01  1.03214e-04  0.00000e+00  0.00000e+00  9.99878e-01
  319 -1.91895e-01  9.99480e-01  6.15560e-04  0.00000e+00  0.00000e+00  9.99272e-01
  320 -1.90918e-01  9.98337e-01  1.96947e-03  0.00000e+00  0.00000e+00  9.97672e-01
  321 -1.89941e-01  9.96337e-01  4.34073e-03  0.00000e+00  0.00000e+00  9.94876e-01
  322 -1.88965e-01  9.93586e-01  7.61007e-03  0.00000e+00  0.00000e+00  9.91032e-01
  323 -1.87988e-01  9.90304e-01  1.15183e-02  0.00000e+00  0.00000e+00  9.86453e-01
  324 -1.87012e-01  9.86700e-01  1.58232e-02  0.00000e+00  0.00000e+00  9.81430e-01
  325 -1.86035e-01  9.82913e-01  2.03595e-02  0.00000e+00  0.00000e+00  9.76161e-01
  326 -1.85059e-01  9.79023e-01  2.50329e-02  0.00000e+00  0.00000e+00  9.70757e-01
  327 -1.84082e-01  9.75074e-01  2.97934e-02  0.00000e+00  0.00000e+00  9.65279e-01
  328 -1.83105e-01  9.71088e-01  3.46141e-02  0.00000e+00  0.00000e+00  9.59759e-01
  329 -1.82129e-01  9.67078e-01  3.94793e-02  0.00000e+00  0.00000e+00  9.54216e-01
  330 -1.81152e-01  9.63054e-01  4.43787e-02  0.00000e+00  0.00000e+00  9.48661e-01
  331 -1.80176e-01  9.59020e-01  4.93051e-02  0.00000e+00  0.00000e+00  9.43103e-01
  332 -1.79199e-01  9.54983e-01  5.42534e-02  0.00000e+00  0.00000e+00  9.37549e-01
  333 -1.78223e-01  9.50945e-01  5.92194e-02  0.00000e+00  0.00000e+00  9.32004e-01
  334 -1.77246e-01  9.46908e-01  6.42004e-02  0.00000e+00  0.00000e+00  9.26469e-01
  335 -1.76270e-01  9.42875e-01  6.91938e-02  0.00000e+00  0.00000e+00  9.20950e-01
  336 -1.75293e-01  9.38847e-01  7.41978e-02  0.00000e+00  0.00000e+00  9.15447e-01
  337 -1.74316e-01  9.34825e-01  7.92111e-02  0.00000e+00  0.00000e+00  9.09962e-01
  338 -1.73340e-01  9.30811e-01  8.42323e-02  0.00000e+00  0.00000e+00  9.04496e-01
  339 -1.72363e-01  9.26806e-01  8.92604e-02  0.00000e+00  0.00000e+00  8.99051e-01
  340 -1.71387e-01  9.22809e-01  9.42948e-02  0.00000e+00  0.00000e+00  8.93628e-01
  341 -1.70410e-01  9.18822e-01  9.93345e-02  0.00000e+00  0.00000e+00  8.88227e-01
  342 -1.69434e-01  9.14844e-01  1.04379e-01  0.00000e+00  0.00000e+00  8.82849e-01
  343 -1.68457e-01  9.10877e-01  1.09428e-01  0.00000e+00  0.00000e+00  8.77494e-01
  344 -1.67480e-01  9.06921e-01  1.14481e-01  0.00000e+00  0.00000e+00  8.72163e-01
  345 -1.66504e-01  9.02976e-01  1.19537e-01  0.00000e+00  0.00000e+00  8.66856e-01
  346 -1.65527e-01  8.99042e-01  1.24597e-01  0.00000e+00  0.00000e+00  8.61573e-01
  347 -1.64551e-01  8.95119e-01  1.29659e-01  0.00000e+00  0.00000e+00  8.56315e-01
  348 -1.63574e-01  8.91209e-01  1.34725e-01  0.00000e+00  0.00000e+00  8.51082e-01
  349 -1.62598e-01  8.87310e-01  1.39792e-01  0.00000e+00  0.00000e+00  8.45874e-01
  350 -1.61621e-01  8.83422e-01  1.44862e-01  0.00000e+00  0.00000e+00  8.40690e-01
  351 -1.60645e-01  8.79548e-01  1.49934e-01  0.00000e+00  0.00000e+00  8.35532e-01
  352 -1.59668e-01  8.75685e-01  1.55007e-01  0.00000e+00  0.00000e+00  8.30400e-01
  353 -1.58691e-01  8.71834e-01  1.60083e-01  0.00000e+00  0.00000e+00  8.25292e-01
  354 -1.57715e-01  8.67996e-01  1.65159e-01  0.00000e+00  0.00000e+00  8.20210e-01
  355 -1.56738e-01  8.64171e-01  1.70238e-01  0.00000e+00  0.00000e+00  8.15154e-01
  356 -1.55762e-01  8.60357e-01  1.75318e-01  0.00000e+00  0.00000e+00  8.10123e-01
  357 -1.54785e-01  8.56557e-01  1.80399e-01  0.00000e+00  0.00000e+00  8.05117e-01
  358 -1.53809e-01  8.52769e-01  1.85481e-01  0.00000e+00  0.00000e+00  8.00137e-01
  359 -1.52832e-01  8.48993e-01  1.90564e-01  0.00000e+00  0.00000e+00  7.95182e-01
  360 -1.51855e-01  8.45231e-01  1.95648e-01  0.00000e+00  0.00000e+00  7.90252e-01
  361 -1.50879e-01  8.41481e-01  2.00733e-01  0.00000e+00  0.00000e+00  7.85348e-01
  362 -1.49902e-01  8.37743e-01  2.05819e-01  0.00000e+00  0.00000e+00  7.80469e-01
  363 -1.48926e-01  8.34019e-01  2.10905e-01  0.00000e+00  0.00000e+00  7.75615e-01
  364 -1.47949e-01  8.30307e-01  2.15993e-01  0.00000e+00  0.00000e+00  7.70787e-01
  365 -1.46973e-01  8.26608e-01  2.21081e-01  0.00000e+00  0.00000e+00  7.65984e-01
  366 -1.45996e-01  8.22921e-01  2.26169e-01  0.00000e+00  0.00000e+00  7.61206e-01
  367 -1.45020e-01  8.19248e-01  2.31259e-01  0.00000e+00  0.00000e+00  7.56453e-01
  368 -1.44043e-01  8.15587e-01  2.36348e-01  0.00000e+00  0.00000e+00  7.51725e-01
  369 -1.43066e-01  8.11939e-01  2.41438e-01  0.00000e+00  0.00000e+00  7.47021e-01
  370 -1.42090e-01  8.08304e-01  2.46529e-01  0.00000e+00  0.00000e+00  7.42343e-01
  371 -1.41113e-01  8.04681e-01  2.51620e-01  0.00000e+00  0.00000e+00  7.37690e-01
  372 -1.40137e-01  8.01072e-01  2.56711e-01  0.00000e+00  0.00000e+00  7.33061e-01
  373 -1.39160e-01  7.97475e-01  2.61802e-01  0.00000e+00  0.00000e+00  7.28457e-01
  374 -1.38184e-01  7.93891e-01  2.66894e-01  0.00000e+00  0.00000e+00  7.23878e-01
  375 -1.37207e-01  7.90319e-01  2.71986e-01  0.00000e+00  0.00000e+00  7.19323e-01
  376 -1.36230e-01  7.86761e-01  2.77078e-01  0.00000e+00  0.00000e+00  7.14792e-01
  377 -1.35254e-01  7.83215e-01  2.82170e-01  0.00000e+00  0.00000e+00  7.10286e-01
  378 -1.34277e-01  7.79681e-01  2.87263e-01  0.00000e+00  0.00000e+00  7.05804e-01
  379 -1.33301e-01  7.76161e-01  2.92355e-01  0.00000e+00  0.00000e+00  7.01346e-01
  380 -1.32324e-01  7.72653e-01  2.97448e-01  0.00000e+00  0.00000e+00  6.96913e-01
  381 -1.31348e-01  7.69158e-01  3.02540e-01  0.00000e+00  0.00000e+00  6.92503e-01
  382 -1.30371e-01  7.65675e-01  3.07633e-01  0.00000e+00  0.00000e+00  6.88117e-01
  383 -1.29395e-01  7.62205e-01  3.12725e-01  0.00000e+00  0.00000e+00  6.83756e-01
  384 -1.28418e-01  7.58748e-01  3.17818e-01  0.00000e+00  0.00000e+00  6.79418e-01
  385 -1.27441e-01  7.55303e-01  3.22910e-01  0.00000e+00  0.00000e+00  6.75103e-01
  386 -1.26465e-01  7.51871e-01  3.28003e-01  0.00000e+00  0.00000e+00  6.70812e-01
  387 -1.25488e-01  7.48452e-01  3.33095e-01  0.00000e+00  0.00000e+00  6.66545e-01
  388 -1.24512e-01  7.45045e-01  3.38187e-01  0.00000e+00  0.00000e+00  6.62301e-01
  389 -1.23535e-01  7.41650e-01  3.43279e-01  0.00000e+00  0.00000e+00  6.58080e-01
  390 -1.22559e-01  7.38268e-01  3.48371e-01  0.00000e+00  0.00000e+00  6.53883e-01
  391 -1.21582e-01  7.34899e-01  3.53462e-01  0.00000e+00  0.00000e+00  6.49709e-01
  392 -1.20605e-01  7.31542e-01  3.58554e-01  0.00000e+00  0.00000e+00  6.45558e-01
  393 -1.19629e-01  7.28197e-01  3.63645e-01  0.00000e+00  0.00000e+00  6.41429e-01
  394 -1.18652e-01  7.24865e-01  3.68736e-01  0.00000e+00  0.00000e+00  6.37324e-01
  395 -1.17676e-01  7.21545e-01  3.73826e-01  0.00000e+00  0.00000e+00  6.33241e-01
  396 -1.16699e-01  7.18238e-01  3.78916e-01  0.00000e+00  0.00000e+00  6.29181e-01
  397 -1.15723e-01  7.14943e-01  3.84006e-01  0.00000e+00  0.00000e+00  6.25144e-01
  398 -1.14746e-01  7.11660e-01  3.89095e-01  0.00000e+00  0.00000e+00  6.21129e-01
  399 -1.13770e-01  7.08390e-01  3.94185e-01  0.00000e+00  0.00000e+00  6.17137e-01
  400 -1.12793e-01  7.05132e-01  3.99273e-01  0.00000e+00  0.00000e+00  6.13167e-01
  401 -1.11816e-01  7.01886e-01  4.04361e-01  0.00000e+00  0.00000e+00  6.09219e-01
  402 -1.10840e-01  6.98653e-01  4.09449e-01  0.00000e+00  0.00000e+00  6.05294e-01
  403 -1.09863e-01  6.95432e-01  4.14536e-01  0.00000e+00  0.00000e+00  6.01390e-01
  404 -1.08887e-01  6.92223e-01  4.19623e-01  0.00000e+00  0.00000e+00  5.97509e-01
  405 -1.07910e-01  6.89026e-01  4.24710e-01  0.00000e+00  0.00000e+00  5.93649e-01
  406 -1.06934e-01  6.85841e-01  4.29795e-01  0.00000e+00  0.00000e+00  5.89811e-01
  407 -1.05957e-01  6.82668e-01  4.34880e-01  0.00000e+00  0.00000e+00  5.85995e-01
  408 -1.04980e-01  6.79508e-01  4.39965e-01  0.00000e+00  0.00000e+00  5.82200e-01
  409 -1.04004e-01  6.76360e-01  4.45049e-01  0.00000e+00  0.00000e+00  5.78427e-01
  410 -1.03027e-01  6.73223e-01  4.50132e-01  0.00000e+00  0.00000e+00  5.74676e-01
  411 -1.02051e-01  6.70099e-01  4.55215e-01  0.00000e+00  0.00000e+00  5.70946e-01
  412 -1.01074e-01  6.66987e-01  4.60296e-01  0.00000e+00  0.00000e+00  5.67237e-01
  413 -1.00098e-01  6.63887e-01  4.65378e-01  0.00000e+00  0.00000e+00  5.63549e-01
  414 -9.91211e-02  6.60799e-01  4.70458e-01  0.00000e+00  0.00000e+00  5.59883e-01
  415 -9.81445e-02  6.57723e-01  4.75538e-01  0.00000e+00  0.00000e+00  5.56237e-01
  416 -9.71680e-02  6.54659e-01  4.80616e-01  0.00000e+00  0.00000e+00  5.52613e-01
  417 -9.61914e-02  6.51606e-01  4.85694e-01  0.00000e+00  0.00000e+00  5.49009e-01
  418 -9.52148e-02  6.48566e-01  4.90771e-01  0.00000e+00  0.00000e+00  5.45426e-01
  419 -9.42383e-02  6.45538e-01  4.95847e-01  0.00000e+00  0.00000e+00  5.41864e-01
  420 -9.32617e-02  6.42521e-01  5.00922e-01  0.00000e+00  0.00000e+00  5.38322e-01
  421 -9.22852e-02  6.39516e-01  5.05997e-01  0.00000e+00  0.00000e+00  5.34801e-01
  422 -9.13086e-02  6.36524e-01  5.11070e-01  0.00000e+00  0.00000e+00  5.31301e-01
  423 -9.03320e-02  6.33543e-01  5.16142e-01  0.00000e+00  0.00000e+00  5.27821e-01
  424 -8.93555e-02  6.30574e-01  5.21213e-01  0.00000e+00  0.00000e+00  5.24361e-01
  425 -8.83789e-02  6.27616e-01  5.26282e-01  0.00000e+00  0.00000e+00  5.20921e-01
  426 -8.74023e-02  6.24671e-01  5.31351e-01  0.00000e+00  0.00000e+00  5.17502e-01
  427 -8.64258e-02  6.21737e-01  5.36418e-01  0.00000e+00  0.00000e+00  5.14102e-01
  428 -8.54492e-02  6.18815e-01  5.41484e-01  0.00000e+00  0.00000e+00  5.10723e-01
  429 -8.44727e-02  6.15905e-01  5.46549e-01  0.00000e+00  0.00000e+00  5.07364e-01
  430 -8.34961e-02  6.13007e-01  5.51612e-01  0.00000e+00  0.00000e+00  5.04024e-01
  431 -8.25195e-02  6.10120e-01  5.56674e-01  0.00000e+00  0.00000e+00  5.00705e-01
  432 -8.15430e-02  6.07245e-01  5.61734e-01  0.00000e+00  0.00000e+00  4.97405e-01
  433 -8.05664e-02  6.04382e-01  5.66793e-01  0.00000e+00  0.00000e+00  4.94124e-01
  434 -7.95898e-02  6.01531e-01  5.71850e-01  0.00000e+00  0.00000e+00  4.90864e-01
  435 -7.86133e-02  5.98691e-01  5.76905e-01  0.00000e+00  0.00000e+00  4.87623e-01
  436 -7.76367e-02  5.95863e-01  5.81959e-01  0.00000e+00  0.00000e+00  4.84401e-01
  437 -7.66602e-02  5.93047e-01  5.87011e-01  0.00000e+00  0.00000e+00  4.81199e-01
  438 -7.56836e-02  5.90242e-01  5.92061e-01  0.00000e+00  0.00000e+00  4.78016e-01
  439 -7.47070e-02  5.87449e-01  5.97109e-01  0.00000e+00  0.00000e+00  4.74852e-01
  440 -7.37305e-02  5.84668e-01  6.02154e-01  0.00000e+00  0.00000e+00  4.71708e-01
  441 -7.27539e-02  5.81899e-01  6.07198e-01  0.00000e+00  0.00000e+00  4.68583e-01
  442 -7.17773e-02  5.79141e-01  6.12240e-01  0.00000e+00  0.00000e+00  4.65477e-01
  443 -7.08008e-02  5.76395e-01  6.17279e-01  0.00000e+00  0.00000e+00  4.62390e-01
  444 -6.98242e-02  5.73661e-01  6.22316e-01  0.00000e+00  0.00000e+00  4.59322e-01
  445 -6.88477e-02  5.70939e-01  6.27350e-01  0.00000e+00  0.00000e+00  4.56273e-01
  446 -6.78711e-02  5.68228e-01  6.32382e-01  0.00000e+00  0.00000e+00  4.53243e-01
  447 -6.68945e-02  5.65529e-01  6.37411e-01  0.00000e+00  0.00000e+00  4.50232e-01
  448 -6.59180e-02  5.62841e-01  6.42437e-01  0.00000e+00  0.00000e+00  4.47240e-01
  449 -6.49414e-02  5.60166e-01  6.47460e-01  0.00000e+00  0.00000e+00  4.44266e-01
  450 -6.39648e-02  5.57502e-01  6.52481e-01  0.00000e+00  0.00000e+00  4.41311e-01
  451 -6.29883e-02  5.54850e-01  6.57498e-01  0.00000e+00  0.00000e+00  4.38375e-01
  452 -6.20117e-02  5.52210e-01  6.62512e-01  0.00000e+00  0.00000e+00  4.35457e-01
  453 -6.10352e-02  5.49582e-01  6.67523e-01  0.00000e+00  0.00000e+00  4.32559e-01
  454 -6.00586e-02  5.46965e-01  6.72530e-01  0.00000e+00  0.00000e+00  4.29678e-01
  455 -5.90820e-02  5.44360e-01  6.77533e-01  0.00000e+00  0.00000e+00  4.26816e-01
  456 -5.81055e-02  5.41768e-01  6.82533e-01  0.00000e+00  0.00000e+00  4.23973e-01
  457 -5.71289e-02  5.39187e-01  6.87529e-01  0.00000e+00  0.00000e+00  4.21148e-01
  458 -5.61523e-02  5.36618e-01  6.92522e-01  0.00000e+00  0.00000e+00  4.18341e-01
  459 -5.51758e-02  5.34060e-01  6.97510e-01  0.00000e+00  0.00000e+00  4.15553e-01
  460 -5.41992e-02  5.31515e-01  7.02494e-01  0.00000e+00  0.00000e+00  4.12783e-01
  461 -5.32227e-02  5.28981e-01  7.07473e-01  0.00000e+00  0.00000e+00  4.10031e-01
  462 -5.22461e-02  5.26460e-01  7.12449e-01  0.00000e+00  0.00000e+00  4.07297e-01
  463 -5.12695e-02  5.23950e-01  7.17420e-01  0.00000e+00  0.00000e+00  4.04581e-01
  464 -5.02930e-02  5.21452e-01  7.22386e-01  0.00000e+00  0.00000e+00  4.01883e-01
  465 -4.93164e-02  5.18966e-01  7.27348e-01  0.00000e+00  0.00000e+00  3.99203e-01
  466 -4.83398e-02  5.16492e-01  7.32306e-01  0.00000e+00  0.00000e+00  3.96541e-01
  467 -4.73633e-02  5.14029e-01  7.37258e-01  0.00000e+00  0.00000e+00  3.93897e-01
  468 -4.63867e-02  5.11578e-01  7.42207e-01  0.00000e+00  0.00000e+00  3.91270e-01
  469 -4.54102e-02  5.09139e-01  7.47150e-01  0.00000e+00  0.00000e+00  3.88660e-01
  470 -4.44336e-02  5.06711e-01  7.52090e-01  0.00000e+00  0.00000e+00  3.86068e-01
  471 -4.34570e-02  5.04294e-01  7.57025e-01  0.00000e+00  0.00000e+00  3.83492e-01
  472 -4.24805e-02  5.01889e-01  7.61955e-01  0.00000e+00  0.00000e+00  3.80934e-01
  473 -4.15039e-02  4.99494e-01  7.66882e-01  0.00000e+00  0.00000e+00  3.78392e-01
  474 -4.05273e-02  4.97111e-01  7.71806e-01  0.00000e+00  0.00000e+00  3.75867e-01
  475 -3.95508e-02  4.94739e-01  7.76726e-01  0.00000e+00  0.00000e+00  3.73358e-01
  476 -3.85742e-02  4.92376e-01  7.81643e-01  0.00000e+00  0.00000e+00  3.70865e-01
  477 -3.75977e-02  4.90025e-01  7.86557e-01  0.00000e+00  0.00000e+00  3.68387e-01
  478 -3.66211e-02  4.87683e-01  7.91469e-01  0.00000e+00  0.00000e+00  3.65925e-01
  479 -3.56445e-02  4.85351e-01  7.96380e-01  0.00000e+00  0.00000e+00  3.63477e-01
  480 -3.46680e-02  4.83028e-01  8.01289e-01  0.00000e+00  0.00000e+00  3.61045e-01
  481 -3.36914e-02  4.80715e-01  8.06198e-01  0.00000e+00  0.00000e+00  3.58626e-01
  482 -3.27148e-02  4.78410e-01  8.11107e-01  0.00000e+00  0.00000e+00  3.56221e-01
  483 -3.17383e-02  4.76114e-01  8.16017e-01  0.00000e+00  0.00000e+00  3.53830e-01
  484 -3.07617e-02  4.73826e-01  8.20928e-01  0.00000e+00  0.00000e+00  3.51452e-01
  485 -2.97852e-02  4.71546e-01  8.25841e-01  0.00000e+00  0.00000e+00  3.49086e-01
  486 -2.88086e-02  4.69273e-01  8.30757e-01  0.00000e+00  0.00000e+00  3.46733e-01
  487 -2.78320e-02  4.67008e-01  8.35676e-01  0.00000e+00  0.00000e+00  3.44392e-01
  488 -2.68555e-02  4.64750e-01  8.40598e-01  0.00000e+00  0.00000e+00  3.42063e-01
  489 -2.58789e-02  4.62499e-01  8.45525e-01  0.00000e+00  0.00000e+00  3.39746e-01
  490 -2.49023e-02  4.60254e-01  8.50456e-01  0.00000e+00  0.00000e+00  3.37440e-01
  491 -2.39258e-02  4.58017e-01  8.55392e-01  0.00000e+00  0.00000e+00  3.35145e-01
  492 -2.29492e-02  4.55785e-01  8.60332e-01  0.00000e+00  0.00000e+00  3.32862e-01
  493 -2.19727e-02  4.53561e-01  8.65277e-01  0.00000e+00  0.00000e+00  3.30589e-01
  494 -2.09961e-02  4.51343e-01  8.70227e-01  0.00000e+00  0.00000e+00  3.28328e-01
  495 -2.00195e-02  4.49132e-01  8.75181e-01  0.00000e+00  0.00000e+00  3.26078e-01
  496 -1.90430e-02  4.46928e-01  8.80138e-01  0.00000e+00  0.00000e+00  3.23840e-01
  497 -1.80664e-02  4.44731e-01  8.85097e-01  0.00000e+00  0.00000e+00  3.21615e-01
  498 -1.70898e-02  4.42543e-01  8.90058e-01  0.00000e+00  0.00000e+00  3.19402e-01
  499 -1.61133e-02  4.40364e-01  8.95017e-01  0.00000e+00  0.00000e+00  3.17202e-01
  500 -1.51367e-02  4.38195e-01  8.99973e-01  0.00000e+00  0.00000e+00  3.15017e-01
  501 -1.41602e-02  4.36038e-01  9.04921e-01  0.00000e+00  0.00000e+00  3.12848e-01
  502 -1.31836e-02  4.33895e-01  9.09857e-01  0.00000e+00  0.00000e+00  3.10697e-01
  503 -1.22070e-02  4.31770e-01  9.14769e-01  0.00000e+00  0.00000e+00  3.08569e-01
  504 -1.12305e-02  4.29679e-01  9.19624e-01  0.00000e+00  0.00000e+00  3.06479e-01
  505 -1.02539e-02  4.27676e-01  9.24291e-01  0.00000e+00  0.00000e+00  3.04480e-01
  506 -9.27734e-03  4.25953e-01  9.28318e-01  0.00000e+00  0.00000e+00  3.02764e-01
  507 -8.30078e-03  4.24954e-01  9.30659e-01  0.00000e+00  0.00000e+00  3.01771e-01
  508 -7.32422e-03  4.24783e-01  9.31061e-01  0.00000e+00  0.00000e+00  3.01600e-01
  509 -6.34766e-03  4.24799e-01  9.31023e-01  0.00000e+00  0.00000e+00  3.01616e-01
  510 -5.37109e-03  4.25206e-01  9.30067e-01  0.00000e+00  0.00000e+00  3.02022e-01
  511 -4.39453e-03  4.25688e-01  9.28937e-01  0.00000e+00  0.00000e+00  3.02501e-01
  512 -3.41797e-03  4.25767e-01  9.28754e-01  0.00000e+00  0.00000e+00  3.02579e-01
  513 -2.44141e-03  4.25779e-01  9.28724e-01  0.00000e+00  0.00000e+00  3.02591e-01
  514 -1.46484e-03  4.25792e-01  9.28694e-01  0.00000e+00  0.00000e+00  3.02604e-01
  515 -4.88281e-04  4.25845e-01  9.28570e-01  0.00000e+00  0.00000e+00  3.02657e-01
  516  4.88281e-04  4.25971e-01  9.28276e-01  0.00000e+00  0.00000e+00  3.02782e-01
  517  1.46484e-03  4.26109e-01  9.27951e-01  0.00000e+00  0.00000e+00  3.02920e-01
  518  2.44141e-03  4.26169e-01  9.27811e-01  0.00000e+00  0.00000e+00  3.02979e-01
  519  3.41797e-03  4.26177e-01  9.27792e-01  0.00000e+00  0.00000e+00  3.02987e-01
  520  4.39453e-03  4.26178e-01  9.27792e-01  0.00000e+00  0.00000e+00  3.02988e-01
  521  5.37109e-03  4.26175e-01  9.27797e-01  0.00000e+00  0.00000e+00  3.02985e-01
  522  6.34766e-03  4.26175e-01  9.27798e-01  0.00000e+00  0.00000e+00  3.02985e-01
  523  7.32422e-03  4.26187e-01  9.27771e-01  0.00000e+00  0.00000e+00  3.02996e-01
  524  8.30078e-03  4.26251e-01  9.27620e-01  0.00000e+00  0.00000e+00  3.03061e-01
  525  9.27734e-03  4.26317e-01  9.27465e-01  0.00000e+00  0.00000e+00  3.03127e-01
  526  1.02539e-02  4.26326e-01  9.27444e-01  0.00000e+00  0.00000e+00  3.03136e-01
  527  1.12305e-02  4.26321e-01  9.27457e-01  0.00000e+00  0.00000e+00  3.03130e-01
  528  1.22070e-02  4.26280e-01  9.27552e-01  0.00000e+00  0.00000e+00  3.03089e-01
  529  1.31836e-02  4.26261e-01  9.27596e-01  0.00000e+00  0.00000e+00  3.03071e-01
  530  1.41602e-02  4.26262e-01  9.27596e-01  0.00000e+00  0.00000e+00  3.03071e-01
  531  1.51367e-02  4.26290e-01  9.27529e-01  0.00000e+00  0.00000e+00  3.03099e-01
  532  1.61133e-02  4.26331e-01  9.27434e-01  0.00000e+00  0.00000e+00  3.03140e-01
  533  1.70898e-02  4.26336e-01  9.27421e-01  0.00000e+00  0.00000e+00  3.03145e-01
  534  1.80664e-02  4.26328e-01  9.27440e-01  0.00000e+00  0.00000e+00  3.03137e-01
  535  1.90430e-02  4.26285e-01  9.27541e-01  0.00000e+00  0.00000e+00  3.03094e-01
  536  2.00195e-02  4.26265e-01  9.27588e-01  0.00000e+00  0.00000e+00  3.03074e-01
  537  2.09961e-02  4.26265e-01  9.27589e-01  0.00000e+00  0.00000e+00  3.03074e-01
  538  2.19727e-02  4.26290e-01  9.27529e-01  0.00000e+00  0.00000e+00  3.03099e-01
  539  2.29492e-02  4.26335e-01  9.27424e-01  0.00000e+00  0.00000e+00  3.03144e-01
  540  2.39258e-02  4.26343e-01  9.27406e-01  0.00000e+00  0.00000e+00  3.03152e-01
  541  2.49023e-02  4.26337e-01  9.27421e-01  0.00000e+00  0.00000e+00  3.03146e-01
  542  2.58789e-02  4.26293e-01  9.27525e-01  0.00000e+00  0.00000e+00  3.03101e-01
  543  2.68555e-02  4.26265e-01  9.27588e-01  0.00000e+00  0.00000e+00  3.03074e-01
  544  2.78320e-02  4.26264e-01  9.27590e-01  0.00000e+00  0.00000e+00  3.03073e-01
  545  2.88086e-02  4.26294e-01  9.27522e-01  0.00000e+00  0.00000e+00  3.03102e-01
  546  2.97852e-02  4.26345e-01  9.27401e-01  0.00000e+00  0.00000e+00  3.03154e-01
  547  3.07617e-02  4.26353e-01  9.27383e-01  0.00000e+00  0.00000e+00  3.03162e-01
  548  3.17383e-02  4.26344e-01  9.27405e-01  0.00000e+00  0.00000e+00  3.03152e-01
  549  3.27148e-02  4.26288e-01  9.27537e-01  0.00000e+00  0.00000e+00  3.03096e-01
  550  3.36914e-02  4.26260e-01  9.27601e-01  0.00000e+00  0.00000e+00  3.03069e-01
  551  3.46680e-02  4.26260e-01  9.27601e-01  0.00000e+00  0.00000e+00  3.03069e-01
  552  3.56445e-02  4.26298e-01  9.27512e-01  0.00000e+00  0.00000e+00  3.03107e-01
  553  3.66211e-02  4.26348e-01  9.27396e-01  0.00000e+00  0.00000e+00  3.03156e-01
  554  3.75977e-02  4.26353e-01  9.27383e-01  0.00000e+00  0.00000e+00  3.03162e-01
  555  3.85742e-02  4.26338e-01  9.27419e-01  0.00000e+00  0.00000e+00  3.03146e-01
  556  3.95508e-02  4.26280e-01  9.27555e-01  0.00000e+00  0.00000e+00  3.03089e-01
  557  4.05273e-02  4.26264e-01  9.27594e-01  0.00000e+00  0.00000e+00  3.03072e-01
  558  4.15039e-02  4.26267e-01  9.27587e-01  0.00000e+00  0.00000e+00  3.03075e-01
  559  4.24805e-02  4.26313e-01  9.27479e-01  0.00000e+00  0.00000e+00  3.03121e-01
  560  4.34570e-02  4.26352e-01  9.27387e-01  0.00000e+00  0.00000e+00  3.03160e-01
  561  4.44336e-02  4.26355e-01  9.27380e-01  0.00000e+00  0.00000e+00  3.03163e-01
  562  4.54102e-02  4.26335e-01  9.27427e-01  0.00000e+00  0.00000e+00  3.03143e-01
  563  4.63867e-02  4.26283e-01  9.27549e-01  0.00000e+00  0.00000e+00  3.03091e-01
  564  4.73633e-02  4.26272e-01  9.27576e-01  0.00000e+00  0.00000e+00  3.03080e-01
  565  4.83398e-02  4.26276e-01  9.27567e-01  0.00000e+00  0.00000e+00  3.03084e-01
  566  4.93164e-02  4.26318e-01  9.27467e-01  0.00000e+00  0.00000e+00  3.03126e-01
  567  5.02930e-02  4.26355e-01  9.27382e-01  0.00000e+00  0.00000e+00  3.03162e-01
  568  5.12695e-02  4.26358e-01  9.27375e-01  0.00000e+00  0.00000e+00  3.03166e-01
  569  5.22461e-02  4.26346e-01  9.27404e-01  0.00000e+00  0.00000e+00  3.03153e-01
  570  5.32227e-02  4.26295e-01  9.27522e-01  0.00000e+00  0.00000e+00  3.03103e-01
  571  5.41992e-02  4.26276e-01  9.27568e-01  0.00000e+00  0.00000e+00  3.03083e-01
  572  5.51758e-02  4.26276e-01  9.27568e-01  0.00000e+00  0.00000e+00  3.03084e-01
  573  5.61523e-02  4.26308e-01  9.27493e-01  0.00000e+00  0.00000e+00  3.03115e-01
  574  5.71289e-02  4.26358e-01  9.27375e-01  0.00000e+00  0.00000e+00  3.03165e-01
  575  5.81055e-02  4.26366e-01  9.27357e-01  0.00000e+00  0.00000e+00  3.03173e-01
  576  5.90820e-02  4.26357e-01  9.27378e-01  0.00000e+00  0.00000e+00  3.03164e-01
  577  6.00586e-02  4.26303e-01  9.27505e-01  0.00000e+00  0.00000e+00  3.03110e-01
  578  6.10352e-02  4.26274e-01  9.27573e-01  0.00000e+00  0.00000e+00  3.03081e-01
  579  6.20117e-02  4.26274e-01  9.27574e-01  0.00000e+00  0.00000e+00  3.03081e-01
  580  6.29883e-02  4.26308e-01  9.27493e-01  0.00000e+00  0.00000e+00  3.03115e-01
  581  6.39648e-02  4.26360e-01  9.27372e-01  0.00000e+00  0.00000e+00  3.03167e-01
  582  6.49414e-02  4.26367e-01  9.27356e-01  0.00000e+00  0.00000e+00  3.03173e-01
  583  6.59180e-02  4.26353e-01  9.27388e-01  0.00000e+00  0.00000e+00  3.03160e-01
  584  6.68945e-02  4.26291e-01  9.27535e-01  0.00000e+00  0.00000e+00  3.03097e-01
  585  6.78711e-02  4.26268e-01  9.27590e-01  0.00000e+00  0.00000e+00  3.03074e-01
  586  6.88477e-02  4.26269e-01  9.27587e-01  0.00000e+00  0.00000e+00  3.03076e-01
  587  6.98242e-02  4.26314e-01  9.27481e-01  0.00000e+00  0.00000e+00  3.03120e-01
  588  7.08008e-02  4.26361e-01  9.27371e-01  0.00000e+00  0.00000e+00  3.03167e-01
  589  7.17773e-02  4.26366e-01  9.27361e-01  0.00000e+00  0.00000e+00  3.03172e-01
  590  7.27539e-02  4.26346e-01  9.27407e-01  0.00000e+00  0.00000e+00  3.03152e-01
  591  7.37305e-02  4.26286e-01  9.27548e-01  0.00000e+00  0.00000e+00  3.03092e-01
  592  7.47070e-02  4.26272e-01  9.27582e-01  0.00000e+00  0.00000e+00  3.03078e-01
  593  7.56836e-02  4.26276e-01  9.27573e-01  0.00000e+00  0.00000e+00  3.03082e-01
  594  7.66602e-02  4.26325e-01  9.27460e-01  0.00000e+00  0.00000e+00  3.03130e-01
  595  7.76367e-02  4.26366e-01  9.27364e-01  0.00000e+00  0.00000e+00  3.03171e-01
  596  7.86133e-02  4.26369e-01  9.27355e-01  0.00000e+00  0.00000e+00  3.03174e-01
  597  7.95898e-02  4.26354e-01  9.27392e-01  0.00000e+00  0.00000e+00  3.03159e-01
  598  8.05664e-02  4.26299e-01  9.27522e-01  0.00000e+00  0.00000e+00  3.03104e-01
  599  8.15430e-02  4.26281e-01  9.27564e-01  0.00000e+00  0.00000e+00  3.03086e-01
  600  8.25195e-02  4.26281e-01  9.27563e-01  0.00000e+00  0.00000e+00  3.03086e-01
  601  8.34961e-02  4.26313e-01  9.27490e-01  0.00000e+00  0.00000e+00  3.03117e-01
  602  8.44727e-02  4.26365e-01  9.27369e-01  0.00000e+00  0.00000e+00  3.03169e-01
  603  8.54492e-02  4.26374e-01  9.27349e-01  0.00000e+00  0.00000e+00  3.03177e-01
  604  8.64258e-02  4.26368e-01  9.27364e-01  0.00000e+00  0.00000e+00  3.03171e-01
  605  8.74023e-02  4.26317e-01  9.27484e-01  0.00000e+00  0.00000e+00  3.03120e-01
  606  8.83789e-02  4.26281e-01  9.27568e-01  0.00000e+00  0.00000e+00  3.03084e-01
  607  8.93555e-02  4.26279e-01  9.27573e-01  0.00000e+00  0.00000e+00  3.03082e-01
  608  9.03320e-02  4.26307e-01  9.27508e-01  0.00000e+00  0.00000e+00  3.03109e-01
  609  9.13086e-02  4.26367e-01  9.27368e-01  0.00000e+00  0.00000e+00  3.03169e-01
  610  9.22852e-02  4.26378e-01  9.27343e-01  0.00000e+00  0.00000e+00  3.03180e-01
  611  9.32617e-02  4.26370e-01  9.27363e-01  0.00000e+00  0.00000e+00  3.03171e-01
  612  9.42383e-02  4.26309e-01  9.27507e-01  0.00000e+00  0.00000e+00  3.03110e-01
  613  9.52148e-02  4.26272e-01  9.27591e-01  0.00000e+00  0.00000e+00  3.03074e-01
  614  9.61914e-02  4.26272e-01  9.27594e-01  0.00000e+00  0.00000e+00  3.03073e-01
  615  9.71680e-02  4.26309e-01  9.27508e-01  0.00000e+00  0.00000e+00  3.03110e-01
  616  9.81445e-02  4.26368e-01  9.27370e-01  0.00000e+00  0.00000e+00  3.03169e-01
  617  9.91211e-02  4.26378e-01  9.27351e-01  0.00000e+00  0.00000e+00  3.03177e-01
  618  1.00098e-01  4.26366e-01  9.27381e-01  0.00000e+00  0.00000e+00  3.03164e-01
  619  1.01074e-01  4.26304e-01  9.27528e-01  0.00000e+00  0.00000e+00  3.03102e-01
  620  1.02051e-01  4.26280e-01  9.27585e-01  0.00000e+00  0.00000e+00  3.03077e-01
  621  1.03027e-01  4.26281e-01  9.27583e-01  0.00000e+00  0.00000e+00  3.03078e-01
  622  1.04004e-01  4.26321e-01  9.27488e-01  0.00000e+00  0.00000e+00  3.03118e-01
  623  1.04980e-01  4.26373e-01  9.27363e-01  0.00000e+00  0.00000e+00  3.03172e-01
  624  1.05957e-01  4.26380e-01  9.27346e-01  0.00000e+00  0.00000e+00  3.03179e-01
  625  1.06934e-01  4.26372e-01  9.27368e-01  0.00000e+00  0.00000e+00  3.03170e-01
  626  1.07910e-01  4.26319e-01  9.27495e-01  0.00000e+00  0.00000e+00  3.03115e-01
  627  1.08887e-01  4.26292e-01  9.27565e-01  0.00000e+00  0.00000e+00  3.03086e-01
  628  1.09863e-01  4.26293e-01  9.27569e-01  0.00000e+00  0.00000e+00  3.03084e-01
  629  1.10840e-01  4.26316e-01  9.27519e-01  0.00000e+00  0.00000e+00  3.03106e-01
  630  1.11816e-01  4.26377e-01  9.27379e-01  0.00000e+00  0.00000e+00  3.03165e-01
  631  1.12793e-01  4.26391e-01  9.27342e-01  0.00000e+00  0.00000e+00  3.03181e-01
  632  1.13770e-01  4.26389e-01  9.27346e-01  0.00000e+00  0.00000e+00  3.03179e-01
  633  1.14746e-01  4.26347e-01  9.27444e-01  0.00000e+00  0.00000e+00  3.03137e-01
  634  1.15723e-01  4.26291e-01  9.27565e-01  0.00000e+00  0.00000e+00  3.03086e-01
  635  1.16699e-01  4.26289e-01  9.27579e-01  0.00000e+00  0.00000e+00  3.03080e-01
  636  1.17676e-01  4.26309e-01  9.27541e-01  0.00000e+00  0.00000e+00  3.03097e-01
  637  1.18652e-01  4.26382e-01  9.27384e-01  0.00000e+00  0.00000e+00  3.03163e-01
  638  1.19629e-01  4.26410e-01  9.27337e-01  0.00000e+00  0.00000e+00  3.03183e-01
  639  1.20605e-01  4.26409e-01  9.27343e-01  0.00000e+00  0.00000e+00  3.03181e-01
  640  1.21582e-01  4.26358e-01  9.27466e-01  0.00000e+00  0.00000e+00  3.03129e-01
  641  1.22559e-01  4.26304e-01  9.27592e-01  0.00000e+00  0.00000e+00  3.03075e-01
  642  1.23535e-01  4.26296e-01  9.27604e-01  0.00000e+00  0.00000e+00  3.03070e-01
  643  1.24512e-01  4.26319e-01  9.27549e-01  0.00000e+00  0.00000e+00  3.03093e-01
  644  1.25488e-01  4.26391e-01  9.27382e-01  0.00000e+00  0.00000e+00  3.03164e-01
  645  1.26465e-01  4.26409e-01  9.27344e-01  0.00000e+00  0.00000e+00  3.03181e-01
  646  1.27441e-01  4.26409e-01  9.27356e-01  0.00000e+00  0.00000e+00  3.03176e-01
  647  1.28418e-01  4.26363e-01  9.27486e-01  0.00000e+00  0.00000e+00  3.03120e-01
  648  1.29395e-01  4.26328e-01  9.27582e-01  0.00000e+00  0.00000e+00  3.03080e-01
  649  1.30371e-01  4.26331e-01  9.27589e-01  0.00000e+00  0.00000e+00  3.03077e-01
  650  1.31348e-01  4.26361e-01  9.27533e-01  0.00000e+00  0.00000e+00  3.03100e-01
  651  1.32324e-01  4.26439e-01  9.27380e-01  0.00000e+00  0.00000e+00  3.03166e-01
  652  1.33301e-01  4.26462e-01  9.27342e-01  0.00000e+00  0.00000e+00  3.03182e-01
  653  1.34277e-01  4.26492e-01  9.27346e-01  0.00000e+00  0.00000e+00  3.03180e-01
  654  1.35254e-01  4.26470e-01  9.27440e-01  0.00000e+00  0.00000e+00  3.03140e-01
  655  1.36230e-01  4.26457e-01  9.27560e-01  0.00000e+00  0.00000e+00  3.03089e-01
  656  1.37207e-01  4.26478e-01  9.27577e-01  0.00000e+00  0.00000e+00  3.03082e-01
  657  1.38184e-01  4.26512e-01  9.27557e-01  0.00000e+00  0.00000e+00  3.03091e-01
  658  1.39160e-01  4.26594e-01  9.27423e-01  0.00000e+00  0.00000e+00  3.03148e-01
  659  1.40137e-01  4.26634e-01  9.27332e-01  0.00000e+00  0.00000e+00  3.03187e-01
  660  1.41113e-01  4.26630e-01  9.27327e-01  0.00000e+00  0.00000e+00  3.03189e-01
  661  1.42090e-01  4.26590e-01  9.27390e-01  0.00000e+00  0.00000e+00  3.03162e-01
  662  1.43066e-01  4.26508e-01  9.27554e-01  0.00000e+00  0.00000e+00  3.03092e-01
  663  1.44043e-01  4.26404e-01  9.27595e-01  0.00000e+00  0.00000e+00  3.03075e-01
  664  1.45020e-01  4.25579e-01  9.27578e-01  0.00000e+00  0.00000e+00  3.03082e-01
  665  1.45996e-01  4.19116e-01  9.27435e-01  0.00000e+00  0.00000e+00  3.03143e-01
  666  1.46973e-01  3.96632e-01  9.27335e-01  0.00000e+00  0.00000e+00  3.03184e-01
  667  1.47949e-01  3.57678e-01  9.27328e-01  0.00000e+00  0.00000e+00  3.03185e-01
  668  1.48926e-01  3.14689e-01  9.27379e-01  0.00000e+00  0.00000e+00  3.03165e-01
  669  1.49902e-01  2.83009e-01  9.27544e-01  0.00000e+00  0.00000e+00  3.03106e-01
  670  1.50879e-01  2.68172e-01  9.27625e-01  0.00000e+00  0.00000e+00  3.03078e-01
  671  1.51855e-01  2.64559e-01  9.27630e-01  0.00000e+00  0.00000e+00  3.03076e-01
  672  1.52832e-01  2.64208e-01  9.27603e-01  0.00000e+00  0.00000e+00  3.03085e-01
  673  1.53809e-01  2.64215e-01  9.27461e-01  0.00000e+00  0.00000e+00  3.03132e-01
  674  1.54785e-01  2.64269e-01  9.27335e-01  0.00000e+00  0.00000e+00  3.03173e-01
  675  1.55762e-01  2.64511e-01  9.27319e-01  0.00000e+00  0.00000e+00  3.03179e-01
  676  1.56738e-01  2.64943e-01  9.27326e-01  0.00000e+00  0.00000e+00  3.03178e-01
  677  1.57715e-01  2.65309e-01  9.27408e-01  0.00000e+00  0.00000e+00  3.03152e-01
  678  1.58691e-01  2.65429e-01  9.27555e-01  0.00000e+00  0.00000e+00  3.03102e-01
  679  1.59668e-01  2.65471e-01  9.27602e-01  0.00000e+00  0.00000e+00  3.03087e-01
  680  1.60645e-01  2.65490e-01  9.27603e-01  0.00000e+00  0.00000e+00  3.03085e-01
  681  1.61621e-01  2.65504e-01  9.27577e-01  0.00000e+00  0.00000e+00  3.03094e-01
  682  1.62598e-01  2.65538e-01  9.27455e-01  0.00000e+00  0.00000e+00  3.03134e-01
  683  1.63574e-01  2.65567e-01  9.27339e-01  0.00000e+00  0.00000e+00  3.03173e-01
  684  1.64551e-01  2.65567e-01  9.27321e-01  0.00000e+00  0.00000e+00  3.03179e-01
  685  1.65527e-01  2.65565e-01  9.27323e-01  0.00000e+00  0.00000e+00  3.03180e-01
  686  1.66504e-01  2.65551e-01  9.27365e-01  0.00000e+00  0.00000e+00  3.03167e-01
  687  1.67480e-01  2.65516e-01  9.27500e-01  0.00000e+00  0.00000e+00  3.03121e-01
  688  1.68457e-01  2.65484e-01  9.27601e-01  0.00000e+00  0.00000e+00  3.03088e-01
  689  1.69434e-01  2.65485e-01  9.27611e-01  0.00000e+00  0.00000e+00  3.03083e-01
  690  1.70410e-01  2.65490e-01  9.27601e-01  0.00000e+00  0.00000e+00  3.03085e-01
  691  1.71387e-01  2.65517e-01  9.27499e-01  0.00000e+00  0.00000e+00  3.03119e-01
  692  1.72363e-01  2.65560e-01  9.27333e-01  0.00000e+00  0.00000e+00  3.03174e-01
  693  1.73340e-01  2.65580e-01  9.27288e-01  0.00000e+00  0.00000e+00  3.03190e-01
  694  1.74316e-01  2.65586e-01  9.27288e-01  0.00000e+00  0.00000e+00  3.03191e-01
  695  1.75293e-01  2.65577e-01  9.27335e-01  0.00000e+00  0.00000e+00  3.03176e-01
  696  1.76270e-01  2.65542e-01  9.27511e-01  0.00000e+00  0.00000e+00  3.03118e-01
  697  1.77246e-01  2.65516e-01  9.27639e-01  0.00000e+00  0.00000e+00  3.03074e-01
  698  1.78223e-01  2.65521e-01  9.27652e-01  0.00000e+00  0.00000e+00  3.03069e-01
  699  1.79199e-01  2.65529e-01  9.27632e-01  0.00000e+00  0.00000e+00  3.03074e-01
  700  1.80176e-01  2.65561e-01  9.27490e-01  0.00000e+00  0.00000e+00  3.03122e-01
  701  1.81152e-01  2.65601e-01  9.27325e-01  0.00000e+00  0.00000e+00  3.03177e-01
  702  1.82129e-01  2.65597e-01  9.27301e-01  0.00000e+00  0.00000e+00  3.03187e-01
  703  1.83105e-01  2.65589e-01  9.27306e-01  0.00000e+00  0.00000e+00  3.03187e-01
  704  1.84082e-01  2.65563e-01  9.27391e-01  0.00000e+00  0.00000e+00  3.03160e-01
  705  1.85059e-01  2.65522e-01  9.27574e-01  0.00000e+00  0.00000e+00  3.03098e-01
  706  1.86035e-01  2.65507e-01  9.27643e-01  0.00000e+00  0.00000e+00  3.03074e-01
  707  1.87012e-01  2.65509e-01  9.27645e-01  0.00000e+00  0.00000e+00  3.03072e-01
  708  1.87988e-01  2.65523e-01  9.27608e-01  0.00000e+00  0.00000e+00  3.03084e-01
  709  1.88965e-01  2.65562e-01  9.27447e-01  0.00000e+00  0.00000e+00  3.03138e-01
  710  1.89941e-01  2.65591e-01  9.27319e-01  0.00000e+00  0.00000e+00  3.03181e-01
  711  1.90918e-01  2.65597e-01  9.27306e-01  0.00000e+00  0.00000e+00  3.03188e-01
  712  1.91895e-01  2.65605e-01  9.27314e-01  0.00000e+00  0.00000e+00  3.03187e-01
  713  1.92871e-01  2.65592e-01  9.27395e-01  0.00000e+00  0.00000e+00  3.03160e-01
  714  1.93848e-01  2.65563e-01  9.27549e-01  0.00000e+00  0.00000e+00  3.03108e-01
  715  1.94824e-01  2.65551e-01  9.27609e-01  0.00000e+00  0.00000e+00  3.03086e-01
  716  1.95801e-01  2.65549e-01  9.27611e-01  0.00000e+00  0.00000e+00  3.03084e-01
  717  1.96777e-01  2.65542e-01  9.27595e-01  0.00000e+00  0.00000e+00  3.03088e-01
  718  1.97754e-01  2.65555e-01  9.27492e-01  0.00000e+00  0.00000e+00  3.03123e-01
  719  1.98730e-01  2.65581e-01  9.27339e-01  0.00000e+00  0.00000e+00  3.03175e-01
  720  1.99707e-01  2.65587e-01  9.27299e-01  0.00000e+00  0.00000e+00  3.03191e-01
  721  2.00684e-01  2.65591e-01  9.27300e-01  0.00000e+00  0.00000e+00  3.03192e-01
  722  2.01660e-01  2.65586e-01  9.27331e-01  0.00000e+00  0.00000e+00  3.03182e-01
  723  2.02637e-01  2.65562e-01  9.27479e-01  0.00000e+00  0.00000e+00  3.03131e-01
  724  2.03613e-01  2.65533e-01  9.27627e-01  0.00000e+00  0.00000e+00  3.03080e-01
  725  2.04590e-01  2.65530e-01  9.27647e-01  0.00000e+00  0.00000e+00  3.03072e-01
  726  2.05566e-01  2.65533e-01  9.27635e-01  0.00000e+00  0.00000e+00  3.03075e-01
  727  2.06543e-01  2.65563e-01  9.27511e-01  0.00000e+00  0.00000e+00  3.03116e-01
  728  2.07520e-01  2.65612e-01  9.27325e-01  0.00000e+00  0.00000e+00  3.03181e-01
  729  2.08496e-01  2.65626e-01  9.27285e-01  0.00000e+00  0.00000e+00  3.03197e-01
  730  2.09473e-01  2.65625e-01  9.27285e-01  0.00000e+00  0.00000e+00  3.03198e-01
  731  2.10449e-01  2.65608e-01  9.27342e-01  0.00000e+00  0.00000e+00  3.03178e-01
  732  2.11426e-01  2.65554e-01  9.27542e-01  0.00000e+00  0.00000e+00  3.03110e-01
  733  2.12402e-01  2.65507e-01  9.27672e-01  0.00000e+00  0.00000e+00  3.03064e-01
  734  2.13379e-01  2.65505e-01  9.27682e-01  0.00000e+00  0.00000e+00  3.03059e-01
  735  2.14355e-01  2.65514e-01  9.27652e-01  0.00000e+00  0.00000e+00  3.03069e-01
  736  2.15332e-01  2.65558e-01  9.27476e-01  0.00000e+00  0.00000e+00  3.03129e-01
  737  2.16309e-01  2.65604e-01  9.27311e-01  0.00000e+00  0.00000e+00  3.03188e-01
  738  2.17285e-01  2.65614e-01  9.27291e-01  0.00000e+00  0.00000e+00  3.03197e-01
  739  2.18262e-01  2.65614e-01  9.27298e-01  0.00000e+00  0.00000e+00  3.03196e-01
  740  2.19238e-01  2.65595e-01  9.27394e-01  0.00000e+00  0.00000e+00  3.03164e-01
  741  2.20215e-01  2.65556e-01  9.27580e-01  0.00000e+00  0.00000e+00  3.03100e-01
  742  2.21191e-01  2.65545e-01  9.27643e-01  0.00000e+00  0.00000e+00  3.03077e-01
  743  2.22168e-01  2.65546e-01  9.27644e-01  0.00000e+00  0.00000e+00  3.03074e-01
  744  2.23145e-01  2.65551e-01  9.27615e-01  0.00000e+00  0.00000e+00  3.03084e-01
  745  2.24121e-01  2.65576e-01  9.27467e-01  0.00000e+00  0.00000e+00  3.03135e-01
  746  2.25098e-01  2.65597e-01  9.27329e-01  0.00000e+00  0.00000e+00  3.03184e-01
  747  2.26074e-01  2.65593e-01  9.27312e-01  0.00000e+00  0.00000e+00  3.03193e-01
  748  2.27051e-01  2.65592e-01  9.27315e-01  0.00000e+00  0.00000e+00  3.03194e-01
  749  2.28027e-01  2.65584e-01  9.27357e-01  0.00000e+00  0.00000e+00  3.03179e-01
  750  2.29004e-01  2.65564e-01  9.27485e-01  0.00000e+00  0.00000e+00  3.03133e-01
  751  2.29980e-01  2.65543e-01  9.27621e-01  0.00000e+00  0.00000e+00  3.03084e-01
  752  2.30957e-01  2.65543e-01  9.27655e-01  0.00000e+00  0.00000e+00  3.03071e-01
  753  2.31934e-01  2.65546e-01  9.27646e-01  0.00000e+00  0.00000e+00  3.03074e-01
  754  2.32910e-01  2.65572e-01  9.27530e-01  0.00000e+00  0.00000e+00  3.03115e-01
  755  2.33887e-01  2.65611e-01  9.27348e-01  0.00000e+00  0.00000e+00  3.03181e-01
  756  2.34863e-01  2.65624e-01  9.27282e-01  0.00000e+00  0.00000e+00  3.03206e-01
  757  2.35840e-01  2.65620e-01  9.27272e-01  0.00000e+00  0.00000e+00  3.03210e-01
  758  2.36816e-01  2.65612e-01  9.27288e-01  0.00000e+00  0.00000e+00  3.03203e-01
  759  2.37793e-01  2.65569e-01  9.27474e-01  0.00000e+00  0.00000e+00  3.03138e-01
  760  2.38770e-01  2.65518e-01  9.27693e-01  0.00000e+00  0.00000e+00  3.03060e-01
  761  2.39746e-01  2.65514e-01  9.27720e-01  0.00000e+00  0.00000e+00  3.03050e-01
  762  2.40723e-01  2.65521e-01  9.27688e-01  0.00000e+00  0.00000e+00  3.03062e-01
  763  2.41699e-01  2.65562e-01  9.27510e-01  0.00000e+00  0.00000e+00  3.03124e-01
  764  2.42676e-01  2.65603e-01  9.27345e-01  0.00000e+00  0.00000e+00  3.03183e-01
  765  2.43652e-01  2.65621e-01  9.27282e-01  0.00000e+00  0.00000e+00  3.03207e-01
  766  2.44629e-01  2.65626e-01  9.27271e-01  0.00000e+00  0.00000e+00  3.03210e-01
  767  2.45605e-01  2.65611e-01  9.27341e-01  0.00000e+00  0.00000e+00  3.03185e-01
  768  2.46582e-01  2.65563e-01  9.27590e-01  0.00000e+00  0.00000e+00  3.03099e-01
  769  2.47559e-01  2.65545e-01  9.27689e-01  0.00000e+00  0.00000e+00  3.03063e-01
  770  2.48535e-01  2.65540e-01  9.27697e-01  0.00000e+00  0.00000e+00  3.03061e-01
  771  2.49512e-01  2.65532e-01  9.27677e-01  0.00000e+00  0.00000e+00  3.03070e-01
  772  2.50488e-01  2.65559e-01  9.27506e-01  0.00000e+00  0.00000e+00  3.03130e-01
  773  2.51465e-01  2.65598e-01  9.27301e-01  0.00000e+00  0.00000e+00  3.03201e-01
  774  2.52441e-01  2.65603e-01  9.27273e-01  0.00000e+00  0.00000e+00  3.03211e-01
  775  2.53418e-01  2.65603e-01  9.27311e-01  0.00000e+00  0.00000e+00  3.03198e-01
  776  2.54395e-01  2.65592e-01  9.27428e-01  0.00000e+00  0.00000e+00  3.03158e-01
  777  2.55371e-01  2.65583e-01  9.27492e-01  0.00000e+00  0.00000e+00  3.03135e-01
  778  2.56348e-01  2.65560e-01  9.27599e-01  0.00000e+00  0.00000e+00  3.03098e-01
  779  2.57324e-01  2.65544e-01  9.27684e-01  0.00000e+00  0.00000e+00  3.03070e-01
  780  2.58301e-01  2.65543e-01  9.27681e-01  0.00000e+00  0.00000e+00  3.03074e-01
  781  2.59277e-01  2.65579e-01  9.27506e-01  0.00000e+00  0.00000e+00  3.03136e-01
  782  2.60254e-01  2.65605e-01  9.27376e-01  0.00000e+00  0.00000e+00  3.03182e-01
  783  2.61230e-01  2.65609e-01  9.27350e-01  0.00000e+00  0.00000e+00  3.03192e-01
  784  2.62207e-01  2.65621e-01  9.27286e-01  0.00000e+00  0.00000e+00  3.03214e-01
  785  2.63184e-01  2.65625e-01  9.27251e-01  0.00000e+00  0.00000e+00  3.03224e-01
  786  2.64160e-01  2.65590e-01  9.27403e-01  0.00000e+00  0.00000e+00  3.03171e-01
  787  2.65137e-01  2.65525e-01  9.27710e-01  0.00000e+00  0.00000e+00  3.03065e-01
  788  2.66113e-01  2.65502e-01  9.27827e-01  0.00000e+00  0.00000e+00  3.03026e-01
  789  2.67090e-01  2.65542e-01  9.27644e-01  0.00000e+00  0.00000e+00  3.03089e-01
  790  2.68066e-01  2.65587e-01  9.27460e-01  0.00000e+00  0.00000e+00  3.03153e-01
  791  2.69043e-01  2.65567e-01  9.27592e-01  0.00000e+00  0.00000e+00  3.03112e-01
  792  2.70020e-01  2.65653e-01  9.27223e-01  0.00000e+00  0.00000e+00  3.03238e-01
  793  2.70996e-01  2.65658e-01  9.27163e-01  0.00000e+00  0.00000e+00  3.03258e-01
  794  2.71973e-01  2.65605e-01  9.27385e-01  0.00000e+00  0.00000e+00  3.03183e-01
  795  2.72949e-01  2.65656e-01  9.27144e-01  0.00000e+00  0.00000e+00  3.03263e-01
  796  2.73926e-01  2.65387e-01  9.28465e-01  0.00000e+00  0.00000e+00  3.02819e-01
  797  2.74902e-01  2.65619e-01  9.27399e-01  0.00000e+00  0.00000e+00  3.03177e-01
  798  2.75879e-01  2.65642e-01  9.27099e-01  0.00000e+00  0.00000e+00  3.03278e-01
  799  2.76855e-01  2.64970e-01  9.30090e-01  0.00000e+00  0.00000e+00  3.02308e-01
  800  2.77832e-01  2.66510e-01  9.23795e-01  0.00000e+00  0.00000e+00  3.04617e-01
  801  2.78809e-01  2.65105e-01  9.31192e-01  0.00000e+00  0.00000e+00  3.02322e-01
  802  2.79785e-01  2.60299e-01  8.87373e-01  0.00000e+00  0.00000e+00  2.94614e-01
  803  2.80762e-01  1.68436e-01  3.75167e-01  0.00000e+00  0.00000e+00  1.59209e-01
  804  2.81738e-01  1.25404e-01  3.42407e-03  0.00000e+00  0.00000e+00  1.00453e-01
  805  2.82715e-01  1.25001e-01  8.62170e-06  0.00000e+00  0.00000e+00  1.00001e-01
  806  2.83691e-01  1.25000e-01  2.25718e-08  0.00000e+00  0.00000e+00  1.00000e-01
  807  2.84668e-01  1.25000e-01  5.74974e-11  0.00000e+00  0.00000e+00  1.00000e-01
  808  2.85645e-01  1.25000e-01  1.47696e-13  0.00000e+00  0.00000e+00  1.00000e-01
  809  2.86621e-01  1.25000e-01  3.64185e-16  0.00000e+00  0.00000e+00  1.00000e-01
  810  2.87598e-01  1.25000e-01  0.00000e+00  0.00000e+00  0.00000e+00  1.00000e-01
  811  2.88574e-01  1.25000e-01  0.00000e+00  0.00000e+00  0.00000e+00  1.00000e-01
  812  2.89551e-01  1.25000e-01  0.00000e+00  0.00000e+00  0.00000e+00  1.00000e-01
  813  2.90527e-01  1.25000e-01  0.00000e+00  0.00000e+00  0.00000e+00  1.00000e-01
  814  2.91504e-01  1.25000e-01  0.00000e+00  0.00000e+00  0.00000e+00  1.00000e-01
  815  2.92480e-01  1.25000e-01  0.00000e+00  0.00000e+00  0.00000e+00  1.00000e-01
  816  2.93457e-01  1.25000e-01  0.00000e+00  0.00000e+00  0.00000e+00  1.00000e-01
  817  2.94434e-01  1.25000e-01  0.00000e+00  0.00000e+00  0.00000e+00  1.00000e-01
  818  2.95410e-01  1.25000e-01  0.00000e+00  0.00000e+00  0.00000e+00  1.00000e-01
  819  2.96387e-01  1.25000e-01  0.00000e+00  0.00000e+00  0.00000e+00  1.00000e-01
  820  2.97363e-01  1.25000e-01  0.00000e+00  0.00000e+00  0.00000e+00  1.00000e-01
  821  2.98340e-01  1.25000e-01  0.00000e+00  0.00000e+00  0.00000e+00  1.00000e-01
  822  2.99316e-01  1.25000e-01  0.00000e+00  0.00000e+00  0.00000e+00  1.00000e-01
  823  3.00293e-01  1.25000e-01  0.00000e+00  0.00000e+00  0.00000e+00  1.00000e-01
  824  3.01270e-01  1.25000e-01  0.00000e+00  0.00000e+00  0.00000e+00  1.00000e-01
  825  3.02246e-01  1.25000e-01  0.00000e+00  0.00000e+00  0.00000e+00  1.00000e-01
  826  3.03223e-01  1.25000e-01  0.00000e+00  0.00000e+00  0.00000e+00  1.00000e-01
  827  3.04199e-01  1.25000e-01  0.00000e+00  0.00000e+00  0.00000e+00  1.00000e-01
  828  3.05176e-01  1.25000e-01  0.00000e+00  0.00000e+00  0.00000e+00  1.00000e-01
  829  3.06152e-01  1.25000e-01  0.00000e+00  0.00000e+00  0.00000e+00  1.00000e-01
  830  3.07129e-01  1.25000e-01  0.00000e+00  0.00000e+00  0.00000e+00  1.00000e-01
  831  3.08105e-01  1.25000e-01  0.00000e+00  0.00000e+00  0.00000e+00  1.00000e-01
  832  3.09082e-01  1.25000e-01  0.00000e+00  0.00000e+00  0.00000e+00  1.00000e-01
  833  3.10059e-01  1.25000e-01  0.00000e+00  0.00000e+00  0.00000e+00  1.00000e-01
  834  3.11035e-01  1.25000e-01  0.00000e+00  0.00000e+00  0.00000e+00  1.00000e-01
  835  3.12012e-01  1.25000e-01  0.00000e+00  0.00000e+00  0.00000e+00  1.00000e-01
  836  3.12988e-01  1.25000e-01  0.00000e+00  0.00000e+00  0.00000e+00  1.00000e-01
  837  3.13965e-01  1.25000e-01  0.00000e+00  0.00000e+00  0.00000e+00  1.00000e-01
  838  3.14941e-01  1.25000e-01  0.00000e+00  0.00000e+00  0.00000e+00  1.00000e-01
  839  3.15918e-01  1.25000e-01  0.00000e+00  0.00000e+00  0.00000e+00  1.00000e-01
  840  3.16895e-01  1.25000e-01  0.00000e+00  0.00000e+00  0.00000e+00  1.00000e-01
  841  3.17871e-01  1.25000e-01  0.00000e+00  0.00000e+00  0.00000e+00  1.00000e-01
  842  3.18848e-01  1.25000e-01  0.00000e+00  0.00000e+00  0.00000e+00  1.00000e-01
  843  3.19824e-01  1.25000e-01  0.00000e+00  0.00000e+00  0.00000e+00  1.00000e-01
  844  3.20801e-01  1.25000e-01  0.00000e+00  0.00000e+00  0.00000e+00  1.00000e-01
  845  3.21777e-01  1.25000e-01  0.00000e+00  0.00000e+00  0.00000e+00  1.00000e-01
  846  3.22754e-01  1.25000e-01  0.00000e+00  0.00000e+00  0.00000e+00  1.00000e-01
  847  3.23730e-01  1.25000e-01  0.00000e+00  0.00000e+00  0.00000e+00  1.00000e-01
  848  3.24707e-01  1.25000e-01  0.00000e+00  0.00000e+00  0.00000e+00  1.00000e-01
  849  3.25684e-01  1.25000e-01  0.00000e+00  0.00000e+00  0.00000e+00  1.00000e-01
  850  3.26660e-01  1.25000e-01  0.00000e+00  0.00000e+00  0.00000e+00  1.00000e-01
  851  3.27637e-01  1.25000e-01  0.00000e+00  0.00000e+00  0.00000e+00  1.00000e-01
  852  3.28613e-01  1.25000e-01  0.00000e+00  0.00000e+00  0.00000e+00  1.00000e-01
  853  3.29590e-01  1.25000e-01  0.00000e+00  0.00000e+00  0.00000e+00  1.00000e-01
  854  3.30566e-01  1.25000e-01  0.00000e+00  0.00000e+00  0.00000e+00  1.00000e-01
  855  3.31543e-01  1.25000e-01  0.00000e+00  0.00000e+00  0.00000e+00  1.00000e-01
  856  3.32520e-01  1.25000e-01  0.00000e+00  0.00000e+00  0.00000e+00  1.00000e-01
  857  3.33496e-01  1.25000e-01  0.00000e+00  0.00000e+00  0.00000e+00  1.00000e-01
  858  3.34473e-01  1.25000e-01  0.00000e+00  0.00000e+00  0.00000e+00  1.00000e-01
  859  3.35449e-01  1.25000e-01  0.00000e+00  0.00000e+00  0.00000e+00  1.00000e-01
  860  3.36426e-01  1.25000e-01  0.00000e+00  0.00000e+00  0.00000e+00  1.00000e-01
  861  3.37402e-01  1.25000e-01  0.00000e+00  0.00000e+00  0.00000e+00  1.00000e-01
  862  3.38379e-01  1.25000e-01  0.00000e+00  0.00000e+00  0.00000e+00  1.00000e-01
  863  3.39355e-01  1.25000e-01  0.00000e+00  0.00000e+00  0.00000e+00  1.00000e-01
  864  3.40332e-01  1.25000e-01  0.00000e+00  0.00000e+00  0.00000e+00  1.00000e-01
  865  3.41309e-01  1.25000e-01  0.00000e+00  0.00000e+00  0.00000e+00  1.00000e-01
  866  3.42285e-01  1.25000e-01  0.00000e+00  0.00000e+00  0.00000e+00  1.00000e-01
  867  3.43262e-01  1.25000e-01  0.00000e+00  0.00000e+00  0.00000e+00  1.00000e-01
  868  3.44238e-01  1.25000e-01  0.00000e+00  0.00000e+00  0.00000e+00  1.00000e-01
  869  3.45215e-01  1.25000e-01  0.00000e+00  0.00000e+00  0.00000e+00  1.00000e-01
  870  3.46191e-01  1.25000e-01  0.00000e+00  0.00000e+00  0.00000e+00  1.00000e-01
  871  3.47168e-01  1.25000e-01  0.00000e+00  0.00000e+00  0.00000e+00  1.00000e-01
  872  3.48145e-01  1.25000e-01  0.00000e+00  0.00000e+00  0.00000e+00  1.00000e-01
  873  3.49121e-01  1.25000e-01  0.00000e+00  0.00000e+00  0.00000e+00  1.00000e-01
  874  3.50098e-01  1.25000e-01  0.00000e+00  0.00000e+00  0.00000e+00  1.00000e-01
  875  3.51074e-01  1.25000e-01  0.00000e+00  0.00000e+00  0.00000e+00  1.00000e-01
  876  3.52051e-01  1.25000e-01  0.00000e+00  0.00000e+00  0.00000e+00  1.00000e-01
  877  3.53027e-01  1.25000e-01  0.00000e+00  0.00000e+00  0.00000e+00  1.00000e-01
  878  3.54004e-01  1.25000e-01  0.00000e+00  0.00000e+00  0.00000e+00  1.00000e-01
  879  3.54980e-01  1.25000e-01  0.00000e+00  0.00000e+00  0.00000e+00  1.00000e-01
  880  3.55957e-01  1.25000e-01  0.00000e+00  0.00000e+00  0.00000e+00  1.00000e-01
  881  3.56934e-01  1.25000e-01  0.00000e+00  0.00000e+00  0.00000e+00  1.00000e-01
  882  3.57910e-01  1.25000e-01  0.00000e+00  0.00000e+00  0.00000e+00  1.00000e-01
  883  3.58887e-01  1.25000e-01  0.00000e+00  0.00000e+00  0.00000e+00  1.00000e-01
  884  3.59863e-01  1.25000e-01  0.00000e+00  0.00000e+00  0.00000e+00  1.00000e-01
  885  3.60840e-01  1.25000e-01  0.00000e+00  0.00000e+00  0.00000e+00  1.00000e-01
  886  3.61816e-01  1.25000e-01  0.00000e+00  0.00000e+00  0.00000e+00  1.00000e-01
  887  3.62793e-01  1.25000e-01  0.00000e+00  0.00000e+00  0.00000e+00  1.00000e-01
  888  3.63770e-01  1.25000e-01  0.00000e+00  0.00000e+00  0.00000e+00  1.00000e-01
  889  3.64746e-01  1.25000e-01  0.00000e+00  0.00000e+00  0.00000e+00  1.00000e-01
  890  3.65723e-01  1.25000e-01  0.00000e+00  0.00000e+00  0.00000e+00  1.00000e-01
  891  3.66699e-01  1.25000e-01  0.00000e+00  0.00000e+00  0.00000e+00  1.00000e-01
  892  3.67676e-01  1.25000e-01  0.00000e+00  0.00000e+00  0.00000e+00  1.00000e-01
  893  3.68652e-01  1.25000e-01  0.00000e+00  0.00000e+00  0.00000e+00  1.00000e-01
  894  3.69629e-01  1.25000e-01  0.00000e+00  0.00000e+00  0.00000e+00  1.00000e-01
  895  3.70605e-01  1.25000e-01  0.00000e+00  0.00000e+00  0.00000e+00  1.00000e-01
  896  3.71582e-01  1.25000e-01  0.00000e+00  0.00000e+00  0.00000e+00  1.00000e-01
  897  3.72559e-01  1.25000e-01  0.00000e+00  0.00000e+00  0.00000e+00  1.00000e-01
  898  3.73535e-01  1.25000e-01  0.00000e+00  0.00000e+00  0.00000e+00  1.00000e-01
  899  3.74512e-01  1.25000e-01  0.00000e+00  0.00000e+00  0.00000e+00  1.00000e-01
  900  3.75488e-01  1.25000e-01  0.00000e+00  0.00000e+00  0.00000e+00  1.00000e-01
  901  3.76465e-01  1.25000e-01  0.00000e+00  0.00000e+00  0.00000e+00  1.00000e-01
  902  3.77441e-01  1.25000e-01  0.00000e+00  0.00000e+00  0.00000e+00  1.00000e-01
  903  3.78418e-01  1.25000e-01  0.00000e+00  0.00000e+00  0.00000e+00  1.00000e-01
  904  3.79395e-01  1.25000e-01  0.00000e+00  0.00000e+00  0.00000e+00  1.00000e-01
  905  3.80371e-01  1.25000e-01  0.00000e+00  0.00000e+00  0.00000e+00  1.00000e-01
  906  3.81348e-01  1.25000e-01  0.00000e+00  0.00000e+00  0.00000e+00  1.00000e-01
  907  3.82324e-01  1.25000e-01  0.00000e+00  0.00000e+00  0.00000e+00  1.00000e-01
  908  3.83301e-01  1.25000e-01  0.00000e+00  0.00000e+00  0.00000e+00  1.00000e-01
  909  3.84277e-01  1.25000e-01  0.00000e+00  0.00000e+00  0.00000e+00  1.00000e-01
  910  3.85254e-01  1.25000e-01  0.00000e+00  0.00000e+00  0.00000e+00  1.00000e-01
  911  3.86230e-01  1.25000e-01  0.00000e+00  0.00000e+00  0.00000e+00  1.00000e-01
  912  3.87207e-01  1.25000e-01  0.00000e+00  0.00000e+00  0.00000e+00  1.00000e-01
  913  3.88184e-01  1.25000e-01  0.00000e+00  0.00000e+00  0.00000e+00  1.00000e-01
  914  3.89160e-01  1.25000e-01  0.00000e+00  0.00000e+00  0.00000e+00  1.00000e-01
  915  3.90137e-01  1.25000e-01  0.00000e+00  0.00000e+00  0.00000e+00  1.00000e-01
  916  3.91113e-01  1.25000e-01  0.00000e+00  0.00000e+00  0.00000e+00  1.00000e-01
  917  3.92090e-01  1.25000e-01  0.00000e+00  0.00000e+00  0.00000e+00  1.00000e-01
  918  3.93066e-01  1.25000e-01  0.00000e+00  0.00000e+00  0.00000e+00  1.00000e-01
  919  3.94043e-01  1.25000e-01  0.00000e+00  0.00000e+00  0.00000e+00  1.00000e-01
  920  3.95020e-01  1.25000e-01  0.00000e+00  0.00000e+00  0.00000e+00  1.00000e-01
  921  3.95996e-01  1.25000e-01  0.00000e+00  0.00000e+00  0.00000e+00  1.00000e-01
  922  3.96973e-01  1.25000e-01  0.00000e+00  0.00000e+00  0.00000e+00  1.00000e-01
  923  3.97949e-01  1.25000e-01  0.00000e+00  0.00000e+00  0.00000e+00  1.00000e-01
  924  3.98926e-01  1.25000e-01  0.00000e+00  0.00000e+00  0.00000e+00  1.00000e-01
  925  3.99902e-01  1.25000e-01  0.00000e+00  0.00000e+00  0.00000e+00  1.00000e-01
  926  4.00879e-01  1.25000e-01  0.00000e+00  0.00000e+00  0.00000e+00  1.00000e-01
  927  4.01855e-01  1.25000e-01  0.00000e+00  0.00000e+00  0.00000e+00  1.00000e-01
  928  4.02832e-01  1.25000e-01  0.00000e+00  0.00000e+00  0.00000e+00  1.00000e-01
  929  4.03809e-01  1.25000e-01  0.00000e+00  0.00000e+00  0.00000e+00  1.00000e-01
  930  4.04785e-01  1.25000e-01  0.00000e+00  0.00000e+00  0.00000e+00  1.00000e-01
  931  4.05762e-01  1.25000e-01  0.00000e+00  0.00000e+00  0.00000e+00  1.00000e-01
  932  4.06738e-01  1.25000e-01  0.00000e+00  0.00000e+00  0.00000e+00  1.00000e-01
  933  4.07715e-01  1.25000e-01  0.00000e+00  0.00000e+00  0.00000e+00  1.00000e-01
  934  4.08691e-01  1.25000e-01  0.00000e+00  0.00000e+00  0.00000e+00  1.00000e-01
  935  4.09668e-01  1.25000e-01  0.00000e+00  0.00000e+00  0.00000e+00  1.00000e-01
  936  4.10645e-01  1.25000e-01  0.00000e+00  0.00000e+00  0.00000e+00  1.00000e-01
  937  4.11621e-01  1.25000e-01  0.00000e+00  0.00000e+00  0.00000e+00  1.00000e-01
  938  4.12598e-01  1.25000e-01  0.00000e+00  0.00000e+00  0.00000e+00  1.00000e-01
  939  4.13574e-01  1.25000e-01  0.00000e+00  0.00000e+00  0.00000e+00  1.00000e-01
  940  4.14551e-01  1.25000e-01  0.00000e+00  0.00000e+00  0.00000e+00  1.00000e-01
  941  4.15527e-01  1.25000e-01  0.00000e+00  0.00000e+00  0.00000e+00  1.00000e-01
  942  4.16504e-01  1.25000e-01  0.00000e+00  0.00000e+00  0.00000e+00  1.00000e-01
  943  4.17480e-01  1.25000e-01  0.00000e+00  0.00000e+00  0.00000e+00  1.00000e-01
  944  4.18457e-01  1.25000e-01  0.00000e+00  0.00000e+00  0.00000e+00  1.00000e-01
  945  4.19434e-01  1.25000e-01  0.00000e+00  0.00000e+00  0.00000e+00  1.00000e-01
  946  4.20410e-01  1.25000e-01  0.00000e+00  0.00000e+00  0.00000e+00  1.00000e-01
  947  4.21387e-01  1.25000e-01  0.00000e+00  0.00000e+00  0.00000e+00  1.00000e-01
  948  4.22363e-01  1.25000e-01  0.00000e+00  0.00000e+00  0.00000e+00  1.00000e-01
  949  4.23340e-01  1.25000e-01  0.00000e+00  0.00000e+00  0.00000e+00  1.00000e-01
  950  4.24316e-01  1.25000e-01  0.00000e+00  0.00000e+00  0.00000e+00  1.00000e-01
  951  4.25293e-01  1.25000e-01  0.00000e+00  0.00000e+00  0.00000e+00  1.00000e-01
  952  4.26270e-01  1.25000e-01  0.00000e+00  0.00000e+00  0.00000e+00  1.00000e-01
  953  4.27246e-01  1.25000e-01  0.00000e+00  0.00000e+00  0.00000e+00  1.00000e-01
  954  4.28223e-01  1.25000e-01  0.00000e+00  0.00000e+00  0.00000e+00  1.00000e-01
  955  4.29199e-01  1.25000e-01  0.00000e+00  0.00000e+00  0.00000e+00  1.00000e-01
  956  4.30176e-01  1.25000e-01  0.00000e+00  0.00000e+00  0.00000e+00  1.00000e-01
  957  4.31152e-01  1.25000e-01  0.00000e+00  0.00000e+00  0.00000e+00  1.00000e-01
  958  4.32129e-01  1.25000e-01  0.00000e+00  0.00000e+00  0.00000e+00  1.00000e-01
  959  4.33105e-01  1.25000e-01  0.00000e+00  0.00000e+00  0.00000e+00  1.00000e-01
  960  4.34082e-01  1.25000e-01  0.00000e+00  0.00000e+00  0.00000e+00  1.00000e-01
  961  4.35059e-01  1.25000e-01  0.00000e+00  0.00000e+00  0.00000e+00  1.00000e-01
  962  4.36035e-01  1.25000e-01  0.00000e+00  0.00000e+00  0.00000e+00  1.00000e-01
  963  4.37012e-01  1.25000e-01  0.00000e+00  0.00000e+00  0.00000e+00  1.00000e-01
  964  4.37988e-01  1.25000e-01  0.00000e+00  0.00000e+00  0.00000e+00  1.00000e-01
  965  4.38965e-01  1.25000e-01  0.00000e+00  0.00000e+00  0.00000e+00  1.00000e-01
  966  4.39941e-01  1.25000e-01  0.00000e+00  0.00000e+00  0.00000e+00  1.00000e-01
  967  4.40918e-01  1.25000e-01  0.00000e+00  0.00000e+00  0.00000e+00  1.00000e-01
  968  4.41895e-01  1.25000e-01  0.00000e+00  0.00000e+00  0.00000e+00  1.00000e-01
  969  4.42871e-01  1.25000e-01  0.00000e+00  0.00000e+00  0.00000e+00  1.00000e-01
  970  4.43848e-01  1.25000e-01  0.00000e+00  0.00000e+00  0.00000e+00  1.00000e-01
  971  4.44824e-01  1.25000e-01  0.00000e+00  0.00000e+00  0.00000e+00  1.00000e-01
  972  4.45801e-01  1.25000e-01  0.00000e+00  0.00000e+00  0.00000e+00  1.00000e-01
  973  4.46777e-01  1.25000e-01  0.00000e+00  0.00000e+00  0.00000e+00  1.00000e-01
  974  4.47754e-01  1.25000e-01  0.00000e+00  0.00000e+00  0.00000e+00  1.00000e-01
  975  4.48730e-01  1.25000e-01  0.00000e+00  0.00000e+00  0.00000e+00  1.00000e-01
  976  4.49707e-01  1.25000e-01  0.00000e+00  0.00000e+00  0.00000e+00  1.00000e-01
  977  4.50684e-01  1.25000e-01  0.00000e+00  0.00000e+00  0.00000e+00  1.00000e-01
  978  4.51660e-01  1.25000e-01  0.00000e+00  0.00000e+00  0.00000e+00  1.00000e-01
  979  4.52637e-01  1.25000e-01  0.00000e+00  0.00000e+00  0.00000e+00  1.00000e-01
  980  4.53613e-01  1.25000e-01  0.00000e+00  0.00000e+00  0.00000e+00  1.00000e-01
  981  4.54590e-01  1.25000e-01  0.00000e+00  0.00000e+00  0.00000e+00  1.00000e-01
  982  4.55566e-01  1.25000e-01  0.00000e+00  0.00000e+00  0.00000e+00  1.00000e-01
  983  4.56543e-01  1.25000e-01  0.00000e+00  0.00000e+00  0.00000e+00  1.00000e-01
  984  4.57520e-01  1.25000e-01  0.00000e+00  0.00000e+00  0.00000e+00  1.00000e-01
  985  4.58496e-01  1.25000e-01  0.00000e+00  0.00000e+00  0.00000e+00  1.00000e-01
  986  4.59473e-01  1.25000e-01  0.00000e+00  0.00000e+00  0.00000e+00  1.00000e-01
  987  4.60449e-01  1.25000e-01  0.00000e+00  0.00000e+00  0.00000e+00  1.00000e-01
  988  4.61426e-01  1.25000e-01  0.00000e+00  0.00000e+00  0.00000e+00  1.00000e-01
  989  4.62402e-01  1.25000e-01  0.00000e+00  0.00000e+00  0.00000e+00  1.00000e-01
  990  4.63379e-01  1.25000e-01  0.00000e+00  0.00000e+00  0.00000e+00  1.00000e-01
  991  4.64355e-01  1.25000e-01  0.00000e+00  0.00000e+00  0.00000e+00  1.00000e-01
  992  4.65332e-01  1.25000e-01  0.00000e+00  0.00000e+00  0.00000e+00  1.00000e-01
  993  4.66309e-01  1.25000e-01  0.00000e+00  0.00000e+00  0.00000e+00  1.00000e-01
  994  4.67285e-01  1.25000e-01  0.00000e+00  0.00000e+00  0.00000e+00  1.00000e-01
  995  4.68262e-01  1.25000e-01  0.00000e+00  0.00000e+00  0.00000e+00  1.00000e-01
  996  4.69238e-01  1.25000e-01  0.00000e+00  0.00000e+00  0.00000e+00  1.00000e-01
  997  4.70215e-01  1.25000e-01  0.00000e+00  0.00000e+00  0.00000e+00  1.00000e-01
  998  4.71191e-01  1.25000e-01  0.00000e+00  0.00000e+00  0.00000e+00  1.00000e-01
  999  4.72168e-01  1.25000e-01  0.00000e+00  0.00000e+00  0.00000e+00  1.00000e-01
 1000  4.73145e-01  1.25000e-01  0.00000e+00  0.00000e+00  0.00000e+00  1.00000e-01
 1001  4.74121e-01  1.25000e-01  0.00000e+00  0.00000e+00  0.00000e+00  1.00000e-01
 1002  4.75098e-01  1.25000e-01  0.00000e+00  0.00000e+00  0.00000e+00  1.00000e-01
 1003  4.76074e-01  1.25000e-01  0.00000e+00  0.00000e+00  0.00000e+00  1.00000e-01
 1004  4.77051e-01  1.25000e-01  0.00000e+00  0.00000e+00  0.00000e+00  1.00000e-01
 1005  4.78027e-01  1.25000e-01  0.00000e+00  0.00000e+00  0.00000e+00  1.00000e-01
 1006  4.79004e-01  1.25000e-01  0.00000e+00  0.00000e+00  0.00000e+00  1.00000e-01
 1007  4.79980e-01  1.25000e-01  0.00000e+00  0.00000e+00  0.00000e+00  1.00000e-01
 1008  4.80957e-01  1.25000e-01  0.00000e+00  0.00000e+00  0.00000e+00  1.00000e-01
 1009  4.81934e-01  1.25000e-01  0.00000e+00  0.00000e+00  0.00000e+00  1.00000e-01
 1010  4.82910e-01  1.25000e-01  0.00000e+00  0.00000e+00  0.00000e+00  1.00000e-01
 1011  4.83887e-01  1.25000e-01  0.00000e+00  0.00000e+00  0.00000e+00  1.00000e-01
 1012  4.84863e-01  1.25000e-01  0.00000e+00  0.00000e+00  0.00000e+00  1.00000e-01
 1013  4.85840e-01  1.25000e-01  0.00000e+00  0.00000e+00  0.00000e+00  1.00000e-01
 1014  4.86816e-01  1.25000e-01  0.00000e+00  0.00000e+00  0.00000e+00  1.00000e-01
 1015  4.87793e-01  1.25000e-01  0.00000e+00  0.00000e+00  0.00000e+00  1.00000e-01
 1016  4.88770e-01  1.25000e-01  0.00000e+00  0.00000e+00  0.00000e+00  1.00000e-01
 1017  4.89746e-01  1.25000e-01  0.00000e+00  0.00000e+00  0.00000e+00  1.00000e-01
 1018  4.90723e-01  1.25000e-01  0.00000e+00  0.00000e+00  0.00000e+00  1.00000e-01
 1019  4.91699e-01  1.25000e-01  0.00000e+00  0.00000e+00  0.00000e+00  1.00000e-01
 1020  4.92676e-01  1.25000e-01  0.00000e+00  0.00000e+00  0.00000e+00  1.00000e-01
 1021  4.93652e-01  1.25000e-01  0.00000e+00  0.00000e+00  0.00000e+00  1.00000e-01
 1022  4.94629e-01  1.25000e-01  0.00000e+00  0.00000e+00  0.00000e+00  1.00000e-01
 1023  4.95605e-01  1.25000e-01  0.00000e+00  0.00000e+00  0.00000e+00  1.00000e-01
 1024  4.96582e-01  1.25000e-01  0.00000e+00  0.00000e+00  0.00000e+00  1.00000e-01
 1025  4.97559e-01  1.25000e-01  0.00000e+00  0.00000e+00  0.00000e+00  1.00000e-01
 1026  4.98535e-01  1.25000e-01  0.00000e+00  0.00000e+00  0.00000e+00  1.00000e-01
 1027  4.99512e-01  1.25000e-01  0.00000e+00  0.00000e+00  0.00000e+00  1.00000e-01
