# Nx1 = 1024
# x1-size = 1
# PRIMITIVE vars at Time = 0.220224, level= 0, domain= 0
# [1]=i-zone [2]=x1 [3]=d [4]=V1 [5]=V2 [6]=V3 [7]=P
    4 -4.99512e-01  1.00000e+00 -1.29484e-20  0.00000e+00  0.00000e+00  1.00000e+00
    5 -4.98535e-01  1.00000e+00 -6.42088e-20  0.00000e+00  0.00000e+00  1.00000e+00
    6 -4.97559e-01  1.00000e+00  7.83270e-21  0.00000e+00  0.00000e+00  1.00000e+00
    7 -4.96582e-01  1.00000e+00  8.10419e-17  0.00000e+00  0.00000e+00  1.00000e+00
    8 -4.95605e-01  1.00000e+00 -1.63759e-20  0.00000e+00  0.00000e+00  1.00000e+00
    9 -4.94629e-01  1.00000e+00 -6.26311e-20  0.00000e+00  0.00000e+00  1.00000e+00
   10 -4.93652e-01  1.00000e+00 -1.72390e-20  0.00000e+00  0.00000e+00  1.00000e+00
   11 -4.92676e-01  1.00000e+00  1.65252e-20  0.00000e+00  0.00000e+00  1.00000e+00
   12 -4.91699e-01  1.00000e+00 -3.03941e-20  0.00000e+00  0.00000e+00  1.00000e+00
   13 -4.90723e-01  1.00000e+00  8.09724e-17  0.00000e+00  0.00000e+00  1.00000e+00
   14 -4.89746e-01  1.00000e+00  4.50796e-21  0.00000e+00  0.00000e+00  1.00000e+00
   15 -4.88770e-01  1.00000e+00  2.14522e-20  0.00000e+00  0.00000e+00  1.00000e+00
   16 -4.87793e-01  1.00000e+00 -4.59980e-20  0.00000e+00  0.00000e+00  1.00000e+00
   17 -4.86816e-01  1.00000e+00  6.01115e-21  0.00000e+00  0.00000e+00  1.00000e+00
   18 -4.85840e-01  1.00000e+00  5.55678e-20  0.00000e+00  0.00000e+00  1.00000e+00
   19 -4.84863e-01  1.00000e+00  2.68099e-20  0.00000e+00  0.00000e+00  1.00000e+00
   20 -4.83887e-01  1.00000e+00 -4.64942e-20  0.00000e+00  0.00000e+00  1.00000e+00
   21 -4.82910e-01  1.00000e+00  3.35551e-20  0.00000e+00  0.00000e+00  1.00000e+00
   22 -4.81934e-01  1.00000e+00 -1.40197e-20  0.00000e+00  0.00000e+00  1.00000e+00
   23 -4.80957e-01  1.00000e+00 -3.63603e-20  0.00000e+00  0.00000e+00  1.00000e+00
   24 -4.79980e-01  1.00000e+00  1.30429e-20  0.00000e+00  0.00000e+00  1.00000e+00
   25 -4.79004e-01  1.00000e+00  8.09438e-17  0.00000e+00  0.00000e+00  1.00000e+00
   26 -4.78027e-01  1.00000e+00 -5.15963e-21  0.00000e+00  0.00000e+00  1.00000e+00
   27 -4.77051e-01  1.00000e+00 -3.16744e-20  0.00000e+00  0.00000e+00  1.00000e+00
   28 -4.76074e-01  1.00000e+00  1.59556e-20  0.00000e+00  0.00000e+00  1.00000e+00
   29 -4.75098e-01  1.00000e+00 -3.31085e-20  0.00000e+00  0.00000e+00  1.00000e+00
   30 -4.74121e-01  1.00000e+00 -1.79128e-21  0.00000e+00  0.00000e+00  1.00000e+00
   31 -4.73145e-01  1.00000e+00  2.18342e-20  0.00000e+00  0.00000e+00  1.00000e+00
   32 -4.72168e-01  1.00000e+00  8.29554e-20  0.00000e+00  0.00000e+00  1.00000e+00
   33 -4.71191e-01  1.00000e+00 -3.22506e-20  0.00000e+00  0.00000e+00  1.00000e+00
   34 -4.70215e-01  1.00000e+00  8.08983e-17  0.00000e+00  0.00000e+00  1.00000e+00
   35 -4.69238e-01  1.00000e+00 -1.71933e-20  0.00000e+00  0.00000e+00  1.00000e+00
   36 -4.68262e-01  1.00000e+00  3.55417e-20  0.00000e+00  0.00000e+00  1.00000e+00
   37 -4.67285e-01  1.00000e+00 -8.06431e-21  0.00000e+00  0.00000e+00  1.00000e+00
   38 -4.66309e-01  1.00000e+00 -3.37681e-20  0.00000e+00  0.00000e+00  1.00000e+00
   39 -4.65332e-01  1.00000e+00 -1.43803e-20  0.00000e+00  0.00000e+00  1.00000e+00
   40 -4.64355e-01  1.00000e+00 -6.63857e-21  0.00000e+00  0.00000e+00  1.00000e+00
   41 -4.63379e-01  1.00000e+00 -1.28418e-20  0.00000e+00  0.00000e+00  1.00000e+00
   42 -4.62402e-01  1.00000e+00  3.29503e-20  0.00000e+00  0.00000e+00  1.00000e+00
   43 -4.61426e-01  1.00000e+00  8.96851e-20  0.00000e+00  0.00000e+00  1.00000e+00
   44 -4.60449e-01  1.00000e+00  6.81025e-21  0.00000e+00  0.00000e+00  1.00000e+00
   45 -4.59473e-01  1.00000e+00 -7.06572e-20  0.00000e+00  0.00000e+00  1.00000e+00
   46 -4.58496e-01  1.00000e+00  8.09206e-17  0.00000e+00  0.00000e+00  1.00000e+00
   47 -4.57520e-01  1.00000e+00 -7.65313e-22  0.00000e+00  0.00000e+00  1.00000e+00
   48 -4.56543e-01  1.00000e+00 -2.02396e-20  0.00000e+00  0.00000e+00  1.00000e+00
   49 -4.55566e-01  1.00000e+00 -2.05561e-20  0.00000e+00  0.00000e+00  1.00000e+00
   50 -4.54590e-01  1.00000e+00 -3.94721e-20  0.00000e+00  0.00000e+00  1.00000e+00
   51 -4.53613e-01  1.00000e+00  4.28017e-20  0.00000e+00  0.00000e+00  1.00000e+00
   52 -4.52637e-01  1.00000e+00  1.17724e-20  0.00000e+00  0.00000e+00  1.00000e+00
   53 -4.51660e-01  1.00000e+00  3.24107e-20  0.00000e+00  0.00000e+00  1.00000e+00
   54 -4.50684e-01  1.00000e+00  4.93913e-20  0.00000e+00  0.00000e+00  1.00000e+00
   55 -4.49707e-01  1.00000e+00  3.00519e-20  0.00000e+00  0.00000e+00  1.00000e+00
   56 -4.48730e-01  1.00000e+00 -5.52333e-20  0.00000e+00  0.00000e+00  1.00000e+00
   57 -4.47754e-01  1.00000e+00  2.44015e-20  0.00000e+00  0.00000e+00  1.00000e+00
   58 -4.46777e-01  1.00000e+00 -2.52750e-20  0.00000e+00  0.00000e+00  1.00000e+00
   59 -4.45801e-01  1.00000e+00 -2.08809e-20  0.00000e+00  0.00000e+00  1.00000e+00
   60 -4.44824e-01  1.00000e+00 -3.09835e-20  0.00000e+00  0.00000e+00  1.00000e+00
   61 -4.43848e-01  1.00000e+00 -3.78153e-20  0.00000e+00  0.00000e+00  1.00000e+00
   62 -4.42871e-01  1.00000e+00  2.58921e-20  0.00000e+00  0.00000e+00  1.00000e+00
   63 -4.41895e-01  1.00000e+00  2.25198e-21  0.00000e+00  0.00000e+00  1.00000e+00
   64 -4.40918e-01  1.00000e+00  2.55748e-20  0.00000e+00  0.00000e+00  1.00000e+00
   65 -4.39941e-01  1.00000e+00 -1.38691e-21  0.00000e+00  0.00000e+00  1.00000e+00
   66 -4.38965e-01  1.00000e+00  1.24846e-20  0.00000e+00  0.00000e+00  1.00000e+00
   67 -4.37988e-01  1.00000e+00 -8.20597e-21  0.00000e+00  0.00000e+00  1.00000e+00
   68 -4.37012e-01  1.00000e+00  7.07559e-20  0.00000e+00  0.00000e+00  1.00000e+00
   69 -4.36035e-01  1.00000e+00 -3.21939e-20  0.00000e+00  0.00000e+00  1.00000e+00
   70 -4.35059e-01  1.00000e+00 -3.79734e-20  0.00000e+00  0.00000e+00  1.00000e+00
   71 -4.34082e-01  1.00000e+00 -3.47511e-20  0.00000e+00  0.00000e+00  1.00000e+00
   72 -4.33105e-01  1.00000e+00  8.09572e-17  0.00000e+00  0.00000e+00  1.00000e+00
   73 -4.32129e-01  1.00000e+00 -2.01030e-20  0.00000e+00  0.00000e+00  1.00000e+00
   74 -4.31152e-01  1.00000e+00  1.58936e-20  0.00000e+00  0.00000e+00  1.00000e+00
   75 -4.30176e-01  1.00000e+00 -9.79706e-21  0.00000e+00  0.00000e+00  1.00000e+00
   76 -4.29199e-01  1.00000e+00 -6.25580e-20  0.00000e+00  0.00000e+00  1.00000e+00
   77 -4.28223e-01  1.00000e+00 -1.72044e-20  0.00000e+00  0.00000e+00  1.00000e+00
   78 -4.27246e-01  1.00000e+00  1.11199e-19  0.00000e+00  0.00000e+00  1.00000e+00
   79 -4.26270e-01  1.00000e+00  8.39369e-20  0.00000e+00  0.00000e+00  1.00000e+00
   80 -4.25293e-01  1.00000e+00 -1.00954e-20  0.00000e+00  0.00000e+00  1.00000e+00
   81 -4.24316e-01  1.00000e+00 -6.94470e-20  0.00000e+00  0.00000e+00  1.00000e+00
   82 -4.23340e-01  1.00000e+00 -2.27768e-20  0.00000e+00  0.00000e+00  1.00000e+00
   83 -4.22363e-01  1.00000e+00  6.43181e-21  0.00000e+00  0.00000e+00  1.00000e+00
   84 -4.21387e-01  1.00000e+00 -2.81225e-20  0.00000e+00  0.00000e+00  1.00000e+00
   85 -4.20410e-01  1.00000e+00 -7.86480e-21  0.00000e+00  0.00000e+00  1.00000e+00
   86 -4.19434e-01  1.00000e+00 -5.36331e-20  0.00000e+00  0.00000e+00  1.00000e+00
   87 -4.18457e-01  1.00000e+00  8.09427e-17  0.00000e+00  0.00000e+00  1.00000e+00
   88 -4.17480e-01  1.00000e+00 -2.59135e-20  0.00000e+00  0.00000e+00  1.00000e+00
   89 -4.16504e-01  1.00000e+00  8.39388e-20  0.00000e+00  0.00000e+00  1.00000e+00
   90 -4.15527e-01  1.00000e+00  7.13714e-20  0.00000e+00  0.00000e+00  1.00000e+00
   91 -4.14551e-01  1.00000e+00 -1.19840e-20  0.00000e+00  0.00000e+00  1.00000e+00
   92 -4.13574e-01  1.00000e+00 -6.17116e-20  0.00000e+00  0.00000e+00  1.00000e+00
   93 -4.12598e-01  1.00000e+00  6.49424e-20  0.00000e+00  0.00000e+00  1.00000e+00
   94 -4.11621e-01  1.00000e+00 -2.92952e-20  0.00000e+00  0.00000e+00  1.00000e+00
   95 -4.10645e-01  1.00000e+00 -6.27438e-21  0.00000e+00  0.00000e+00  1.00000e+00
   96 -4.09668e-01  1.00000e+00 -3.27772e-20  0.00000e+00  0.00000e+00  1.00000e+00
   97 -4.08691e-01  1.00000e+00  8.09100e-17  0.00000e+00  0.00000e+00  1.00000e+00
   98 -4.07715e-01  1.00000e+00 -4.11693e-20  0.00000e+00  0.00000e+00  1.00000e+00
   99 -4.06738e-01  1.00000e+00  4.94975e-21  0.00000e+00  0.00000e+00  1.00000e+00
  100 -4.05762e-01  1.00000e+00  8.71424e-20  0.00000e+00  0.00000e+00  1.00000e+00
  101 -4.04785e-01  1.00000e+00 -4.26547e-20  0.00000e+00  0.00000e+00  1.00000e+00
  102 -4.03809e-01  1.00000e+00 -1.31437e-20  0.00000e+00  0.00000e+00  1.00000e+00
  103 -4.02832e-01  1.00000e+00  3.36667e-20  0.00000e+00  0.00000e+00  1.00000e+00
  104 -4.01855e-01  1.00000e+00  1.00202e-19  0.00000e+00  0.00000e+00  1.00000e+00
  105 -4.00879e-01  1.00000e+00 -4.48671e-20  0.00000e+00  0.00000e+00  1.00000e+00
  106 -3.99902e-01  1.00000e+00 -1.65454e-20  0.00000e+00  0.00000e+00  1.00000e+00
  107 -3.98926e-01  1.00000e+00 -4.32580e-20  0.00000e+00  0.00000e+00  1.00000e+00
  108 -3.97949e-01  1.00000e+00 -6.55740e-21  0.00000e+00  0.00000e+00  1.00000e+00
  109 -3.96973e-01  1.00000e+00  8.09281e-17  0.00000e+00  0.00000e+00  1.00000e+00
  110 -3.95996e-01  1.00000e+00  1.31341e-20  0.00000e+00  0.00000e+00  1.00000e+00
  111 -3.95020e-01  1.00000e+00  2.48252e-21  0.00000e+00  0.00000e+00  1.00000e+00
  112 -3.94043e-01  1.00000e+00 -8.98443e-20  0.00000e+00  0.00000e+00  1.00000e+00
  113 -3.93066e-01  1.00000e+00 -9.57812e-20  0.00000e+00  0.00000e+00  1.00000e+00
  114 -3.92090e-01  1.00000e+00  1.39761e-19  0.00000e+00  0.00000e+00  1.00000e+00
  115 -3.91113e-01  1.00000e+00  1.74589e-19  0.00000e+00  0.00000e+00  1.00000e+00
  116 -3.90137e-01  1.00000e+00 -4.58661e-20  0.00000e+00  0.00000e+00  1.00000e+00
  117 -3.89160e-01  1.00000e+00 -4.43702e-20  0.00000e+00  0.00000e+00  1.00000e+00
  118 -3.88184e-01  1.00000e+00  8.09463e-17  0.00000e+00  0.00000e+00  1.00000e+00
  119 -3.87207e-01  1.00000e+00 -2.71044e-20  0.00000e+00  0.00000e+00  1.00000e+00
  120 -3.86230e-01  1.00000e+00 -3.02087e-20  0.00000e+00  0.00000e+00  1.00000e+00
  121 -3.85254e-01  1.00000e+00  1.33453e-20  0.00000e+00  0.00000e+00  1.00000e+00
  122 -3.84277e-01  1.00000e+00 -7.90799e-20  0.00000e+00  0.00000e+00  1.00000e+00
  123 -3.83301e-01  1.00000e+00 -7.99943e-20  0.00000e+00  0.00000e+00  1.00000e+00
  124 -3.82324e-01  1.00000e+00 -2.28118e-20  0.00000e+00  0.00000e+00  1.00000e+00
  125 -3.81348e-01  1.00000e+00  1.23662e-19  0.00000e+00  0.00000e+00  1.00000e+00
  126 -3.80371e-01  1.00000e+00  1.15558e-19  0.00000e+00  0.00000e+00  1.00000e+00
  127 -3.79395e-01  1.00000e+00 -9.14823e-21  0.00000e+00  0.00000e+00  1.00000e+00
  128 -3.78418e-01  1.00000e+00 -5.97810e-20  0.00000e+00  0.00000e+00  1.00000e+00
  129 -3.77441e-01  1.00000e+00  8.09879e-17  0.00000e+00  0.00000e+00  1.00000e+00
  130 -3.76465e-01  1.00000e+00 -6.31670e-20  0.00000e+00  0.00000e+00  1.00000e+00
  131 -3.75488e-01  1.00000e+00  8.54230e-21  0.00000e+00  0.00000e+00  1.00000e+00
  132 -3.74512e-01  1.00000e+00 -2.29827e-20  0.00000e+00  0.00000e+00  1.00000e+00
  133 -3.73535e-01  1.00000e+00 -1.12191e-19  0.00000e+00  0.00000e+00  1.00000e+00
  134 -3.72559e-01  1.00000e+00 -4.45917e-20  0.00000e+00  0.00000e+00  1.00000e+00
  135 -3.71582e-01  1.00000e+00  7.52275e-20  0.00000e+00  0.00000e+00  1.00000e+00
  136 -3.70605e-01  1.00000e+00  8.14840e-20  0.00000e+00  0.00000e+00  1.00000e+00
  137 -3.69629e-01  1.00000e+00  3.10012e-20  0.00000e+00  0.00000e+00  1.00000e+00
  138 -3.68652e-01  1.00000e+00 -4.85822e-22  0.00000e+00  0.00000e+00  1.00000e+00
  139 -3.67676e-01  1.00000e+00  8.09467e-17  0.00000e+00  0.00000e+00  1.00000e+00
  140 -3.66699e-01  1.00000e+00  5.74015e-20  0.00000e+00  0.00000e+00  1.00000e+00
  141 -3.65723e-01  1.00000e+00 -4.57765e-20  0.00000e+00  0.00000e+00  1.00000e+00
  142 -3.64746e-01  1.00000e+00  1.57588e-20  0.00000e+00  0.00000e+00  1.00000e+00
  143 -3.63770e-01  1.00000e+00 -9.70574e-20  0.00000e+00  0.00000e+00  1.00000e+00
  144 -3.62793e-01  1.00000e+00 -1.00389e-19  0.00000e+00  0.00000e+00  1.00000e+00
  145 -3.61816e-01  1.00000e+00  3.53186e-20  0.00000e+00  0.00000e+00  1.00000e+00
  146 -3.60840e-01  1.00000e+00  9.52840e-20  0.00000e+00  0.00000e+00  1.00000e+00
  147 -3.59863e-01  1.00000e+00  8.09521e-17  0.00000e+00  0.00000e+00  1.00000e+00
  148 -3.58887e-01  1.00000e+00 -8.70516e-20  0.00000e+00  0.00000e+00  1.00000e+00
  149 -3.57910e-01  1.00000e+00 -6.41320e-20  0.00000e+00  0.00000e+00  1.00000e+00
  150 -3.56934e-01  1.00000e+00  1.13856e-19  0.00000e+00  0.00000e+00  1.00000e+00
  151 -3.55957e-01  1.00000e+00  8.10390e-17  0.00000e+00  0.00000e+00  1.00000e+00
  152 -3.54980e-01  1.00000e+00 -5.67815e-20  0.00000e+00  0.00000e+00  1.00000e+00
  153 -3.54004e-01  1.00000e+00  1.34114e-20  0.00000e+00  0.00000e+00  1.00000e+00
  154 -3.53027e-01  1.00000e+00 -3.24595e-20  0.00000e+00  0.00000e+00  1.00000e+00
  155 -3.52051e-01  1.00000e+00 -9.11652e-20  0.00000e+00  0.00000e+00  1.00000e+00
  156 -3.51074e-01  1.00000e+00  8.09771e-17  0.00000e+00  0.00000e+00  1.00000e+00
  157 -3.50098e-01  1.00000e+00  7.92665e-20  0.00000e+00  0.00000e+00  1.00000e+00
  158 -3.49121e-01  1.00000e+00 -6.12057e-20  0.00000e+00  0.00000e+00  1.00000e+00
  159 -3.48145e-01  1.00000e+00 -9.37386e-20  0.00000e+00  0.00000e+00  1.00000e+00
  160 -3.47168e-01  1.00000e+00 -7.19129e-20  0.00000e+00  0.00000e+00  1.00000e+00
  161 -3.46191e-01  1.00000e+00  1.20090e-19  0.00000e+00  0.00000e+00  1.00000e+00
  162 -3.45215e-01  1.00000e+00  1.33099e-19  0.00000e+00  0.00000e+00  1.00000e+00
  163 -3.44238e-01  1.00000e+00 -2.23003e-20  0.00000e+00  0.00000e+00  1.00000e+00
  164 -3.43262e-01  1.00000e+00 -2.31799e-20  0.00000e+00  0.00000e+00  1.00000e+00
  165 -3.42285e-01  1.00000e+00 -3.33998e-20  0.00000e+00  0.00000e+00  1.00000e+00
  166 -3.41309e-01  1.00000e+00 -8.11719e-20  0.00000e+00  0.00000e+00  1.00000e+00
  167 -3.40332e-01  1.00000e+00  5.00407e-20  0.00000e+00  0.00000e+00  1.00000e+00
  168 -3.39355e-01  1.00000e+00  2.72191e-21  0.00000e+00  0.00000e+00  1.00000e+00
  169 -3.38379e-01  1.00000e+00 -9.16696e-20  0.00000e+00  0.00000e+00  1.00000e+00
  170 -3.37402e-01  1.00000e+00 -4.18966e-20  0.00000e+00  0.00000e+00  1.00000e+00
  171 -3.36426e-01  1.00000e+00  1.10833e-20  0.00000e+00  0.00000e+00  1.00000e+00
  172 -3.35449e-01  1.00000e+00  8.59962e-20  0.00000e+00  0.00000e+00  1.00000e+00
  173 -3.34473e-01  1.00000e+00  7.29429e-20  0.00000e+00  0.00000e+00  1.00000e+00
  174 -3.33496e-01  1.00000e+00  2.12770e-21  0.00000e+00  0.00000e+00  1.00000e+00
  175 -3.32520e-01  1.00000e+00  2.10464e-20  0.00000e+00  0.00000e+00  1.00000e+00
  176 -3.31543e-01  1.00000e+00  2.18375e-20  0.00000e+00  0.00000e+00  1.00000e+00
  177 -3.30566e-01  1.00000e+00 -7.55688e-20  0.00000e+00  0.00000e+00  1.00000e+00
  178 -3.29590e-01  1.00000e+00  3.27446e-20  0.00000e+00  0.00000e+00  1.00000e+00
  179 -3.28613e-01  1.00000e+00 -3.60573e-20  0.00000e+00  0.00000e+00  1.00000e+00
  180 -3.27637e-01  1.00000e+00 -1.23856e-19  0.00000e+00  0.00000e+00  1.00000e+00
  181 -3.26660e-01  1.00000e+00  3.87243e-21  0.00000e+00  0.00000e+00  1.00000e+00
  182 -3.25684e-01  1.00000e+00  6.40803e-20  0.00000e+00  0.00000e+00  1.00000e+00
  183 -3.24707e-01  1.00000e+00  2.48648e-20  0.00000e+00  0.00000e+00  1.00000e+00
  184 -3.23730e-01  1.00000e+00 -1.67654e-20  0.00000e+00  0.00000e+00  1.00000e+00
  185 -3.22754e-01  1.00000e+00  8.08884e-17  0.00000e+00  0.00000e+00  1.00000e+00
  186 -3.21777e-01  1.00000e+00  5.73247e-20  0.00000e+00  0.00000e+00  1.00000e+00
  187 -3.20801e-01  1.00000e+00  6.56026e-20  0.00000e+00  0.00000e+00  1.00000e+00
  188 -3.19824e-01  1.00000e+00 -3.73559e-20  0.00000e+00  0.00000e+00  1.00000e+00
  189 -3.18848e-01  1.00000e+00 -2.35899e-20  0.00000e+00  0.00000e+00  1.00000e+00
  190 -3.17871e-01  1.00000e+00 -3.23679e-20  0.00000e+00  0.00000e+00  1.00000e+00
  191 -3.16895e-01  1.00000e+00 -3.41136e-20  0.00000e+00  0.00000e+00  1.00000e+00
  192 -3.15918e-01  1.00000e+00  3.42612e-20  0.00000e+00  0.00000e+00  1.00000e+00
  193 -3.14941e-01  1.00000e+00  7.18257e-20  0.00000e+00  0.00000e+00  1.00000e+00
  194 -3.13965e-01  1.00000e+00 -1.13251e-20  0.00000e+00  0.00000e+00  1.00000e+00
  195 -3.12988e-01  1.00000e+00 -1.01360e-19  0.00000e+00  0.00000e+00  1.00000e+00
  196 -3.12012e-01  1.00000e+00  8.08490e-17  0.00000e+00  0.00000e+00  1.00000e+00
  197 -3.11035e-01  1.00000e+00  9.79991e-20  0.00000e+00  0.00000e+00  1.00000e+00
  198 -3.10059e-01  1.00000e+00  1.30616e-19  0.00000e+00  0.00000e+00  1.00000e+00
  199 -3.09082e-01  1.00000e+00 -4.01876e-20  0.00000e+00  0.00000e+00  1.00000e+00
  200 -3.08105e-01  1.00000e+00 -7.20079e-20  0.00000e+00  0.00000e+00  1.00000e+00
  201 -3.07129e-01  1.00000e+00 -4.12968e-20  0.00000e+00  0.00000e+00  1.00000e+00
  202 -3.06152e-01  1.00000e+00  8.09562e-17  0.00000e+00  0.00000e+00  1.00000e+00
  203 -3.05176e-01  1.00000e+00  2.45039e-20  0.00000e+00  0.00000e+00  1.00000e+00
  204 -3.04199e-01  1.00000e+00  3.44064e-20  0.00000e+00  0.00000e+00  1.00000e+00
  205 -3.03223e-01  1.00000e+00 -6.25999e-20  0.00000e+00  0.00000e+00  1.00000e+00
  206 -3.02246e-01  1.00000e+00  8.08361e-17  0.00000e+00  0.00000e+00  1.00000e+00
  207 -3.01270e-01  1.00000e+00 -4.66889e-20  0.00000e+00  0.00000e+00  1.00000e+00
  208 -3.00293e-01  1.00000e+00  1.44720e-19  0.00000e+00  0.00000e+00  1.00000e+00
  209 -2.99316e-01  1.00000e+00  1.04848e-19  0.00000e+00  0.00000e+00  1.00000e+00
  210 -2.98340e-01  1.00000e+00 -7.25277e-20  0.00000e+00  0.00000e+00  1.00000e+00
  211 -2.97363e-01  1.00000e+00 -6.88055e-20  0.00000e+00  0.00000e+00  1.00000e+00
  212 -2.96387e-01  1.00000e+00  8.54238e-20  0.00000e+00  0.00000e+00  1.00000e+00
  213 -2.95410e-01  1.00000e+00  2.91809e-21  0.00000e+00  0.00000e+00  1.00000e+00
  214 -2.94434e-01  1.00000e+00  9.84158e-21  0.00000e+00  0.00000e+00  1.00000e+00
  215 -2.93457e-01  1.00000e+00  8.30035e-21  0.00000e+00  0.00000e+00  1.00000e+00
  216 -2.92480e-01  1.00000e+00 -1.17392e-19  0.00000e+00  0.00000e+00  1.00000e+00
  217 -2.91504e-01  1.00000e+00 -4.45435e-20  0.00000e+00  0.00000e+00  1.00000e+00
  218 -2.90527e-01  1.00000e+00  3.56743e-20  0.00000e+00  0.00000e+00  1.00000e+00
  219 -2.89551e-01  1.00000e+00  8.17338e-20  0.00000e+00  0.00000e+00  1.00000e+00
  220 -2.88574e-01  1.00000e+00 -7.69324e-21  0.00000e+00  0.00000e+00  1.00000e+00
  221 -2.87598e-01  1.00000e+00 -7.05023e-20  0.00000e+00  0.00000e+00  1.00000e+00
  222 -2.86621e-01  1.00000e+00 -7.30134e-21  0.00000e+00  0.00000e+00  1.00000e+00
  223 -2.85645e-01  1.00000e+00  8.64351e-20  0.00000e+00  0.00000e+00  1.00000e+00
  224 -2.84668e-01  1.00000e+00 -5.17420e-21  0.00000e+00  0.00000e+00  1.00000e+00
  225 -2.83691e-01  1.00000e+00 -1.73636e-20  0.00000e+00  0.00000e+00  1.00000e+00
  226 -2.82715e-01  1.00000e+00 -3.33550e-20  0.00000e+00  0.00000e+00  1.00000e+00
  227 -2.81738e-01  1.00000e+00  8.08829e-17  0.00000e+00  0.00000e+00  1.00000e+00
  228 -2.80762e-01  1.00000e+00 -1.24520e-20  0.00000e+00  0.00000e+00  1.00000e+00
  229 -2.79785e-01  1.00000e+00  8.12902e-20  0.00000e+00  0.00000e+00  1.00000e+00
  230 -2.78809e-01  1.00000e+00  6.10120e-20  0.00000e+00  0.00000e+00  1.00000e+00
  231 -2.77832e-01  1.00000e+00  8.08185e-17  0.00000e+00  0.00000e+00  1.00000e+00
  232 -2.76855e-01  1.00000e+00 -1.45323e-19  0.00000e+00  0.00000e+00  1.00000e+00
  233 -2.75879e-01  1.00000e+00  8.10714e-17  0.00000e+00  0.00000e+00  1.00000e+00
  234 -2.74902e-01  1.00000e+00  4.45357e-16  0.00000e+00  0.00000e+00  1.00000e+00
  235 -2.73926e-01  1.00000e+00  5.90854e-15  0.00000e+00  0.00000e+00  1.00000e+00
  236 -2.72949e-01  1.00000e+00  6.72612e-14  0.00000e+00  0.00000e+00  1.00000e+00
  237 -2.71973e-01  1.00000e+00  7.16319e-13  0.00000e+00  0.00000e+00  1.00000e+00
  238 -2.70996e-01  1.00000e+00  7.61208e-12  0.00000e+00  0.00000e+00  1.00000e+00
  239 -2.70020e-01  1.00000e+00  8.09011e-11  0.00000e+00  0.00000e+00  1.00000e+00
  240 -2.69043e-01  1.00000e+00  8.59844e-10  0.00000e+00  0.00000e+00  1.00000e+00
  241 -2.68066e-01  1.00000e+00  9.13816e-09  0.00000e+00  0.00000e+00  1.00000e+00
  242 -2.67090e-01  1.00000e+00  9.70309e-08  0.00000e+00  0.00000e+00  1.00000e+00
  243 -2.66113e-01  9.99999e-01  1.03182e-06  0.00000e+00  0.00000e+00  9.99999e-01
  244 -2.65137e-01  9.99991e-01  1.08667e-05  0.00000e+00  0.00000e+00  9.99987e-01
  245 -2.64160e-01  9.99913e-01  1.02720e-04  0.00000e+00  0.00000e+00  9.99878e-01
  246 -2.63184e-01  9.99549e-01  5.34131e-04  0.00000e+00  0.00000e+00  9.99368e-01
  247 -2.62207e-01  9.98669e-01  1.57561e-03  0.00000e+00  0.00000e+00  9.98137e-01
  248 -2.61230e-01  9.97195e-01  3.32313e-03  0.00000e+00  0.00000e+00  9.96075e-01
  249 -2.60254e-01  9.95203e-01  5.68790e-03  0.00000e+00  0.00000e+00  9.93290e-01
  250 -2.59277e-01  9.92839e-01  8.49869e-03  0.00000e+00  0.00000e+00  9.89989e-01
  251 -2.58301e-01  9.90240e-01  1.15944e-02  0.00000e+00  0.00000e+00  9.86363e-01
  252 -2.57324e-01  9.87503e-01  1.48618e-02  0.00000e+00  0.00000e+00  9.82549e-01
  253 -2.56348e-01  9.84686e-01  1.82333e-02  0.00000e+00  0.00000e+00  9.78626e-01
  254 -2.55371e-01  9.81819e-01  2.16712e-02  0.00000e+00  0.00000e+00  9.74640e-01
  255 -2.54395e-01  9.78921e-01  2.51550e-02  0.00000e+00  0.00000e+00  9.70615e-01
  256 -2.53418e-01  9.76002e-01  2.86726e-02  0.00000e+00  0.00000e+00  9.66565e-01
  257 -2.52441e-01  9.73068e-01  3.22161e-02  0.00000e+00  0.00000e+00  9.62500e-01
  258 -2.51465e-01  9.70125e-01  3.57803e-02  0.00000e+00  0.00000e+00  9.58426e-01
  259 -2.50488e-01  9.67175e-01  3.93611e-02  0.00000e+00  0.00000e+00  9.54348e-01
  260 -2.49512e-01  9.64220e-01  4.29556e-02  0.00000e+00  0.00000e+00  9.50270e-01
  261 -2.48535e-01  9.61264e-01  4.65614e-02  0.00000e+00  0.00000e+00  9.46193e-01
  262 -2.47559e-01  9.58307e-01  5.01769e-02  0.00000e+00  0.00000e+00  9.42121e-01
  263 -2.46582e-01  9.55351e-01  5.38005e-02  0.00000e+00  0.00000e+00  9.38055e-01
  264 -2.45605e-01  9.52396e-01  5.74313e-02  0.00000e+00  0.00000e+00  9.33996e-01
  265 -2.44629e-01  9.49444e-01  6.10682e-02  0.00000e+00  0.00000e+00  9.29945e-01
  266 -2.43652e-01  9.46494e-01  6.47105e-02  0.00000e+00  0.00000e+00  9.25903e-01
  267 -2.42676e-01  9.43548e-01  6.83576e-02  0.00000e+00  0.00000e+00  9.21870e-01
  268 -2.41699e-01  9.40606e-01  7.20089e-02  0.00000e+00  0.00000e+00  9.17849e-01
  269 -2.40723e-01  9.37668e-01  7.56640e-02  0.00000e+00  0.00000e+00  9.13838e-01
  270 -2.39746e-01  9.34735e-01  7.93225e-02  0.00000e+00  0.00000e+00  9.09838e-01
  271 -2.38770e-01  9.31807e-01  8.29841e-02  0.00000e+00  0.00000e+00  9.05850e-01
  272 -2.37793e-01  9.28884e-01  8.66485e-02  0.00000e+00  0.00000e+00  9.01874e-01
  273 -2.36816e-01  9.25966e-01  9.03154e-02  0.00000e+00  0.00000e+00  8.97911e-01
  274 -2.35840e-01  9.23054e-01  9.39846e-02  0.00000e+00  0.00000e+00  8.93960e-01
  275 -2.34863e-01  9.20147e-01  9.76560e-02  0.00000e+00  0.00000e+00  8.90021e-01
  276 -2.33887e-01  9.17246e-01  1.01329e-01  0.00000e+00  0.00000e+00  8.86095e-01
  277 -2.32910e-01  9.14351e-01  1.05004e-01  0.00000e+00  0.00000e+00  8.82182e-01
  278 -2.31934e-01  9.11462e-01  1.08681e-01  0.00000e+00  0.00000e+00  8.78283e-01
  279 -2.30957e-01  9.08579e-01  1.12359e-01  0.00000e+00  0.00000e+00  8.74396e-01
  280 -2.29980e-01  9.05703e-01  1.16039e-01  0.00000e+00  0.00000e+00  8.70523e-01
  281 -2.29004e-01  9.02832e-01  1.19720e-01  0.00000e+00  0.00000e+00  8.66663e-01
  282 -2.28027e-01  8.99968e-01  1.23402e-01  0.00000e+00  0.00000e+00  8.62816e-01
  283 -2.27051e-01  8.97111e-01  1.27086e-01  0.00000e+00  0.00000e+00  8.58983e-01
  284 -2.26074e-01  8.94260e-01  1.30770e-01  0.00000e+00  0.00000e+00  8.55164e-01
  285 -2.25098e-01  8.91415e-01  1.34455e-01  0.00000e+00  0.00000e+00  8.51357e-01
  286 -2.24121e-01  8.88577e-01  1.38142e-01  0.00000e+00  0.00000e+00  8.47565e-01
  287 -2.23145e-01  8.85745e-01  1.41829e-01  0.00000e+00  0.00000e+00  8.43786e-01
  288 -2.22168e-01  8.82920e-01  1.45517e-01  0.00000e+00  0.00000e+00  8.40021e-01
  289 -2.21191e-01  8.80102e-01  1.49206e-01  0.00000e+00  0.00000e+00  8.36269e-01
  290 -2.20215e-01  8.77290e-01  1.52895e-01  0.00000e+00  0.00000e+00  8.32531e-01
  291 -2.19238e-01  8.74485e-01  1.56586e-01  0.00000e+00  0.00000e+00  8.28807e-01
  292 -2.18262e-01  8.71686e-01  1.60277e-01  0.00000e+00  0.00000e+00  8.25096e-01
  293 -2.17285e-01  8.68895e-01  1.63968e-01  0.00000e+00  0.00000e+00  8.21399e-01
  294 -2.16309e-01  8.66110e-01  1.67660e-01  0.00000e+00  0.00000e+00  8.17715e-01
  295 -2.15332e-01  8.63331e-01  1.71353e-01  0.00000e+00  0.00000e+00  8.14046e-01
  296 -2.14355e-01  8.60560e-01  1.75046e-01  0.00000e+00  0.00000e+00  8.10389e-01
  297 -2.13379e-01  8.57795e-01  1.78739e-01  0.00000e+00  0.00000e+00  8.06747e-01
  298 -2.12402e-01  8.55037e-01  1.82433e-01  0.00000e+00  0.00000e+00  8.03118e-01
  299 -2.11426e-01  8.52286e-01  1.86128e-01  0.00000e+00  0.00000e+00  7.99502e-01
  300 -2.10449e-01  8.49542e-01  1.89823e-01  0.00000e+00  0.00000e+00  7.95901e-01
  301 -2.09473e-01  8.46804e-01  1.93518e-01  0.00000e+00  0.00000e+00  7.92312e-01
  302 -2.08496e-01  8.44074e-01  1.97213e-01  0.00000e+00  0.00000e+00  7.88738e-01
  303 -2.07520e-01  8.41350e-01  2.00909e-01  0.00000e+00  0.00000e+00  7.85176e-01
  304 -2.06543e-01  8.38633e-01  2.04606e-01  0.00000e+00  0.00000e+00  7.81629e-01
  305 -2.05566e-01  8.35922e-01  2.08302e-01  0.00000e+00  0.00000e+00  7.78094e-01
  306 -2.04590e-01  8.33219e-01  2.11999e-01  0.00000e+00  0.00000e+00  7.74574e-01
  307 -2.03613e-01  8.30522e-01  2.15696e-01  0.00000e+00  0.00000e+00  7.71066e-01
  308 -2.02637e-01  8.27832e-01  2.19393e-01  0.00000e+00  0.00000e+00  7.67572e-01
  309 -2.01660e-01  8.25149e-01  2.23091e-01  0.00000e+00  0.00000e+00  7.64091e-01
  310 -2.00684e-01  8.22473e-01  2.26789e-01  0.00000e+00  0.00000e+00  7.60624e-01
  311 -1.99707e-01  8.19803e-01  2.30487e-01  0.00000e+00  0.00000e+00  7.57170e-01
  312 -1.98730e-01  8.17140e-01  2.34185e-01  0.00000e+00  0.00000e+00  7.53729e-01
  313 -1.97754e-01  8.14484e-01  2.37883e-01  0.00000e+00  0.00000e+00  7.50302e-01
  314 -1.96777e-01  8.11835e-01  2.41582e-01  0.00000e+00  0.00000e+00  7.46887e-01
  315 -1.95801e-01  8.09193e-01  2.45280e-01  0.00000e+00  0.00000e+00  7.43486e-01
  316 -1.94824e-01  8.06557e-01  2.48979e-01  0.00000e+00  0.00000e+00  7.40098e-01
  317 -1.93848e-01  8.03929e-01  2.52678e-01  0.00000e+00  0.00000e+00  7.36724e-01
  318 -1.92871e-01  8.01306e-01  2.56377e-01  0.00000e+00  0.00000e+00  7.33362e-01
  319 -1.91895e-01  7.98691e-01  2.60076e-01  0.00000e+00  0.00000e+00  7.30013e-01
  320 -1.90918e-01  7.96083e-01  2.63776e-01  0.00000e+00  0.00000e+00  7.26677e-01
  321 -1.89941e-01  7.93481e-01  2.67475e-01  0.00000e+00  0.00000e+00  7.23355e-01
  322 -1.88965e-01  7.90886e-01  2.71175e-01  0.00000e+00  0.00000e+00  7.20045e-01
  323 -1.87988e-01  7.88298e-01  2.74874e-01  0.00000e+00  0.00000e+00  7.16748e-01
  324 -1.87012e-01  7.85716e-01  2.78574e-01  0.00000e+00  0.00000e+00  7.13464e-01
  325 -1.86035e-01  7.83142e-01  2.82273e-01  0.00000e+00  0.00000e+00  7.10193e-01
  326 -1.85059e-01  7.80573e-01  2.85973e-01  0.00000e+00  0.00000e+00  7.06935e-01
  327 -1.84082e-01  7.78012e-01  2.89673e-01  0.00000e+00  0.00000e+00  7.03689e-01
  328 -1.83105e-01  7.75458e-01  2.93373e-01  0.00000e+00  0.00000e+00  7.00457e-01
  329 -1.82129e-01  7.72910e-01  2.97072e-01  0.00000e+00  0.00000e+00  6.97237e-01
  330 -1.81152e-01  7.70368e-01  3.00772e-01  0.00000e+00  0.00000e+00  6.94029e-01
  331 -1.80176e-01  7.67834e-01  3.04472e-01  0.00000e+00  0.00000e+00  6.90835e-01
  332 -1.79199e-01  7.65306e-01  3.08172e-01  0.00000e+00  0.00000e+00  6.87653e-01
  333 -1.78223e-01  7.62785e-01  3.11872e-01  0.00000e+00  0.00000e+00  6.84483e-01
  334 -1.77246e-01  7.60270e-01  3.15572e-01  0.00000e+00  0.00000e+00  6.81326e-01
  335 -1.76270e-01  7.57762e-01  3.19271e-01  0.00000e+00  0.00000e+00  6.78182e-01
  336 -1.75293e-01  7.55261e-01  3.22971e-01  0.00000e+00  0.00000e+00  6.75050e-01
  337 -1.74316e-01  7.52766e-01  3.26671e-01  0.00000e+00  0.00000e+00  6.71930e-01
  338 -1.73340e-01  7.50278e-01  3.30370e-01  0.00000e+00  0.00000e+00  6.68823e-01
  339 -1.72363e-01  7.47797e-01  3.34070e-01  0.00000e+00  0.00000e+00  6.65729e-01
  340 -1.71387e-01  7.45322e-01  3.37770e-01  0.00000e+00  0.00000e+00  6.62646e-01
  341 -1.70410e-01  7.42854e-01  3.41469e-01  0.00000e+00  0.00000e+00  6.59576e-01
  342 -1.69434e-01  7.40392e-01  3.45169e-01  0.00000e+00  0.00000e+00  6.56518e-01
  343 -1.68457e-01  7.37937e-01  3.48868e-01  0.00000e+00  0.00000e+00  6.53473e-01
  344 -1.67480e-01  7.35489e-01  3.52567e-01  0.00000e+00  0.00000e+00  6.50439e-01
  345 -1.66504e-01  7.33047e-01  3.56266e-01  0.00000e+00  0.00000e+00  6.47418e-01
  346 -1.65527e-01  7.30612e-01  3.59966e-01  0.00000e+00  0.00000e+00  6.44409e-01
  347 -1.64551e-01  7.28183e-01  3.63665e-01  0.00000e+00  0.00000e+00  6.41411e-01
  348 -1.63574e-01  7.25761e-01  3.67363e-01  0.00000e+00  0.00000e+00  6.38426e-01
  349 -1.62598e-01  7.23345e-01  3.71062e-01  0.00000e+00  0.00000e+00  6.35453e-01
  350 -1.61621e-01  7.20936e-01  3.74761e-01  0.00000e+00  0.00000e+00  6.32492e-01
  351 -1.60645e-01  7.18533e-01  3.78459e-01  0.00000e+00  0.00000e+00  6.29543e-01
  352 -1.59668e-01  7.16137e-01  3.82158e-01  0.00000e+00  0.00000e+00  6.26606e-01
  353 -1.58691e-01  7.13747e-01  3.85856e-01  0.00000e+00  0.00000e+00  6.23680e-01
  354 -1.57715e-01  7.11364e-01  3.89554e-01  0.00000e+00  0.00000e+00  6.20767e-01
  355 -1.56738e-01  7.08987e-01  3.93252e-01  0.00000e+00  0.00000e+00  6.17865e-01
  356 -1.55762e-01  7.06617e-01  3.96950e-01  0.00000e+00  0.00000e+00  6.14975e-01
  357 -1.54785e-01  7.04253e-01  4.00648e-01  0.00000e+00  0.00000e+00  6.12097e-01
  358 -1.53809e-01  7.01895e-01  4.04345e-01  0.00000e+00  0.00000e+00  6.09230e-01
  359 -1.52832e-01  6.99544e-01  4.08042e-01  0.00000e+00  0.00000e+00  6.06375e-01
  360 -1.51855e-01  6.97200e-01  4.11740e-01  0.00000e+00  0.00000e+00  6.03532e-01
  361 -1.50879e-01  6.94862e-01  4.15437e-01  0.00000e+00  0.00000e+00  6.00700e-01
  362 -1.49902e-01  6.92530e-01  4.19133e-01  0.00000e+00  0.00000e+00  5.97880e-01
  363 -1.48926e-01  6.90204e-01  4.22830e-01  0.00000e+00  0.00000e+00  5.95071e-01
  364 -1.47949e-01  6.87885e-01  4.26526e-01  0.00000e+00  0.00000e+00  5.92274e-01
  365 -1.46973e-01  6.85573e-01  4.30222e-01  0.00000e+00  0.00000e+00  5.89488e-01
  366 -1.45996e-01  6.83266e-01  4.33918e-01  0.00000e+00  0.00000e+00  5.86714e-01
  367 -1.45020e-01  6.80966e-01  4.37614e-01  0.00000e+00  0.00000e+00  5.83951e-01
  368 -1.44043e-01  6.78673e-01  4.41309e-01  0.00000e+00  0.00000e+00  5.81199e-01
  369 -1.43066e-01  6.76386e-01  4.45004e-01  0.00000e+00  0.00000e+00  5.78458e-01
  370 -1.42090e-01  6.74105e-01  4.48699e-01  0.00000e+00  0.00000e+00  5.75729e-01
  371 -1.41113e-01  6.71830e-01  4.52394e-01  0.00000e+00  0.00000e+00  5.73011e-01
  372 -1.40137e-01  6.69562e-01  4.56089e-01  0.00000e+00  0.00000e+00  5.70305e-01
  373 -1.39160e-01  6.67300e-01  4.59783e-01  0.00000e+00  0.00000e+00  5.67609e-01
  374 -1.38184e-01  6.65044e-01  4.63477e-01  0.00000e+00  0.00000e+00  5.64925e-01
  375 -1.37207e-01  6.62795e-01  4.67170e-01  0.00000e+00  0.00000e+00  5.62252e-01
  376 -1.36230e-01  6.60551e-01  4.70863e-01  0.00000e+00  0.00000e+00  5.59589e-01
  377 -1.35254e-01  6.58315e-01  4.74556e-01  0.00000e+00  0.00000e+00  5.56938e-01
  378 -1.34277e-01  6.56084e-01  4.78249e-01  0.00000e+00  0.00000e+00  5.54298e-01
  379 -1.33301e-01  6.53860e-01  4.81941e-01  0.00000e+00  0.00000e+00  5.51669e-01
  380 -1.32324e-01  6.51641e-01  4.85633e-01  0.00000e+00  0.00000e+00  5.49050e-01
  381 -1.31348e-01  6.49429e-01  4.89325e-01  0.00000e+00  0.00000e+00  5.46443e-01
  382 -1.30371e-01  6.47224e-01  4.93016e-01  0.00000e+00  0.00000e+00  5.43846e-01
  383 -1.29395e-01  6.45024e-01  4.96707e-01  0.00000e+00  0.00000e+00  5.41261e-01
  384 -1.28418e-01  6.42831e-01  5.00398e-01  0.00000e+00  0.00000e+00  5.38686e-01
  385 -1.27441e-01  6.40644e-01  5.04088e-01  0.00000e+00  0.00000e+00  5.36122e-01
  386 -1.26465e-01  6.38463e-01  5.07778e-01  0.00000e+00  0.00000e+00  5.33568e-01
  387 -1.25488e-01  6.36288e-01  5.11467e-01  0.00000e+00  0.00000e+00  5.31026e-01
  388 -1.24512e-01  6.34120e-01  5.15156e-01  0.00000e+00  0.00000e+00  5.28494e-01
  389 -1.23535e-01  6.31957e-01  5.18845e-01  0.00000e+00  0.00000e+00  5.25972e-01
  390 -1.22559e-01  6.29801e-01  5.22533e-01  0.00000e+00  0.00000e+00  5.23461e-01
  391 -1.21582e-01  6.27651e-01  5.26221e-01  0.00000e+00  0.00000e+00  5.20961e-01
  392 -1.20605e-01  6.25507e-01  5.29908e-01  0.00000e+00  0.00000e+00  5.18472e-01
  393 -1.19629e-01  6.23369e-01  5.33594e-01  0.00000e+00  0.00000e+00  5.15993e-01
  394 -1.18652e-01  6.21238e-01  5.37281e-01  0.00000e+00  0.00000e+00  5.13524e-01
  395 -1.17676e-01  6.19112e-01  5.40966e-01  0.00000e+00  0.00000e+00  5.11066e-01
  396 -1.16699e-01  6.16993e-01  5.44652e-01  0.00000e+00  0.00000e+00  5.08618e-01
  397 -1.15723e-01  6.14879e-01  5.48336e-01  0.00000e+00  0.00000e+00  5.06181e-01
  398 -1.14746e-01  6.12772e-01  5.52021e-01  0.00000e+00  0.00000e+00  5.03754e-01
  399 -1.13770e-01  6.10671e-01  5.55704e-01  0.00000e+00  0.00000e+00  5.01337e-01
  400 -1.12793e-01  6.08576e-01  5.59387e-01  0.00000e+00  0.00000e+00  4.98931e-01
  401 -1.11816e-01  6.06487e-01  5.63070e-01  0.00000e+00  0.00000e+00  4.96535e-01
  402 -1.10840e-01  6.04404e-01  5.66751e-01  0.00000e+00  0.00000e+00  4.94150e-01
  403 -1.09863e-01  6.02327e-01  5.70433e-01  0.00000e+00  0.00000e+00  4.91774e-01
  404 -1.08887e-01  6.00257e-01  5.74113e-01  0.00000e+00  0.00000e+00  4.89409e-01
  405 -1.07910e-01  5.98192e-01  5.77793e-01  0.00000e+00  0.00000e+00  4.87054e-01
  406 -1.06934e-01  5.96134e-01  5.81472e-01  0.00000e+00  0.00000e+00  4.84709e-01
  407 -1.05957e-01  5.94081e-01  5.85151e-01  0.00000e+00  0.00000e+00  4.82374e-01
  408 -1.04980e-01  5.92035e-01  5.88828e-01  0.00000e+00  0.00000e+00  4.80049e-01
  409 -1.04004e-01  5.89994e-01  5.92505e-01  0.00000e+00  0.00000e+00  4.77735e-01
  410 -1.03027e-01  5.87960e-01  5.96182e-01  0.00000e+00  0.00000e+00  4.75430e-01
  411 -1.02051e-01  5.85932e-01  5.99857e-01  0.00000e+00  0.00000e+00  4.73136e-01
  412 -1.01074e-01  5.83910e-01  6.03532e-01  0.00000e+00  0.00000e+00  4.70851e-01
  413 -1.00098e-01  5.81893e-01  6.07205e-01  0.00000e+00  0.00000e+00  4.68577e-01
  414 -9.91211e-02  5.79883e-01  6.10878e-01  0.00000e+00  0.00000e+00  4.66312e-01
  415 -9.81445e-02  5.77879e-01  6.14550e-01  0.00000e+00  0.00000e+00  4.64058e-01
  416 -9.71680e-02  5.75881e-01  6.18222e-01  0.00000e+00  0.00000e+00  4.61813e-01
  417 -9.61914e-02  5.73889e-01  6.21892e-01  0.00000e+00  0.00000e+00  4.59578e-01
  418 -9.52148e-02  5.71903e-01  6.25561e-01  0.00000e+00  0.00000e+00  4.57353e-01
  419 -9.42383e-02  5.69923e-01  6.29229e-01  0.00000e+00  0.00000e+00  4.55138e-01
  420 -9.32617e-02  5.67949e-01  6.32897e-01  0.00000e+00  0.00000e+00  4.52932e-01
  421 -9.22852e-02  5.65981e-01  6.36563e-01  0.00000e+00  0.00000e+00  4.50737e-01
  422 -9.13086e-02  5.64020e-01  6.40228e-01  0.00000e+00  0.00000e+00  4.48551e-01
  423 -9.03320e-02  5.62064e-01  6.43892e-01  0.00000e+00  0.00000e+00  4.46375e-01
  424 -8.93555e-02  5.60114e-01  6.47555e-01  0.00000e+00  0.00000e+00  4.44209e-01
  425 -8.83789e-02  5.58170e-01  6.51217e-01  0.00000e+00  0.00000e+00  4.42052e-01
  426 -8.74023e-02  5.56233e-01  6.54877e-01  0.00000e+00  0.00000e+00  4.39905e-01
  427 -8.64258e-02  5.54301e-01  6.58536e-01  0.00000e+00  0.00000e+00  4.37768e-01
  428 -8.54492e-02  5.52375e-01  6.62194e-01  0.00000e+00  0.00000e+00  4.35640e-01
  429 -8.44727e-02  5.50456e-01  6.65851e-01  0.00000e+00  0.00000e+00  4.33522e-01
  430 -8.34961e-02  5.48542e-01  6.69507e-01  0.00000e+00  0.00000e+00  4.31414e-01
  431 -8.25195e-02  5.46635e-01  6.73161e-01  0.00000e+00  0.00000e+00  4.29315e-01
  432 -8.15430e-02  5.44733e-01  6.76813e-01  0.00000e+00  0.00000e+00  4.27225e-01
  433 -8.05664e-02  5.42838e-01  6.80465e-01  0.00000e+00  0.00000e+00  4.25146e-01
  434 -7.95898e-02  5.40948e-01  6.84114e-01  0.00000e+00  0.00000e+00  4.23075e-01
  435 -7.86133e-02  5.39065e-01  6.87763e-01  0.00000e+00  0.00000e+00  4.21015e-01
  436 -7.76367e-02  5.37188e-01  6.91409e-01  0.00000e+00  0.00000e+00  4.18963e-01
  437 -7.66602e-02  5.35316e-01  6.95054e-01  0.00000e+00  0.00000e+00  4.16922e-01
  438 -7.56836e-02  5.33451e-01  6.98698e-01  0.00000e+00  0.00000e+00  4.14889e-01
  439 -7.47070e-02  5.31592e-01  7.02340e-01  0.00000e+00  0.00000e+00  4.12866e-01
  440 -7.37305e-02  5.29739e-01  7.05980e-01  0.00000e+00  0.00000e+00  4.10853e-01
  441 -7.27539e-02  5.27891e-01  7.09619e-01  0.00000e+00  0.00000e+00  4.08848e-01
  442 -7.17773e-02  5.26050e-01  7.13256e-01  0.00000e+00  0.00000e+00  4.06853e-01
  443 -7.08008e-02  5.24215e-01  7.16891e-01  0.00000e+00  0.00000e+00  4.04868e-01
  444 -6.98242e-02  5.22386e-01  7.20524e-01  0.00000e+00  0.00000e+00  4.02891e-01
  445 -6.88477e-02  5.20563e-01  7.24156e-01  0.00000e+00  0.00000e+00  4.00924e-01
  446 -6.78711e-02  5.18746e-01  7.27786e-01  0.00000e+00  0.00000e+00  3.98966e-01
  447 -6.68945e-02  5.16934e-01  7.31414e-01  0.00000e+00  0.00000e+00  3.97017e-01
  448 -6.59180e-02  5.15129e-01  7.35040e-01  0.00000e+00  0.00000e+00  3.95078e-01
  449 -6.49414e-02  5.13330e-01  7.38664e-01  0.00000e+00  0.00000e+00  3.93147e-01
  450 -6.39648e-02  5.11537e-01  7.42287e-01  0.00000e+00  0.00000e+00  3.91225e-01
  451 -6.29883e-02  5.09749e-01  7.45908e-01  0.00000e+00  0.00000e+00  3.89313e-01
  452 -6.20117e-02  5.07967e-01  7.49527e-01  0.00000e+00  0.00000e+00  3.87409e-01
  453 -6.10352e-02  5.06192e-01  7.53144e-01  0.00000e+00  0.00000e+00  3.85514e-01
  454 -6.00586e-02  5.04422e-01  7.56760e-01  0.00000e+00  0.00000e+00  3.83629e-01
  455 -5.90820e-02  5.02657e-01  7.60374e-01  0.00000e+00  0.00000e+00  3.81751e-01
  456 -5.81055e-02  5.00899e-01  7.63987e-01  0.00000e+00  0.00000e+00  3.79883e-01
  457 -5.71289e-02  4.99146e-01  7.67598e-01  0.00000e+00  0.00000e+00  3.78023e-01
  458 -5.61523e-02  4.97399e-01  7.71207e-01  0.00000e+00  0.00000e+00  3.76172e-01
  459 -5.51758e-02  4.95657e-01  7.74816e-01  0.00000e+00  0.00000e+00  3.74329e-01
  460 -5.41992e-02  4.93921e-01  7.78423e-01  0.00000e+00  0.00000e+00  3.72494e-01
  461 -5.32227e-02  4.92190e-01  7.82029e-01  0.00000e+00  0.00000e+00  3.70668e-01
  462 -5.22461e-02  4.90464e-01  7.85633e-01  0.00000e+00  0.00000e+00  3.68850e-01
  463 -5.12695e-02  4.88744e-01  7.89237e-01  0.00000e+00  0.00000e+00  3.67040e-01
  464 -5.02930e-02  4.87029e-01  7.92841e-01  0.00000e+00  0.00000e+00  3.65238e-01
  465 -4.93164e-02  4.85319e-01  7.96443e-01  0.00000e+00  0.00000e+00  3.63444e-01
  466 -4.83398e-02  4.83614e-01  8.00046e-01  0.00000e+00  0.00000e+00  3.61658e-01
  467 -4.73633e-02  4.81914e-01  8.03648e-01  0.00000e+00  0.00000e+00  3.59879e-01
  468 -4.63867e-02  4.80219e-01  8.07250e-01  0.00000e+00  0.00000e+00  3.58108e-01
  469 -4.54102e-02  4.78528e-01  8.10852e-01  0.00000e+00  0.00000e+00  3.56345e-01
  470 -4.44336e-02  4.76842e-01  8.14454e-01  0.00000e+00  0.00000e+00  3.54588e-01
  471 -4.34570e-02  4.75161e-01  8.18057e-01  0.00000e+00  0.00000e+00  3.52839e-01
  472 -4.24805e-02  4.73484e-01  8.21660e-01  0.00000e+00  0.00000e+00  3.51097e-01
  473 -4.15039e-02  4.71812e-01  8.25264e-01  0.00000e+00  0.00000e+00  3.49362e-01
  474 -4.05273e-02  4.70143e-01  8.28869e-01  0.00000e+00  0.00000e+00  3.47634e-01
  475 -3.95508e-02  4.68479e-01  8.32476e-01  0.00000e+00  0.00000e+00  3.45912e-01
  476 -3.85742e-02  4.66819e-01  8.36083e-01  0.00000e+00  0.00000e+00  3.44198e-01
  477 -3.75977e-02  4.65163e-01  8.39692e-01  0.00000e+00  0.00000e+00  3.42490e-01
  478 -3.66211e-02  4.63511e-01  8.43303e-01  0.00000e+00  0.00000e+00  3.40788e-01
  479 -3.56445e-02  4.61863e-01  8.46915e-01  0.00000e+00  0.00000e+00  3.39093e-01
  480 -3.46680e-02  4.60219e-01  8.50530e-01  0.00000e+00  0.00000e+00  3.37404e-01
  481 -3.36914e-02  4.58579e-01  8.54146e-01  0.00000e+00  0.00000e+00  3.35722e-01
  482 -3.27148e-02  4.56943e-01  8.57763e-01  0.00000e+00  0.00000e+00  3.34046e-01
  483 -3.17383e-02  4.55310e-01  8.61383e-01  0.00000e+00  0.00000e+00  3.32376e-01
  484 -3.07617e-02  4.53681e-01  8.65005e-01  0.00000e+00  0.00000e+00  3.30713e-01
  485 -2.97852e-02  4.52056e-01  8.68628e-01  0.00000e+00  0.00000e+00  3.29056e-01
  486 -2.88086e-02  4.50435e-01  8.72253e-01  0.00000e+00  0.00000e+00  3.27405e-01
  487 -2.78320e-02  4.48818e-01  8.75880e-01  0.00000e+00  0.00000e+00  3.25761e-01
  488 -2.68555e-02  4.47206e-01  8.79508e-01  0.00000e+00  0.00000e+00  3.24123e-01
  489 -2.58789e-02  4.45597e-01  8.83136e-01  0.00000e+00  0.00000e+00  3.22492e-01
  490 -2.49023e-02  4.43993e-01  8.86766e-01  0.00000e+00  0.00000e+00  3.20867e-01
  491 -2.39258e-02  4.42393e-01  8.90395e-01  0.00000e+00  0.00000e+00  3.19250e-01
  492 -2.29492e-02  4.40798e-01  8.94024e-01  0.00000e+00  0.00000e+00  3.17640e-01
  493 -2.19727e-02  4.39208e-01  8.97652e-01  0.00000e+00  0.00000e+00  3.16037e-01
  494 -2.09961e-02  4.37624e-01  9.01278e-01  0.00000e+00  0.00000e+00  3.14442e-01
  495 -2.00195e-02  4.36045e-01  9.04901e-01  0.00000e+00  0.00000e+00  3.12855e-01
  496 -1.90430e-02  4.34473e-01  9.08519e-01  0.00000e+00  0.00000e+00  3.11277e-01
  497 -1.80664e-02  4.32908e-01  9.12132e-01  0.00000e+00  0.00000e+00  3.09709e-01
  498 -1.70898e-02  4.31352e-01  9.15736e-01  0.00000e+00  0.00000e+00  3.08151e-01
  499 -1.61133e-02  4.29806e-01  9.19325e-01  0.00000e+00  0.00000e+00  3.06606e-01
  500 -1.51367e-02  4.28283e-01  9.22871e-01  0.00000e+00  0.00000e+00  3.05086e-01
  501 -1.41602e-02  4.26832e-01  9.26258e-01  0.00000e+00  0.00000e+00  3.03640e-01
  502 -1.31836e-02  4.25617e-01  9.29103e-01  0.00000e+00  0.00000e+00  3.02430e-01
  503 -1.22070e-02  4.24975e-01  9.30606e-01  0.00000e+00  0.00000e+00  3.01792e-01
  504 -1.12305e-02  4.24879e-01  9.30831e-01  0.00000e+00  0.00000e+00  3.01697e-01
  505 -1.02539e-02  4.24896e-01  9.30792e-01  0.00000e+00  0.00000e+00  3.01713e-01
  506 -9.27734e-03  4.25214e-01  9.30045e-01  0.00000e+00  0.00000e+00  3.02030e-01
  507 -8.30078e-03  4.25676e-01  9.28962e-01  0.00000e+00  0.00000e+00  3.02489e-01
  508 -7.32422e-03  4.25772e-01  9.28737e-01  0.00000e+00  0.00000e+00  3.02585e-01
  509 -6.34766e-03  4.25788e-01  9.28699e-01  0.00000e+00  0.00000e+00  3.02601e-01
  510 -5.37109e-03  4.25804e-01  9.28663e-01  0.00000e+00  0.00000e+00  3.02616e-01
  511 -4.39453e-03  4.25866e-01  9.28518e-01  0.00000e+00  0.00000e+00  3.02678e-01
  512 -3.41797e-03  4.26007e-01  9.28187e-01  0.00000e+00  0.00000e+00  3.02819e-01
  513 -2.44141e-03  4.26136e-01  9.27886e-01  0.00000e+00  0.00000e+00  3.02947e-01
  514 -1.46484e-03  4.26171e-01  9.27804e-01  0.00000e+00  0.00000e+00  3.02981e-01
  515 -4.88281e-04  4.26175e-01  9.27794e-01  0.00000e+00  0.00000e+00  3.02986e-01
  516  4.88281e-04  4.26176e-01  9.27793e-01  0.00000e+00  0.00000e+00  3.02986e-01
  517  1.46484e-03  4.26176e-01  9.27792e-01  0.00000e+00  0.00000e+00  3.02987e-01
  518  2.44141e-03  4.26180e-01  9.27783e-01  0.00000e+00  0.00000e+00  3.02991e-01
  519  3.41797e-03  4.26207e-01  9.27720e-01  0.00000e+00  0.00000e+00  3.03017e-01
  520  4.39453e-03  4.26274e-01  9.27562e-01  0.00000e+00  0.00000e+00  3.03085e-01
  521  5.37109e-03  4.26312e-01  9.27474e-01  0.00000e+00  0.00000e+00  3.03122e-01
  522  6.34766e-03  4.26315e-01  9.27467e-01  0.00000e+00  0.00000e+00  3.03125e-01
  523  7.32422e-03  4.26306e-01  9.27487e-01  0.00000e+00  0.00000e+00  3.03116e-01
  524  8.30078e-03  4.26276e-01  9.27557e-01  0.00000e+00  0.00000e+00  3.03086e-01
  525  9.27734e-03  4.26269e-01  9.27574e-01  0.00000e+00  0.00000e+00  3.03079e-01
  526  1.02539e-02  4.26272e-01  9.27568e-01  0.00000e+00  0.00000e+00  3.03082e-01
  527  1.12305e-02  4.26302e-01  9.27498e-01  0.00000e+00  0.00000e+00  3.03112e-01
  528  1.22070e-02  4.26324e-01  9.27446e-01  0.00000e+00  0.00000e+00  3.03134e-01
  529  1.31836e-02  4.26326e-01  9.27442e-01  0.00000e+00  0.00000e+00  3.03136e-01
  530  1.41602e-02  4.26313e-01  9.27471e-01  0.00000e+00  0.00000e+00  3.03123e-01
  531  1.51367e-02  4.26280e-01  9.27549e-01  0.00000e+00  0.00000e+00  3.03090e-01
  532  1.61133e-02  4.26272e-01  9.27567e-01  0.00000e+00  0.00000e+00  3.03082e-01
  533  1.70898e-02  4.26275e-01  9.27562e-01  0.00000e+00  0.00000e+00  3.03085e-01
  534  1.80664e-02  4.26304e-01  9.27494e-01  0.00000e+00  0.00000e+00  3.03114e-01
  535  1.90430e-02  4.26329e-01  9.27433e-01  0.00000e+00  0.00000e+00  3.03139e-01
  536  2.00195e-02  4.26332e-01  9.27428e-01  0.00000e+00  0.00000e+00  3.03142e-01
  537  2.09961e-02  4.26321e-01  9.27454e-01  0.00000e+00  0.00000e+00  3.03131e-01
  538  2.19727e-02  4.26284e-01  9.27540e-01  0.00000e+00  0.00000e+00  3.03094e-01
  539  2.29492e-02  4.26274e-01  9.27563e-01  0.00000e+00  0.00000e+00  3.03084e-01
  540  2.39258e-02  4.26276e-01  9.27557e-01  0.00000e+00  0.00000e+00  3.03087e-01
  541  2.49023e-02  4.26309e-01  9.27482e-01  0.00000e+00  0.00000e+00  3.03119e-01
  542  2.58789e-02  4.26337e-01  9.27416e-01  0.00000e+00  0.00000e+00  3.03147e-01
  543  2.68555e-02  4.26339e-01  9.27410e-01  0.00000e+00  0.00000e+00  3.03149e-01
  544  2.78320e-02  4.26324e-01  9.27447e-01  0.00000e+00  0.00000e+00  3.03134e-01
  545  2.88086e-02  4.26281e-01  9.27548e-01  0.00000e+00  0.00000e+00  3.03091e-01
  546  2.97852e-02  4.26271e-01  9.27571e-01  0.00000e+00  0.00000e+00  3.03081e-01
  547  3.07617e-02  4.26274e-01  9.27563e-01  0.00000e+00  0.00000e+00  3.03084e-01
  548  3.17383e-02  4.26311e-01  9.27476e-01  0.00000e+00  0.00000e+00  3.03121e-01
  549  3.27148e-02  4.26337e-01  9.27416e-01  0.00000e+00  0.00000e+00  3.03146e-01
  550  3.36914e-02  4.26338e-01  9.27414e-01  0.00000e+00  0.00000e+00  3.03148e-01
  551  3.46680e-02  4.26318e-01  9.27461e-01  0.00000e+00  0.00000e+00  3.03127e-01
  552  3.56445e-02  4.26280e-01  9.27551e-01  0.00000e+00  0.00000e+00  3.03089e-01
  553  3.66211e-02  4.26274e-01  9.27565e-01  0.00000e+00  0.00000e+00  3.03084e-01
  554  3.75977e-02  4.26281e-01  9.27548e-01  0.00000e+00  0.00000e+00  3.03091e-01
  555  3.85742e-02  4.26322e-01  9.27452e-01  0.00000e+00  0.00000e+00  3.03131e-01
  556  3.95508e-02  4.26340e-01  9.27409e-01  0.00000e+00  0.00000e+00  3.03150e-01
  557  4.05273e-02  4.26340e-01  9.27408e-01  0.00000e+00  0.00000e+00  3.03150e-01
  558  4.15039e-02  4.26317e-01  9.27464e-01  0.00000e+00  0.00000e+00  3.03126e-01
  559  4.24805e-02  4.26284e-01  9.27541e-01  0.00000e+00  0.00000e+00  3.03094e-01
  560  4.34570e-02  4.26280e-01  9.27551e-01  0.00000e+00  0.00000e+00  3.03089e-01
  561  4.44336e-02  4.26287e-01  9.27533e-01  0.00000e+00  0.00000e+00  3.03097e-01
  562  4.54102e-02  4.26327e-01  9.27440e-01  0.00000e+00  0.00000e+00  3.03137e-01
  563  4.63867e-02  4.26345e-01  9.27397e-01  0.00000e+00  0.00000e+00  3.03155e-01
  564  4.73633e-02  4.26346e-01  9.27396e-01  0.00000e+00  0.00000e+00  3.03155e-01
  565  4.83398e-02  4.26327e-01  9.27440e-01  0.00000e+00  0.00000e+00  3.03137e-01
  566  4.93164e-02  4.26290e-01  9.27528e-01  0.00000e+00  0.00000e+00  3.03099e-01
  567  5.02930e-02  4.26283e-01  9.27544e-01  0.00000e+00  0.00000e+00  3.03092e-01
  568  5.12695e-02  4.26286e-01  9.27536e-01  0.00000e+00  0.00000e+00  3.03096e-01
  569  5.22461e-02  4.26322e-01  9.27453e-01  0.00000e+00  0.00000e+00  3.03131e-01
  570  5.32227e-02  4.26349e-01  9.27388e-01  0.00000e+00  0.00000e+00  3.03159e-01
  571  5.41992e-02  4.26352e-01  9.27383e-01  0.00000e+00  0.00000e+00  3.03161e-01
  572  5.51758e-02  4.26337e-01  9.27418e-01  0.00000e+00  0.00000e+00  3.03146e-01
  573  5.61523e-02  4.26293e-01  9.27519e-01  0.00000e+00  0.00000e+00  3.03103e-01
  574  5.71289e-02  4.26283e-01  9.27544e-01  0.00000e+00  0.00000e+00  3.03092e-01
  575  5.81055e-02  4.26286e-01  9.27537e-01  0.00000e+00  0.00000e+00  3.03095e-01
  576  5.90820e-02  4.26322e-01  9.27454e-01  0.00000e+00  0.00000e+00  3.03131e-01
  577  6.00586e-02  4.26348e-01  9.27391e-01  0.00000e+00  0.00000e+00  3.03158e-01
  578  6.10352e-02  4.26350e-01  9.27387e-01  0.00000e+00  0.00000e+00  3.03159e-01
  579  6.20117e-02  4.26330e-01  9.27434e-01  0.00000e+00  0.00000e+00  3.03139e-01
  580  6.29883e-02  4.26285e-01  9.27539e-01  0.00000e+00  0.00000e+00  3.03095e-01
  581  6.39648e-02  4.26277e-01  9.27558e-01  0.00000e+00  0.00000e+00  3.03087e-01
  582  6.49414e-02  4.26283e-01  9.27545e-01  0.00000e+00  0.00000e+00  3.03092e-01
  583  6.59180e-02  4.26324e-01  9.27447e-01  0.00000e+00  0.00000e+00  3.03134e-01
  584  6.68945e-02  4.26347e-01  9.27394e-01  0.00000e+00  0.00000e+00  3.03156e-01
  585  6.78711e-02  4.26348e-01  9.27392e-01  0.00000e+00  0.00000e+00  3.03157e-01
  586  6.88477e-02  4.26323e-01  9.27450e-01  0.00000e+00  0.00000e+00  3.03132e-01
  587  6.98242e-02  4.26285e-01  9.27540e-01  0.00000e+00  0.00000e+00  3.03094e-01
  588  7.08008e-02  4.26280e-01  9.27552e-01  0.00000e+00  0.00000e+00  3.03089e-01
  589  7.17773e-02  4.26288e-01  9.27533e-01  0.00000e+00  0.00000e+00  3.03097e-01
  590  7.27539e-02  4.26332e-01  9.27430e-01  0.00000e+00  0.00000e+00  3.03141e-01
  591  7.37305e-02  4.26353e-01  9.27382e-01  0.00000e+00  0.00000e+00  3.03162e-01
  592  7.47070e-02  4.26353e-01  9.27380e-01  0.00000e+00  0.00000e+00  3.03162e-01
  593  7.56836e-02  4.26332e-01  9.27431e-01  0.00000e+00  0.00000e+00  3.03141e-01
  594  7.66602e-02  4.26292e-01  9.27524e-01  0.00000e+00  0.00000e+00  3.03101e-01
  595  7.76367e-02  4.26285e-01  9.27541e-01  0.00000e+00  0.00000e+00  3.03094e-01
  596  7.86133e-02  4.26289e-01  9.27532e-01  0.00000e+00  0.00000e+00  3.03098e-01
  597  7.95898e-02  4.26325e-01  9.27447e-01  0.00000e+00  0.00000e+00  3.03134e-01
  598  8.05664e-02  4.26354e-01  9.27378e-01  0.00000e+00  0.00000e+00  3.03163e-01
  599  8.15430e-02  4.26357e-01  9.27372e-01  0.00000e+00  0.00000e+00  3.03166e-01
  600  8.25195e-02  4.26344e-01  9.27402e-01  0.00000e+00  0.00000e+00  3.03153e-01
  601  8.34961e-02  4.26300e-01  9.27507e-01  0.00000e+00  0.00000e+00  3.03108e-01
  602  8.44727e-02  4.26286e-01  9.27540e-01  0.00000e+00  0.00000e+00  3.03094e-01
  603  8.54492e-02  4.26287e-01  9.27537e-01  0.00000e+00  0.00000e+00  3.03096e-01
  604  8.64258e-02  4.26320e-01  9.27460e-01  0.00000e+00  0.00000e+00  3.03128e-01
  605  8.74023e-02  4.26354e-01  9.27380e-01  0.00000e+00  0.00000e+00  3.03162e-01
  606  8.83789e-02  4.26357e-01  9.27373e-01  0.00000e+00  0.00000e+00  3.03165e-01
  607  8.93555e-02  4.26342e-01  9.27408e-01  0.00000e+00  0.00000e+00  3.03151e-01
  608  9.03320e-02  4.26292e-01  9.27526e-01  0.00000e+00  0.00000e+00  3.03100e-01
  609  9.13086e-02  4.26278e-01  9.27558e-01  0.00000e+00  0.00000e+00  3.03087e-01
  610  9.22852e-02  4.26281e-01  9.27552e-01  0.00000e+00  0.00000e+00  3.03089e-01
  611  9.32617e-02  4.26319e-01  9.27463e-01  0.00000e+00  0.00000e+00  3.03127e-01
  612  9.42383e-02  4.26351e-01  9.27388e-01  0.00000e+00  0.00000e+00  3.03159e-01
  613  9.52148e-02  4.26353e-01  9.27382e-01  0.00000e+00  0.00000e+00  3.03161e-01
  614  9.61914e-02  4.26335e-01  9.27425e-01  0.00000e+00  0.00000e+00  3.03143e-01
  615  9.71680e-02  4.26289e-01  9.27532e-01  0.00000e+00  0.00000e+00  3.03098e-01
  616  9.81445e-02  4.26280e-01  9.27554e-01  0.00000e+00  0.00000e+00  3.03089e-01
  617  9.91211e-02  4.26285e-01  9.27543e-01  0.00000e+00  0.00000e+00  3.03093e-01
  618  1.00098e-01  4.26326e-01  9.27447e-01  0.00000e+00  0.00000e+00  3.03134e-01
  619  1.01074e-01  4.26356e-01  9.27376e-01  0.00000e+00  0.00000e+00  3.03164e-01
  620  1.02051e-01  4.26359e-01  9.27371e-01  0.00000e+00  0.00000e+00  3.03166e-01
  621  1.03027e-01  4.26344e-01  9.27405e-01  0.00000e+00  0.00000e+00  3.03152e-01
  622  1.04004e-01  4.26298e-01  9.27512e-01  0.00000e+00  0.00000e+00  3.03106e-01
  623  1.04980e-01  4.26286e-01  9.27542e-01  0.00000e+00  0.00000e+00  3.03094e-01
  624  1.05957e-01  4.26287e-01  9.27539e-01  0.00000e+00  0.00000e+00  3.03095e-01
  625  1.06934e-01  4.26316e-01  9.27470e-01  0.00000e+00  0.00000e+00  3.03124e-01
  626  1.07910e-01  4.26356e-01  9.27377e-01  0.00000e+00  0.00000e+00  3.03164e-01
  627  1.08887e-01  4.26362e-01  9.27364e-01  0.00000e+00  0.00000e+00  3.03169e-01
  628  1.09863e-01  4.26355e-01  9.27380e-01  0.00000e+00  0.00000e+00  3.03162e-01
  629  1.10840e-01  4.26312e-01  9.27482e-01  0.00000e+00  0.00000e+00  3.03119e-01
  630  1.11816e-01  4.26287e-01  9.27540e-01  0.00000e+00  0.00000e+00  3.03094e-01
  631  1.12793e-01  4.26286e-01  9.27543e-01  0.00000e+00  0.00000e+00  3.03093e-01
  632  1.13770e-01  4.26310e-01  9.27487e-01  0.00000e+00  0.00000e+00  3.03117e-01
  633  1.14746e-01  4.26354e-01  9.27383e-01  0.00000e+00  0.00000e+00  3.03161e-01
  634  1.15723e-01  4.26362e-01  9.27366e-01  0.00000e+00  0.00000e+00  3.03168e-01
  635  1.16699e-01  4.26353e-01  9.27385e-01  0.00000e+00  0.00000e+00  3.03160e-01
  636  1.17676e-01  4.26304e-01  9.27502e-01  0.00000e+00  0.00000e+00  3.03111e-01
  637  1.18652e-01  4.26278e-01  9.27561e-01  0.00000e+00  0.00000e+00  3.03086e-01
  638  1.19629e-01  4.26278e-01  9.27562e-01  0.00000e+00  0.00000e+00  3.03085e-01
  639  1.20605e-01  4.26308e-01  9.27493e-01  0.00000e+00  0.00000e+00  3.03115e-01
  640  1.21582e-01  4.26353e-01  9.27388e-01  0.00000e+00  0.00000e+00  3.03159e-01
  641  1.22559e-01  4.26359e-01  9.27374e-01  0.00000e+00  0.00000e+00  3.03165e-01
  642  1.23535e-01  4.26349e-01  9.27396e-01  0.00000e+00  0.00000e+00  3.03156e-01
  643  1.24512e-01  4.26301e-01  9.27509e-01  0.00000e+00  0.00000e+00  3.03108e-01
  644  1.25488e-01  4.26282e-01  9.27553e-01  0.00000e+00  0.00000e+00  3.03089e-01
  645  1.26465e-01  4.26283e-01  9.27552e-01  0.00000e+00  0.00000e+00  3.03089e-01
  646  1.27441e-01  4.26313e-01  9.27482e-01  0.00000e+00  0.00000e+00  3.03119e-01
  647  1.28418e-01  4.26358e-01  9.27378e-01  0.00000e+00  0.00000e+00  3.03164e-01
  648  1.29395e-01  4.26365e-01  9.27363e-01  0.00000e+00  0.00000e+00  3.03170e-01
  649  1.30371e-01  4.26359e-01  9.27377e-01  0.00000e+00  0.00000e+00  3.03164e-01
  650  1.31348e-01  4.26317e-01  9.27476e-01  0.00000e+00  0.00000e+00  3.03122e-01
  651  1.32324e-01  4.26288e-01  9.27542e-01  0.00000e+00  0.00000e+00  3.03094e-01
  652  1.33301e-01  4.26286e-01  9.27547e-01  0.00000e+00  0.00000e+00  3.03092e-01
  653  1.34277e-01  4.26302e-01  9.27510e-01  0.00000e+00  0.00000e+00  3.03107e-01
  654  1.35254e-01  4.26353e-01  9.27391e-01  0.00000e+00  0.00000e+00  3.03158e-01
  655  1.36230e-01  4.26369e-01  9.27355e-01  0.00000e+00  0.00000e+00  3.03174e-01
  656  1.37207e-01  4.26368e-01  9.27358e-01  0.00000e+00  0.00000e+00  3.03172e-01
  657  1.38184e-01  4.26333e-01  9.27440e-01  0.00000e+00  0.00000e+00  3.03137e-01
  658  1.39160e-01  4.26290e-01  9.27542e-01  0.00000e+00  0.00000e+00  3.03094e-01
  659  1.40137e-01  4.26284e-01  9.27555e-01  0.00000e+00  0.00000e+00  3.03089e-01
  660  1.41113e-01  4.26296e-01  9.27526e-01  0.00000e+00  0.00000e+00  3.03101e-01
  661  1.42090e-01  4.26348e-01  9.27405e-01  0.00000e+00  0.00000e+00  3.03152e-01
  662  1.43066e-01  4.26366e-01  9.27365e-01  0.00000e+00  0.00000e+00  3.03169e-01
  663  1.44043e-01  4.26364e-01  9.27370e-01  0.00000e+00  0.00000e+00  3.03167e-01
  664  1.45020e-01  4.26326e-01  9.27463e-01  0.00000e+00  0.00000e+00  3.03128e-01
  665  1.45996e-01  4.26287e-01  9.27558e-01  0.00000e+00  0.00000e+00  3.03087e-01
  666  1.46973e-01  4.26281e-01  9.27567e-01  0.00000e+00  0.00000e+00  3.03083e-01
  667  1.47949e-01  4.26296e-01  9.27530e-01  0.00000e+00  0.00000e+00  3.03099e-01
  668  1.48926e-01  4.26350e-01  9.27402e-01  0.00000e+00  0.00000e+00  3.03154e-01
  669  1.49902e-01  4.26363e-01  9.27368e-01  0.00000e+00  0.00000e+00  3.03168e-01
  670  1.50879e-01  4.26361e-01  9.27373e-01  0.00000e+00  0.00000e+00  3.03166e-01
  671  1.51855e-01  4.26326e-01  9.27461e-01  0.00000e+00  0.00000e+00  3.03129e-01
  672  1.52832e-01  4.26294e-01  9.27544e-01  0.00000e+00  0.00000e+00  3.03093e-01
  673  1.53809e-01  4.26295e-01  9.27552e-01  0.00000e+00  0.00000e+00  3.03090e-01
  674  1.54785e-01  4.26308e-01  9.27522e-01  0.00000e+00  0.00000e+00  3.03102e-01
  675  1.55762e-01  4.26359e-01  9.27406e-01  0.00000e+00  0.00000e+00  3.03152e-01
  676  1.56738e-01  4.26375e-01  9.27361e-01  0.00000e+00  0.00000e+00  3.03171e-01
  677  1.57715e-01  4.26372e-01  9.27360e-01  0.00000e+00  0.00000e+00  3.03172e-01
  678  1.58691e-01  4.26345e-01  9.27415e-01  0.00000e+00  0.00000e+00  3.03148e-01
  679  1.59668e-01  4.26290e-01  9.27528e-01  0.00000e+00  0.00000e+00  3.03100e-01
  680  1.60645e-01  4.26287e-01  9.27550e-01  0.00000e+00  0.00000e+00  3.03091e-01
  681  1.61621e-01  4.26294e-01  9.27540e-01  0.00000e+00  0.00000e+00  3.03095e-01
  682  1.62598e-01  4.26344e-01  9.27435e-01  0.00000e+00  0.00000e+00  3.03140e-01
  683  1.63574e-01  4.26389e-01  9.27351e-01  0.00000e+00  0.00000e+00  3.03175e-01
  684  1.64551e-01  4.26394e-01  9.27345e-01  0.00000e+00  0.00000e+00  3.03178e-01
  685  1.65527e-01  4.26374e-01  9.27393e-01  0.00000e+00  0.00000e+00  3.03158e-01
  686  1.66504e-01  4.26313e-01  9.27534e-01  0.00000e+00  0.00000e+00  3.03098e-01
  687  1.67480e-01  4.26288e-01  9.27569e-01  0.00000e+00  0.00000e+00  3.03083e-01
  688  1.68457e-01  4.26288e-01  9.27561e-01  0.00000e+00  0.00000e+00  3.03086e-01
  689  1.69434e-01  4.26332e-01  9.27453e-01  0.00000e+00  0.00000e+00  3.03132e-01
  690  1.70410e-01  4.26364e-01  9.27368e-01  0.00000e+00  0.00000e+00  3.03168e-01
  691  1.71387e-01  4.26376e-01  9.27363e-01  0.00000e+00  0.00000e+00  3.03171e-01
  692  1.72363e-01  4.26359e-01  9.27416e-01  0.00000e+00  0.00000e+00  3.03148e-01
  693  1.73340e-01  4.26317e-01  9.27543e-01  0.00000e+00  0.00000e+00  3.03094e-01
  694  1.74316e-01  4.26313e-01  9.27569e-01  0.00000e+00  0.00000e+00  3.03083e-01
  695  1.75293e-01  4.26318e-01  9.27556e-01  0.00000e+00  0.00000e+00  3.03088e-01
  696  1.76270e-01  4.26366e-01  9.27442e-01  0.00000e+00  0.00000e+00  3.03137e-01
  697  1.77246e-01  4.26395e-01  9.27362e-01  0.00000e+00  0.00000e+00  3.03171e-01
  698  1.78223e-01  4.26394e-01  9.27356e-01  0.00000e+00  0.00000e+00  3.03174e-01
  699  1.79199e-01  4.26376e-01  9.27398e-01  0.00000e+00  0.00000e+00  3.03156e-01
  700  1.80176e-01  4.26322e-01  9.27519e-01  0.00000e+00  0.00000e+00  3.03104e-01
  701  1.81152e-01  4.26317e-01  9.27551e-01  0.00000e+00  0.00000e+00  3.03090e-01
  702  1.82129e-01  4.26321e-01  9.27549e-01  0.00000e+00  0.00000e+00  3.03092e-01
  703  1.83105e-01  4.26357e-01  9.27472e-01  0.00000e+00  0.00000e+00  3.03124e-01
  704  1.84082e-01  4.26407e-01  9.27363e-01  0.00000e+00  0.00000e+00  3.03171e-01
  705  1.85059e-01  4.26421e-01  9.27347e-01  0.00000e+00  0.00000e+00  3.03178e-01
  706  1.86035e-01  4.26419e-01  9.27363e-01  0.00000e+00  0.00000e+00  3.03171e-01
  707  1.87012e-01  4.26379e-01  9.27478e-01  0.00000e+00  0.00000e+00  3.03122e-01
  708  1.87988e-01  4.26367e-01  9.27553e-01  0.00000e+00  0.00000e+00  3.03090e-01
  709  1.88965e-01  4.26376e-01  9.27558e-01  0.00000e+00  0.00000e+00  3.03088e-01
  710  1.89941e-01  4.26424e-01  9.27500e-01  0.00000e+00  0.00000e+00  3.03113e-01
  711  1.90918e-01  4.26501e-01  9.27374e-01  0.00000e+00  0.00000e+00  3.03166e-01
  712  1.91895e-01  4.26536e-01  9.27350e-01  0.00000e+00  0.00000e+00  3.03176e-01
  713  1.92871e-01  4.26570e-01  9.27367e-01  0.00000e+00  0.00000e+00  3.03169e-01
  714  1.93848e-01  4.26541e-01  9.27495e-01  0.00000e+00  0.00000e+00  3.03115e-01
  715  1.94824e-01  4.26534e-01  9.27575e-01  0.00000e+00  0.00000e+00  3.03081e-01
  716  1.95801e-01  4.26535e-01  9.27579e-01  0.00000e+00  0.00000e+00  3.03079e-01
  717  1.96777e-01  4.26568e-01  9.27508e-01  0.00000e+00  0.00000e+00  3.03110e-01
  718  1.97754e-01  4.26614e-01  9.27378e-01  0.00000e+00  0.00000e+00  3.03165e-01
  719  1.98730e-01  4.26598e-01  9.27356e-01  0.00000e+00  0.00000e+00  3.03174e-01
  720  1.99707e-01  4.26485e-01  9.27376e-01  0.00000e+00  0.00000e+00  3.03166e-01
  721  2.00684e-01  4.25557e-01  9.27494e-01  0.00000e+00  0.00000e+00  3.03116e-01
  722  2.01660e-01  4.18857e-01  9.27561e-01  0.00000e+00  0.00000e+00  3.03087e-01
  723  2.02637e-01  3.97746e-01  9.27564e-01  0.00000e+00  0.00000e+00  3.03086e-01
  724  2.03613e-01  3.61942e-01  9.27517e-01  0.00000e+00  0.00000e+00  3.03106e-01
  725  2.04590e-01  3.21267e-01  9.27388e-01  0.00000e+00  0.00000e+00  3.03154e-01
  726  2.05566e-01  2.88676e-01  9.27338e-01  0.00000e+00  0.00000e+00  3.03172e-01
  727  2.06543e-01  2.70942e-01  9.27333e-01  0.00000e+00  0.00000e+00  3.03172e-01
  728  2.07520e-01  2.65315e-01  9.27349e-01  0.00000e+00  0.00000e+00  3.03167e-01
  729  2.08496e-01  2.64461e-01  9.27442e-01  0.00000e+00  0.00000e+00  3.03135e-01
  730  2.09473e-01  2.64376e-01  9.27552e-01  0.00000e+00  0.00000e+00  3.03099e-01
  731  2.10449e-01  2.64383e-01  9.27575e-01  0.00000e+00  0.00000e+00  3.03092e-01
  732  2.11426e-01  2.64457e-01  9.27575e-01  0.00000e+00  0.00000e+00  3.03092e-01
  733  2.12402e-01  2.64745e-01  9.27532e-01  0.00000e+00  0.00000e+00  3.03106e-01
  734  2.13379e-01  2.65148e-01  9.27401e-01  0.00000e+00  0.00000e+00  3.03150e-01
  735  2.14355e-01  2.65416e-01  9.27322e-01  0.00000e+00  0.00000e+00  3.03176e-01
  736  2.15332e-01  2.65517e-01  9.27314e-01  0.00000e+00  0.00000e+00  3.03178e-01
  737  2.16309e-01  2.65552e-01  9.27326e-01  0.00000e+00  0.00000e+00  3.03174e-01
  738  2.17285e-01  2.65540e-01  9.27425e-01  0.00000e+00  0.00000e+00  3.03141e-01
  739  2.18262e-01  2.65517e-01  9.27567e-01  0.00000e+00  0.00000e+00  3.03094e-01
  740  2.19238e-01  2.65512e-01  9.27602e-01  0.00000e+00  0.00000e+00  3.03083e-01
  741  2.20215e-01  2.65509e-01  9.27602e-01  0.00000e+00  0.00000e+00  3.03084e-01
  742  2.21191e-01  2.65518e-01  9.27548e-01  0.00000e+00  0.00000e+00  3.03102e-01
  743  2.22168e-01  2.65537e-01  9.27404e-01  0.00000e+00  0.00000e+00  3.03150e-01
  744  2.23145e-01  2.65542e-01  9.27337e-01  0.00000e+00  0.00000e+00  3.03172e-01
  745  2.24121e-01  2.65539e-01  9.27332e-01  0.00000e+00  0.00000e+00  3.03173e-01
  746  2.25098e-01  2.65534e-01  9.27355e-01  0.00000e+00  0.00000e+00  3.03165e-01
  747  2.26074e-01  2.65514e-01  9.27477e-01  0.00000e+00  0.00000e+00  3.03125e-01
  748  2.27051e-01  2.65496e-01  9.27589e-01  0.00000e+00  0.00000e+00  3.03088e-01
  749  2.28027e-01  2.65504e-01  9.27605e-01  0.00000e+00  0.00000e+00  3.03083e-01
  750  2.29004e-01  2.65512e-01  9.27600e-01  0.00000e+00  0.00000e+00  3.03085e-01
  751  2.29980e-01  2.65532e-01  9.27525e-01  0.00000e+00  0.00000e+00  3.03111e-01
  752  2.30957e-01  2.65565e-01  9.27379e-01  0.00000e+00  0.00000e+00  3.03159e-01
  753  2.31934e-01  2.65577e-01  9.27329e-01  0.00000e+00  0.00000e+00  3.03175e-01
  754  2.32910e-01  2.65585e-01  9.27325e-01  0.00000e+00  0.00000e+00  3.03176e-01
  755  2.33887e-01  2.65586e-01  9.27346e-01  0.00000e+00  0.00000e+00  3.03168e-01
  756  2.34863e-01  2.65570e-01  9.27456e-01  0.00000e+00  0.00000e+00  3.03132e-01
  757  2.35840e-01  2.65548e-01  9.27564e-01  0.00000e+00  0.00000e+00  3.03096e-01
  758  2.36816e-01  2.65545e-01  9.27583e-01  0.00000e+00  0.00000e+00  3.03091e-01
  759  2.37793e-01  2.65536e-01  9.27583e-01  0.00000e+00  0.00000e+00  3.03091e-01
  760  2.38770e-01  2.65537e-01  9.27540e-01  0.00000e+00  0.00000e+00  3.03105e-01
  761  2.39746e-01  2.65553e-01  9.27409e-01  0.00000e+00  0.00000e+00  3.03148e-01
  762  2.40723e-01  2.65569e-01  9.27321e-01  0.00000e+00  0.00000e+00  3.03177e-01
  763  2.41699e-01  2.65570e-01  9.27310e-01  0.00000e+00  0.00000e+00  3.03180e-01
  764  2.42676e-01  2.65575e-01  9.27316e-01  0.00000e+00  0.00000e+00  3.03177e-01
  765  2.43652e-01  2.65562e-01  9.27396e-01  0.00000e+00  0.00000e+00  3.03151e-01
  766  2.44629e-01  2.65535e-01  9.27545e-01  0.00000e+00  0.00000e+00  3.03102e-01
  767  2.45605e-01  2.65531e-01  9.27598e-01  0.00000e+00  0.00000e+00  3.03085e-01
  768  2.46582e-01  2.65535e-01  9.27601e-01  0.00000e+00  0.00000e+00  3.03084e-01
  769  2.47559e-01  2.65550e-01  9.27563e-01  0.00000e+00  0.00000e+00  3.03097e-01
  770  2.48535e-01  2.65587e-01  9.27417e-01  0.00000e+00  0.00000e+00  3.03145e-01
  771  2.49512e-01  2.65614e-01  9.27319e-01  0.00000e+00  0.00000e+00  3.03177e-01
  772  2.50488e-01  2.65613e-01  9.27309e-01  0.00000e+00  0.00000e+00  3.03180e-01
  773  2.51465e-01  2.65605e-01  9.27322e-01  0.00000e+00  0.00000e+00  3.03176e-01
  774  2.52441e-01  2.65572e-01  9.27434e-01  0.00000e+00  0.00000e+00  3.03140e-01
  775  2.53418e-01  2.65533e-01  9.27593e-01  0.00000e+00  0.00000e+00  3.03088e-01
  776  2.54395e-01  2.65517e-01  9.27629e-01  0.00000e+00  0.00000e+00  3.03077e-01
  777  2.55371e-01  2.65515e-01  9.27628e-01  0.00000e+00  0.00000e+00  3.03077e-01
  778  2.56348e-01  2.65529e-01  9.27564e-01  0.00000e+00  0.00000e+00  3.03098e-01
  779  2.57324e-01  2.65568e-01  9.27396e-01  0.00000e+00  0.00000e+00  3.03153e-01
  780  2.58301e-01  2.65587e-01  9.27321e-01  0.00000e+00  0.00000e+00  3.03177e-01
  781  2.59277e-01  2.65590e-01  9.27315e-01  0.00000e+00  0.00000e+00  3.03179e-01
  782  2.60254e-01  2.65591e-01  9.27337e-01  0.00000e+00  0.00000e+00  3.03172e-01
  783  2.61230e-01  2.65574e-01  9.27459e-01  0.00000e+00  0.00000e+00  3.03133e-01
  784  2.62207e-01  2.65556e-01  9.27581e-01  0.00000e+00  0.00000e+00  3.03093e-01
  785  2.63184e-01  2.65557e-01  9.27601e-01  0.00000e+00  0.00000e+00  3.03086e-01
  786  2.64160e-01  2.65557e-01  9.27599e-01  0.00000e+00  0.00000e+00  3.03087e-01
  787  2.65137e-01  2.65566e-01  9.27544e-01  0.00000e+00  0.00000e+00  3.03104e-01
  788  2.66113e-01  2.65586e-01  9.27402e-01  0.00000e+00  0.00000e+00  3.03151e-01
  789  2.67090e-01  2.65591e-01  9.27321e-01  0.00000e+00  0.00000e+00  3.03177e-01
  790  2.68066e-01  2.65585e-01  9.27313e-01  0.00000e+00  0.00000e+00  3.03180e-01
  791  2.69043e-01  2.65582e-01  9.27319e-01  0.00000e+00  0.00000e+00  3.03178e-01
  792  2.70020e-01  2.65568e-01  9.27391e-01  0.00000e+00  0.00000e+00  3.03155e-01
  793  2.70996e-01  2.65542e-01  9.27539e-01  0.00000e+00  0.00000e+00  3.03106e-01
  794  2.71973e-01  2.65534e-01  9.27606e-01  0.00000e+00  0.00000e+00  3.03085e-01
  795  2.72949e-01  2.65538e-01  9.27610e-01  0.00000e+00  0.00000e+00  3.03083e-01
  796  2.73926e-01  2.65548e-01  9.27582e-01  0.00000e+00  0.00000e+00  3.03091e-01
  797  2.74902e-01  2.65582e-01  9.27440e-01  0.00000e+00  0.00000e+00  3.03137e-01
  798  2.75879e-01  2.65615e-01  9.27303e-01  0.00000e+00  0.00000e+00  3.03182e-01
  799  2.76855e-01  2.65620e-01  9.27283e-01  0.00000e+00  0.00000e+00  3.03189e-01
  800  2.77832e-01  2.65619e-01  9.27289e-01  0.00000e+00  0.00000e+00  3.03188e-01
  801  2.78809e-01  2.65599e-01  9.27378e-01  0.00000e+00  0.00000e+00  3.03160e-01
  802  2.79785e-01  2.65553e-01  9.27568e-01  0.00000e+00  0.00000e+00  3.03098e-01
  803  2.80762e-01  2.65520e-01  9.27647e-01  0.00000e+00  0.00000e+00  3.03071e-01
  804  2.81738e-01  2.65512e-01  9.27651e-01  0.00000e+00  0.00000e+00  3.03069e-01
  805  2.82715e-01  2.65521e-01  9.27606e-01  0.00000e+00  0.00000e+00  3.03083e-01
  806  2.83691e-01  2.65561e-01  9.27429e-01  0.00000e+00  0.00000e+00  3.03141e-01
  807  2.84668e-01  2.65591e-01  9.27309e-01  0.00000e+00  0.00000e+00  3.03180e-01
  808  2.85645e-01  2.65604e-01  9.27299e-01  0.00000e+00  0.00000e+00  3.03185e-01
  809  2.86621e-01  2.65615e-01  9.27315e-01  0.00000e+00  0.00000e+00  3.03181e-01
  810  2.87598e-01  2.65596e-01  9.27436e-01  0.00000e+00  0.00000e+00  3.03143e-01
  811  2.88574e-01  2.65562e-01  9.27601e-01  0.00000e+00  0.00000e+00  3.03089e-01
  812  2.89551e-01  2.65552e-01  9.27638e-01  0.00000e+00  0.00000e+00  3.03076e-01
  813  2.90527e-01  2.65540e-01  9.27635e-01  0.00000e+00  0.00000e+00  3.03076e-01
  814  2.91504e-01  2.65547e-01  9.27573e-01  0.00000e+00  0.00000e+00  3.03094e-01
  815  2.92480e-01  2.65575e-01  9.27401e-01  0.00000e+00  0.00000e+00  3.03150e-01
  816  2.93457e-01  2.65591e-01  9.27306e-01  0.00000e+00  0.00000e+00  3.03181e-01
  817  2.94434e-01  2.65594e-01  9.27299e-01  0.00000e+00  0.00000e+00  3.03185e-01
  818  2.95410e-01  2.65595e-01  9.27311e-01  0.00000e+00  0.00000e+00  3.03184e-01
  819  2.96387e-01  2.65580e-01  9.27397e-01  0.00000e+00  0.00000e+00  3.03157e-01
  820  2.97363e-01  2.65549e-01  9.27548e-01  0.00000e+00  0.00000e+00  3.03108e-01
  821  2.98340e-01  2.65537e-01  9.27614e-01  0.00000e+00  0.00000e+00  3.03086e-01
  822  2.99316e-01  2.65541e-01  9.27616e-01  0.00000e+00  0.00000e+00  3.03082e-01
  823  3.00293e-01  2.65551e-01  9.27595e-01  0.00000e+00  0.00000e+00  3.03087e-01
  824  3.01270e-01  2.65584e-01  9.27475e-01  0.00000e+00  0.00000e+00  3.03125e-01
  825  3.02246e-01  2.65622e-01  9.27312e-01  0.00000e+00  0.00000e+00  3.03179e-01
  826  3.03223e-01  2.65623e-01  9.27274e-01  0.00000e+00  0.00000e+00  3.03193e-01
  827  3.04199e-01  2.65618e-01  9.27279e-01  0.00000e+00  0.00000e+00  3.03194e-01
  828  3.05176e-01  2.65599e-01  9.27335e-01  0.00000e+00  0.00000e+00  3.03178e-01
  829  3.06152e-01  2.65550e-01  9.27520e-01  0.00000e+00  0.00000e+00  3.03117e-01
  830  3.07129e-01  2.65512e-01  9.27652e-01  0.00000e+00  0.00000e+00  3.03072e-01
  831  3.08105e-01  2.65514e-01  9.27661e-01  0.00000e+00  0.00000e+00  3.03066e-01
  832  3.09082e-01  2.65527e-01  9.27633e-01  0.00000e+00  0.00000e+00  3.03073e-01
  833  3.10059e-01  2.65571e-01  9.27468e-01  0.00000e+00  0.00000e+00  3.03127e-01
  834  3.11035e-01  2.65613e-01  9.27299e-01  0.00000e+00  0.00000e+00  3.03182e-01
  835  3.12012e-01  2.65623e-01  9.27279e-01  0.00000e+00  0.00000e+00  3.03193e-01
  836  3.12988e-01  2.65623e-01  9.27289e-01  0.00000e+00  0.00000e+00  3.03193e-01
  837  3.13965e-01  2.65604e-01  9.27385e-01  0.00000e+00  0.00000e+00  3.03164e-01
  838  3.14941e-01  2.65557e-01  9.27587e-01  0.00000e+00  0.00000e+00  3.03096e-01
  839  3.15918e-01  2.65535e-01  9.27668e-01  0.00000e+00  0.00000e+00  3.03067e-01
  840  3.16895e-01  2.65525e-01  9.27667e-01  0.00000e+00  0.00000e+00  3.03064e-01
  841  3.17871e-01  2.65532e-01  9.27619e-01  0.00000e+00  0.00000e+00  3.03078e-01
  842  3.18848e-01  2.65567e-01  9.27432e-01  0.00000e+00  0.00000e+00  3.03140e-01
  843  3.19824e-01  2.65596e-01  9.27298e-01  0.00000e+00  0.00000e+00  3.03185e-01
  844  3.20801e-01  2.65602e-01  9.27290e-01  0.00000e+00  0.00000e+00  3.03193e-01
  845  3.21777e-01  2.65605e-01  9.27306e-01  0.00000e+00  0.00000e+00  3.03191e-01
  846  3.22754e-01  2.65588e-01  9.27405e-01  0.00000e+00  0.00000e+00  3.03159e-01
  847  3.23730e-01  2.65559e-01  9.27558e-01  0.00000e+00  0.00000e+00  3.03108e-01
  848  3.24707e-01  2.65552e-01  9.27618e-01  0.00000e+00  0.00000e+00  3.03085e-01
  849  3.25684e-01  2.65555e-01  9.27617e-01  0.00000e+00  0.00000e+00  3.03080e-01
  850  3.26660e-01  2.65559e-01  9.27599e-01  0.00000e+00  0.00000e+00  3.03084e-01
  851  3.27637e-01  2.65580e-01  9.27488e-01  0.00000e+00  0.00000e+00  3.03121e-01
  852  3.28613e-01  2.65610e-01  9.27326e-01  0.00000e+00  0.00000e+00  3.03177e-01
  853  3.29590e-01  2.65603e-01  9.27290e-01  0.00000e+00  0.00000e+00  3.03194e-01
  854  3.30566e-01  2.65598e-01  9.27294e-01  0.00000e+00  0.00000e+00  3.03196e-01
  855  3.31543e-01  2.65591e-01  9.27321e-01  0.00000e+00  0.00000e+00  3.03188e-01
  856  3.32520e-01  2.65562e-01  9.27466e-01  0.00000e+00  0.00000e+00  3.03139e-01
  857  3.33496e-01  2.65525e-01  9.27642e-01  0.00000e+00  0.00000e+00  3.03076e-01
  858  3.34473e-01  2.65531e-01  9.27666e-01  0.00000e+00  0.00000e+00  3.03063e-01
  859  3.35449e-01  2.65540e-01  9.27646e-01  0.00000e+00  0.00000e+00  3.03068e-01
  860  3.36426e-01  2.65575e-01  9.27501e-01  0.00000e+00  0.00000e+00  3.03117e-01
  861  3.37402e-01  2.65619e-01  9.27328e-01  0.00000e+00  0.00000e+00  3.03178e-01
  862  3.38379e-01  2.65632e-01  9.27276e-01  0.00000e+00  0.00000e+00  3.03201e-01
  863  3.39355e-01  2.65629e-01  9.27274e-01  0.00000e+00  0.00000e+00  3.03204e-01
  864  3.40332e-01  2.65612e-01  9.27314e-01  0.00000e+00  0.00000e+00  3.03191e-01
  865  3.41309e-01  2.65553e-01  9.27538e-01  0.00000e+00  0.00000e+00  3.03114e-01
  866  3.42285e-01  2.65509e-01  9.27694e-01  0.00000e+00  0.00000e+00  3.03057e-01
  867  3.43262e-01  2.65509e-01  9.27700e-01  0.00000e+00  0.00000e+00  3.03050e-01
  868  3.44238e-01  2.65521e-01  9.27663e-01  0.00000e+00  0.00000e+00  3.03061e-01
  869  3.45215e-01  2.65565e-01  9.27483e-01  0.00000e+00  0.00000e+00  3.03123e-01
  870  3.46191e-01  2.65610e-01  9.27303e-01  0.00000e+00  0.00000e+00  3.03187e-01
  871  3.47168e-01  2.65623e-01  9.27276e-01  0.00000e+00  0.00000e+00  3.03203e-01
  872  3.48145e-01  2.65623e-01  9.27286e-01  0.00000e+00  0.00000e+00  3.03202e-01
  873  3.49121e-01  2.65601e-01  9.27395e-01  0.00000e+00  0.00000e+00  3.03167e-01
  874  3.50098e-01  2.65564e-01  9.27560e-01  0.00000e+00  0.00000e+00  3.03109e-01
  875  3.51074e-01  2.65547e-01  9.27629e-01  0.00000e+00  0.00000e+00  3.03081e-01
  876  3.52051e-01  2.65541e-01  9.27645e-01  0.00000e+00  0.00000e+00  3.03073e-01
  877  3.53027e-01  2.65536e-01  9.27636e-01  0.00000e+00  0.00000e+00  3.03074e-01
  878  3.54004e-01  2.65564e-01  9.27489e-01  0.00000e+00  0.00000e+00  3.03125e-01
  879  3.54980e-01  2.65599e-01  9.27322e-01  0.00000e+00  0.00000e+00  3.03183e-01
  880  3.55957e-01  2.65604e-01  9.27309e-01  0.00000e+00  0.00000e+00  3.03194e-01
  881  3.56934e-01  2.65607e-01  9.27313e-01  0.00000e+00  0.00000e+00  3.03195e-01
  882  3.57910e-01  2.65606e-01  9.27328e-01  0.00000e+00  0.00000e+00  3.03190e-01
  883  3.58887e-01  2.65594e-01  9.27406e-01  0.00000e+00  0.00000e+00  3.03163e-01
  884  3.59863e-01  2.65548e-01  9.27631e-01  0.00000e+00  0.00000e+00  3.03083e-01
  885  3.60840e-01  2.65533e-01  9.27707e-01  0.00000e+00  0.00000e+00  3.03053e-01
  886  3.61816e-01  2.65541e-01  9.27670e-01  0.00000e+00  0.00000e+00  3.03064e-01
  887  3.62793e-01  2.65581e-01  9.27479e-01  0.00000e+00  0.00000e+00  3.03128e-01
  888  3.63770e-01  2.65600e-01  9.27397e-01  0.00000e+00  0.00000e+00  3.03160e-01
  889  3.64746e-01  2.65611e-01  9.27333e-01  0.00000e+00  0.00000e+00  3.03187e-01
  890  3.65723e-01  2.65622e-01  9.27218e-01  0.00000e+00  0.00000e+00  3.03229e-01
  891  3.66699e-01  2.65620e-01  9.27214e-01  0.00000e+00  0.00000e+00  3.03230e-01
  892  3.67676e-01  2.65571e-01  9.27444e-01  0.00000e+00  0.00000e+00  3.03151e-01
  893  3.68652e-01  2.65507e-01  9.27752e-01  0.00000e+00  0.00000e+00  3.03044e-01
  894  3.69629e-01  2.65511e-01  9.27789e-01  0.00000e+00  0.00000e+00  3.03028e-01
  895  3.70605e-01  2.65548e-01  9.27634e-01  0.00000e+00  0.00000e+00  3.03079e-01
  896  3.71582e-01  2.65565e-01  9.27556e-01  0.00000e+00  0.00000e+00  3.03106e-01
  897  3.72559e-01  2.65586e-01  9.27461e-01  0.00000e+00  0.00000e+00  3.03140e-01
  898  3.73535e-01  2.65652e-01  9.27171e-01  0.00000e+00  0.00000e+00  3.03241e-01
  899  3.74512e-01  2.65637e-01  9.27267e-01  0.00000e+00  0.00000e+00  3.03210e-01
  900  3.75488e-01  2.65607e-01  9.27372e-01  0.00000e+00  0.00000e+00  3.03175e-01
  901  3.76465e-01  2.65570e-01  9.27449e-01  0.00000e+00  0.00000e+00  3.03148e-01
  902  3.77441e-01  2.65472e-01  9.27885e-01  0.00000e+00  0.00000e+00  3.03001e-01
  903  3.78418e-01  2.65612e-01  9.27254e-01  0.00000e+00  0.00000e+00  3.03212e-01
  904  3.79395e-01  2.65443e-01  9.28114e-01  0.00000e+00  0.00000e+00  3.02923e-01
  905  3.80371e-01  2.65444e-01  9.28001e-01  0.00000e+00  0.00000e+00  3.02961e-01
  906  3.81348e-01  2.65956e-01  9.25598e-01  0.00000e+00  0.00000e+00  3.03774e-01
  907  3.82324e-01  2.65088e-01  9.29995e-01  0.00000e+00  0.00000e+00  3.02334e-01
  908  3.83301e-01  2.66367e-01  9.25050e-01  0.00000e+00  0.00000e+00  3.04316e-01
  909  3.84277e-01  2.65373e-01  9.29130e-01  0.00000e+00  0.00000e+00  3.02798e-01
  910  3.85254e-01  2.57534e-01  8.77319e-01  0.00000e+00  0.00000e+00  2.90534e-01
  911  3.86230e-01  1.61782e-01  3.23039e-01  0.00000e+00  0.00000e+00  1.49453e-01
  912  3.87207e-01  1.25275e-01  2.32949e-03  0.00000e+00  0.00000e+00  1.00308e-01
  913  3.88184e-01  1.25001e-01  5.92917e-06  0.00000e+00  0.00000e+00  1.00001e-01
  914  3.89160e-01  1.25000e-01  1.48348e-08  0.00000e+00  0.00000e+00  1.00000e-01
  915  3.90137e-01  1.25000e-01  3.88572e-11  0.00000e+00  0.00000e+00  1.00000e-01
  916  3.91113e-01  1.25000e-01  9.91198e-14  0.00000e+00  0.00000e+00  1.00000e-01
  917  3.92090e-01  1.25000e-01  2.02369e-16  0.00000e+00  0.00000e+00  1.00000e-01
  918  3.93066e-01  1.25000e-01  0.00000e+00  0.00000e+00  0.00000e+00  1.00000e-01
  919  3.94043e-01  1.25000e-01  0.00000e+00  0.00000e+00  0.00000e+00  1.00000e-01
  920  3.95020e-01  1.25000e-01  0.00000e+00  0.00000e+00  0.00000e+00  1.00000e-01
  921  3.95996e-01  1.25000e-01  0.00000e+00  0.00000e+00  0.00000e+00  1.00000e-01
  922  3.96973e-01  1.25000e-01  0.00000e+00  0.00000e+00  0.00000e+00  1.00000e-01
  923  3.97949e-01  1.25000e-01  0.00000e+00  0.00000e+00  0.00000e+00  1.00000e-01
  924  3.98926e-01  1.25000e-01  0.00000e+00  0.00000e+00  0.00000e+00  1.00000e-01
  925  3.99902e-01  1.25000e-01  0.00000e+00  0.00000e+00  0.00000e+00  1.00000e-01
  926  4.00879e-01  1.25000e-01  0.00000e+00  0.00000e+00  0.00000e+00  1.00000e-01
  927  4.01855e-01  1.25000e-01  0.00000e+00  0.00000e+00  0.00000e+00  1.00000e-01
  928  4.02832e-01  1.25000e-01  0.00000e+00  0.00000e+00  0.00000e+00  1.00000e-01
  929  4.03809e-01  1.25000e-01  0.00000e+00  0.00000e+00  0.00000e+00  1.00000e-01
  930  4.04785e-01  1.25000e-01  0.00000e+00  0.00000e+00  0.00000e+00  1.00000e-01
  931  4.05762e-01  1.25000e-01  0.00000e+00  0.00000e+00  0.00000e+00  1.00000e-01
  932  4.06738e-01  1.25000e-01  0.00000e+00  0.00000e+00  0.00000e+00  1.00000e-01
  933  4.07715e-01  1.25000e-01  0.00000e+00  0.00000e+00  0.00000e+00  1.00000e-01
  934  4.08691e-01  1.25000e-01  0.00000e+00  0.00000e+00  0.00000e+00  1.00000e-01
  935  4.09668e-01  1.25000e-01  0.00000e+00  0.00000e+00  0.00000e+00  1.00000e-01
  936  4.10645e-01  1.25000e-01  0.00000e+00  0.00000e+00  0.00000e+00  1.00000e-01
  937  4.11621e-01  1.25000e-01  0.00000e+00  0.00000e+00  0.00000e+00  1.00000e-01
  938  4.12598e-01  1.25000e-01  0.00000e+00  0.00000e+00  0.00000e+00  1.00000e-01
  939  4.13574e-01  1.25000e-01  0.00000e+00  0.00000e+00  0.00000e+00  1.00000e-01
  940  4.14551e-01  1.25000e-01  0.00000e+00  0.00000e+00  0.00000e+00  1.00000e-01
  941  4.15527e-01  1.25000e-01  0.00000e+00  0.00000e+00  0.00000e+00  1.00000e-01
  942  4.16504e-01  1.25000e-01  0.00000e+00  0.00000e+00  0.00000e+00  1.00000e-01
  943  4.17480e-01  1.25000e-01  0.00000e+00  0.00000e+00  0.00000e+00  1.00000e-01
  944  4.18457e-01  1.25000e-01  0.00000e+00  0.00000e+00  0.00000e+00  1.00000e-01
  945  4.19434e-01  1.25000e-01  0.00000e+00  0.00000e+00  0.00000e+00  1.00000e-01
  946  4.20410e-01  1.25000e-01  0.00000e+00  0.00000e+00  0.00000e+00  1.00000e-01
  947  4.21387e-01  1.25000e-01  0.00000e+00  0.00000e+00  0.00000e+00  1.00000e-01
  948  4.22363e-01  1.25000e-01  0.00000e+00  0.00000e+00  0.00000e+00  1.00000e-01
  949  4.23340e-01  1.25000e-01  0.00000e+00  0.00000e+00  0.00000e+00  1.00000e-01
  950  4.24316e-01  1.25000e-01  0.00000e+00  0.00000e+00  0.00000e+00  1.00000e-01
  951  4.25293e-01  1.25000e-01  0.00000e+00  0.00000e+00  0.00000e+00  1.00000e-01
  952  4.26270e-01  1.25000e-01  0.00000e+00  0.00000e+00  0.00000e+00  1.00000e-01
  953  4.27246e-01  1.25000e-01  0.00000e+00  0.00000e+00  0.00000e+00  1.00000e-01
  954  4.28223e-01  1.25000e-01  0.00000e+00  0.00000e+00  0.00000e+00  1.00000e-01
  955  4.29199e-01  1.25000e-01  0.00000e+00  0.00000e+00  0.00000e+00  1.00000e-01
  956  4.30176e-01  1.25000e-01  0.00000e+00  0.00000e+00  0.00000e+00  1.00000e-01
  957  4.31152e-01  1.25000e-01  0.00000e+00  0.00000e+00  0.00000e+00  1.00000e-01
  958  4.32129e-01  1.25000e-01  0.00000e+00  0.00000e+00  0.00000e+00  1.00000e-01
  959  4.33105e-01  1.25000e-01  0.00000e+00  0.00000e+00  0.00000e+00  1.00000e-01
  960  4.34082e-01  1.25000e-01  0.00000e+00  0.00000e+00  0.00000e+00  1.00000e-01
  961  4.35059e-01  1.25000e-01  0.00000e+00  0.00000e+00  0.00000e+00  1.00000e-01
  962  4.36035e-01  1.25000e-01  0.00000e+00  0.00000e+00  0.00000e+00  1.00000e-01
  963  4.37012e-01  1.25000e-01  0.00000e+00  0.00000e+00  0.00000e+00  1.00000e-01
  964  4.37988e-01  1.25000e-01  0.00000e+00  0.00000e+00  0.00000e+00  1.00000e-01
  965  4.38965e-01  1.25000e-01  0.00000e+00  0.00000e+00  0.00000e+00  1.00000e-01
  966  4.39941e-01  1.25000e-01  0.00000e+00  0.00000e+00  0.00000e+00  1.00000e-01
  967  4.40918e-01  1.25000e-01  0.00000e+00  0.00000e+00  0.00000e+00  1.00000e-01
  968  4.41895e-01  1.25000e-01  0.00000e+00  0.00000e+00  0.00000e+00  1.00000e-01
  969  4.42871e-01  1.25000e-01  0.00000e+00  0.00000e+00  0.00000e+00  1.00000e-01
  970  4.43848e-01  1.25000e-01  0.00000e+00  0.00000e+00  0.00000e+00  1.00000e-01
  971  4.44824e-01  1.25000e-01  0.00000e+00  0.00000e+00  0.00000e+00  1.00000e-01
  972  4.45801e-01  1.25000e-01  0.00000e+00  0.00000e+00  0.00000e+00  1.00000e-01
  973  4.46777e-01  1.25000e-01  0.00000e+00  0.00000e+00  0.00000e+00  1.00000e-01
  974  4.47754e-01  1.25000e-01  0.00000e+00  0.00000e+00  0.00000e+00  1.00000e-01
  975  4.48730e-01  1.25000e-01  0.00000e+00  0.00000e+00  0.00000e+00  1.00000e-01
  976  4.49707e-01  1.25000e-01  0.00000e+00  0.00000e+00  0.00000e+00  1.00000e-01
  977  4.50684e-01  1.25000e-01  0.00000e+00  0.00000e+00  0.00000e+00  1.00000e-01
  978  4.51660e-01  1.25000e-01  0.00000e+00  0.00000e+00  0.00000e+00  1.00000e-01
  979  4.52637e-01  1.25000e-01  0.00000e+00  0.00000e+00  0.00000e+00  1.00000e-01
  980  4.53613e-01  1.25000e-01  0.00000e+00  0.00000e+00  0.00000e+00  1.00000e-01
  981  4.54590e-01  1.25000e-01  0.00000e+00  0.00000e+00  0.00000e+00  1.00000e-01
  982  4.55566e-01  1.25000e-01  0.00000e+00  0.00000e+00  0.00000e+00  1.00000e-01
  983  4.56543e-01  1.25000e-01  0.00000e+00  0.00000e+00  0.00000e+00  1.00000e-01
  984  4.57520e-01  1.25000e-01  0.00000e+00  0.00000e+00  0.00000e+00  1.00000e-01
  985  4.58496e-01  1.25000e-01  0.00000e+00  0.00000e+00  0.00000e+00  1.00000e-01
  986  4.59473e-01  1.25000e-01  0.00000e+00  0.00000e+00  0.00000e+00  1.00000e-01
  987  4.60449e-01  1.25000e-01  0.00000e+00  0.00000e+00  0.00000e+00  1.00000e-01
  988  4.61426e-01  1.25000e-01  0.00000e+00  0.00000e+00  0.00000e+00  1.00000e-01
  989  4.62402e-01  1.25000e-01  0.00000e+00  0.00000e+00  0.00000e+00  1.00000e-01
  990  4.63379e-01  1.25000e-01  0.00000e+00  0.00000e+00  0.00000e+00  1.00000e-01
  991  4.64355e-01  1.25000e-01  0.00000e+00  0.00000e+00  0.00000e+00  1.00000e-01
  992  4.65332e-01  1.25000e-01  0.00000e+00  0.00000e+00  0.00000e+00  1.00000e-01
  993  4.66309e-01  1.25000e-01  0.00000e+00  0.00000e+00  0.00000e+00  1.00000e-01
  994  4.67285e-01  1.25000e-01  0.00000e+00  0.00000e+00  0.00000e+00  1.00000e-01
  995  4.68262e-01  1.25000e-01  0.00000e+00  0.00000e+00  0.00000e+00  1.00000e-01
  996  4.69238e-01  1.25000e-01  0.00000e+00  0.00000e+00  0.00000e+00  1.00000e-01
  997  4.70215e-01  1.25000e-01  0.00000e+00  0.00000e+00  0.00000e+00  1.00000e-01
  998  4.71191e-01  1.25000e-01  0.00000e+00  0.00000e+00  0.00000e+00  1.00000e-01
  999  4.72168e-01  1.25000e-01  0.00000e+00  0.00000e+00  0.00000e+00  1.00000e-01
 1000  4.73145e-01  1.25000e-01  0.00000e+00  0.00000e+00  0.00000e+00  1.00000e-01
 1001  4.74121e-01  1.25000e-01  0.00000e+00  0.00000e+00  0.00000e+00  1.00000e-01
 1002  4.75098e-01  1.25000e-01  0.00000e+00  0.00000e+00  0.00000e+00  1.00000e-01
 1003  4.76074e-01  1.25000e-01  0.00000e+00  0.00000e+00  0.00000e+00  1.00000e-01
 1004  4.77051e-01  1.25000e-01  0.00000e+00  0.00000e+00  0.00000e+00  1.00000e-01
 1005  4.78027e-01  1.25000e-01  0.00000e+00  0.00000e+00  0.00000e+00  1.00000e-01
 1006  4.79004e-01  1.25000e-01  0.00000e+00  0.00000e+00  0.00000e+00  1.00000e-01
 1007  4.79980e-01  1.25000e-01  0.00000e+00  0.00000e+00  0.00000e+00  1.00000e-01
 1008  4.80957e-01  1.25000e-01  0.00000e+00  0.00000e+00  0.00000e+00  1.00000e-01
 1009  4.81934e-01  1.25000e-01  0.00000e+00  0.00000e+00  0.00000e+00  1.00000e-01
 1010  4.82910e-01  1.25000e-01  0.00000e+00  0.00000e+00  0.00000e+00  1.00000e-01
 1011  4.83887e-01  1.25000e-01  0.00000e+00  0.00000e+00  0.00000e+00  1.00000e-01
 1012  4.84863e-01  1.25000e-01  0.00000e+00  0.00000e+00  0.00000e+00  1.00000e-01
 1013  4.85840e-01  1.25000e-01  0.00000e+00  0.00000e+00  0.00000e+00  1.00000e-01
 1014  4.86816e-01  1.25000e-01  0.00000e+00  0.00000e+00  0.00000e+00  1.00000e-01
 1015  4.87793e-01  1.25000e-01  0.00000e+00  0.00000e+00  0.00000e+00  1.00000e-01
 1016  4.88770e-01  1.25000e-01  0.00000e+00  0.00000e+00  0.00000e+00  1.00000e-01
 1017  4.89746e-01  1.25000e-01  0.00000e+00  0.00000e+00  0.00000e+00  1.00000e-01
 1018  4.90723e-01  1.25000e-01  0.00000e+00  0.00000e+00  0.00000e+00  1.00000e-01
 1019  4.91699e-01  1.25000e-01  0.00000e+00  0.00000e+00  0.00000e+00  1.00000e-01
 1020  4.92676e-01  1.25000e-01  0.00000e+00  0.00000e+00  0.00000e+00  1.00000e-01
 1021  4.93652e-01  1.25000e-01  0.00000e+00  0.00000e+00  0.00000e+00  1.00000e-01
 1022  4.94629e-01  1.25000e-01  0.00000e+00  0.00000e+00  0.00000e+00  1.00000e-01
 1023  4.95605e-01  1.25000e-01  0.00000e+00  0.00000e+00  0.00000e+00  1.00000e-01
 1024  4.96582e-01  1.25000e-01  0.00000e+00  0.00000e+00  0.00000e+00  1.00000e-01
 1025  4.97559e-01  1.25000e-01  0.00000e+00  0.00000e+00  0.00000e+00  1.00000e-01
 1026  4.98535e-01  1.25000e-01  0.00000e+00  0.00000e+00  0.00000e+00  1.00000e-01
 1027  4.99512e-01  1.25000e-01  0.00000e+00  0.00000e+00  0.00000e+00  1.00000e-01
