# Nx1 = 1024
# x1-size = 1
# PRIMITIVE vars at Time = 0.130172, level= 0, domain= 0
# [1]=i-zone [2]=x1 [3]=d [4]=V1 [5]=V2 [6]=V3 [7]=P
    4 -4.99512e-01  1.00000e+00  0.00000e+00  0.00000e+00  0.00000e+00  1.00000e+00
    5 -4.98535e-01  1.00000e+00  0.00000e+00  0.00000e+00  0.00000e+00  1.00000e+00
    6 -4.97559e-01  1.00000e+00  0.00000e+00  0.00000e+00  0.00000e+00  1.00000e+00
    7 -4.96582e-01  1.00000e+00  0.00000e+00  0.00000e+00  0.00000e+00  1.00000e+00
    8 -4.95605e-01  1.00000e+00  0.00000e+00  0.00000e+00  0.00000e+00  1.00000e+00
    9 -4.94629e-01  1.00000e+00  0.00000e+00  0.00000e+00  0.00000e+00  1.00000e+00
   10 -4.93652e-01  1.00000e+00  0.00000e+00  0.00000e+00  0.00000e+00  1.00000e+00
   11 -4.92676e-01  1.00000e+00  0.00000e+00  0.00000e+00  0.00000e+00  1.00000e+00
   12 -4.91699e-01  1.00000e+00  0.00000e+00  0.00000e+00  0.00000e+00  1.00000e+00
   13 -4.90723e-01  1.00000e+00  0.00000e+00  0.00000e+00  0.00000e+00  1.00000e+00
   14 -4.89746e-01  1.00000e+00  0.00000e+00  0.00000e+00  0.00000e+00  1.00000e+00
   15 -4.88770e-01  1.00000e+00  0.00000e+00  0.00000e+00  0.00000e+00  1.00000e+00
   16 -4.87793e-01  1.00000e+00  0.00000e+00  0.00000e+00  0.00000e+00  1.00000e+00
   17 -4.86816e-01  1.00000e+00  0.00000e+00  0.00000e+00  0.00000e+00  1.00000e+00
   18 -4.85840e-01  1.00000e+00  0.00000e+00  0.00000e+00  0.00000e+00  1.00000e+00
   19 -4.84863e-01  1.00000e+00  0.00000e+00  0.00000e+00  0.00000e+00  1.00000e+00
   20 -4.83887e-01  1.00000e+00  0.00000e+00  0.00000e+00  0.00000e+00  1.00000e+00
   21 -4.82910e-01  1.00000e+00  0.00000e+00  0.00000e+00  0.00000e+00  1.00000e+00
   22 -4.81934e-01  1.00000e+00  0.00000e+00  0.00000e+00  0.00000e+00  1.00000e+00
   23 -4.80957e-01  1.00000e+00  0.00000e+00  0.00000e+00  0.00000e+00  1.00000e+00
   24 -4.79980e-01  1.00000e+00  0.00000e+00  0.00000e+00  0.00000e+00  1.00000e+00
   25 -4.79004e-01  1.00000e+00  0.00000e+00  0.00000e+00  0.00000e+00  1.00000e+00
   26 -4.78027e-01  1.00000e+00  0.00000e+00  0.00000e+00  0.00000e+00  1.00000e+00
   27 -4.77051e-01  1.00000e+00  0.00000e+00  0.00000e+00  0.00000e+00  1.00000e+00
   28 -4.76074e-01  1.00000e+00  0.00000e+00  0.00000e+00  0.00000e+00  1.00000e+00
   29 -4.75098e-01  1.00000e+00  0.00000e+00  0.00000e+00  0.00000e+00  1.00000e+00
   30 -4.74121e-01  1.00000e+00  0.00000e+00  0.00000e+00  0.00000e+00  1.00000e+00
   31 -4.73145e-01  1.00000e+00  0.00000e+00  0.00000e+00  0.00000e+00  1.00000e+00
   32 -4.72168e-01  1.00000e+00  0.00000e+00  0.00000e+00  0.00000e+00  1.00000e+00
   33 -4.71191e-01  1.00000e+00  0.00000e+00  0.00000e+00  0.00000e+00  1.00000e+00
   34 -4.70215e-01  1.00000e+00  0.00000e+00  0.00000e+00  0.00000e+00  1.00000e+00
   35 -4.69238e-01  1.00000e+00  0.00000e+00  0.00000e+00  0.00000e+00  1.00000e+00
   36 -4.68262e-01  1.00000e+00  0.00000e+00  0.00000e+00  0.00000e+00  1.00000e+00
   37 -4.67285e-01  1.00000e+00  0.00000e+00  0.00000e+00  0.00000e+00  1.00000e+00
   38 -4.66309e-01  1.00000e+00  0.00000e+00  0.00000e+00  0.00000e+00  1.00000e+00
   39 -4.65332e-01  1.00000e+00  0.00000e+00  0.00000e+00  0.00000e+00  1.00000e+00
   40 -4.64355e-01  1.00000e+00  0.00000e+00  0.00000e+00  0.00000e+00  1.00000e+00
   41 -4.63379e-01  1.00000e+00  0.00000e+00  0.00000e+00  0.00000e+00  1.00000e+00
   42 -4.62402e-01  1.00000e+00  0.00000e+00  0.00000e+00  0.00000e+00  1.00000e+00
   43 -4.61426e-01  1.00000e+00  0.00000e+00  0.00000e+00  0.00000e+00  1.00000e+00
   44 -4.60449e-01  1.00000e+00  0.00000e+00  0.00000e+00  0.00000e+00  1.00000e+00
   45 -4.59473e-01  1.00000e+00  0.00000e+00  0.00000e+00  0.00000e+00  1.00000e+00
   46 -4.58496e-01  1.00000e+00  0.00000e+00  0.00000e+00  0.00000e+00  1.00000e+00
   47 -4.57520e-01  1.00000e+00  0.00000e+00  0.00000e+00  0.00000e+00  1.00000e+00
   48 -4.56543e-01  1.00000e+00  0.00000e+00  0.00000e+00  0.00000e+00  1.00000e+00
   49 -4.55566e-01  1.00000e+00  0.00000e+00  0.00000e+00  0.00000e+00  1.00000e+00
   50 -4.54590e-01  1.00000e+00  0.00000e+00  0.00000e+00  0.00000e+00  1.00000e+00
   51 -4.53613e-01  1.00000e+00  0.00000e+00  0.00000e+00  0.00000e+00  1.00000e+00
   52 -4.52637e-01  1.00000e+00  0.00000e+00  0.00000e+00  0.00000e+00  1.00000e+00
   53 -4.51660e-01  1.00000e+00  0.00000e+00  0.00000e+00  0.00000e+00  1.00000e+00
   54 -4.50684e-01  1.00000e+00  0.00000e+00  0.00000e+00  0.00000e+00  1.00000e+00
   55 -4.49707e-01  1.00000e+00  0.00000e+00  0.00000e+00  0.00000e+00  1.00000e+00
   56 -4.48730e-01  1.00000e+00  0.00000e+00  0.00000e+00  0.00000e+00  1.00000e+00
   57 -4.47754e-01  1.00000e+00  0.00000e+00  0.00000e+00  0.00000e+00  1.00000e+00
   58 -4.46777e-01  1.00000e+00  0.00000e+00  0.00000e+00  0.00000e+00  1.00000e+00
   59 -4.45801e-01  1.00000e+00  0.00000e+00  0.00000e+00  0.00000e+00  1.00000e+00
   60 -4.44824e-01  1.00000e+00  0.00000e+00  0.00000e+00  0.00000e+00  1.00000e+00
   61 -4.43848e-01  1.00000e+00  0.00000e+00  0.00000e+00  0.00000e+00  1.00000e+00
   62 -4.42871e-01  1.00000e+00  0.00000e+00  0.00000e+00  0.00000e+00  1.00000e+00
   63 -4.41895e-01  1.00000e+00  0.00000e+00  0.00000e+00  0.00000e+00  1.00000e+00
   64 -4.40918e-01  1.00000e+00  0.00000e+00  0.00000e+00  0.00000e+00  1.00000e+00
   65 -4.39941e-01  1.00000e+00  0.00000e+00  0.00000e+00  0.00000e+00  1.00000e+00
   66 -4.38965e-01  1.00000e+00  0.00000e+00  0.00000e+00  0.00000e+00  1.00000e+00
   67 -4.37988e-01  1.00000e+00  0.00000e+00  0.00000e+00  0.00000e+00  1.00000e+00
   68 -4.37012e-01  1.00000e+00  0.00000e+00  0.00000e+00  0.00000e+00  1.00000e+00
   69 -4.36035e-01  1.00000e+00  0.00000e+00  0.00000e+00  0.00000e+00  1.00000e+00
   70 -4.35059e-01  1.00000e+00  0.00000e+00  0.00000e+00  0.00000e+00  1.00000e+00
   71 -4.34082e-01  1.00000e+00  0.00000e+00  0.00000e+00  0.00000e+00  1.00000e+00
   72 -4.33105e-01  1.00000e+00  0.00000e+00  0.00000e+00  0.00000e+00  1.00000e+00
   73 -4.32129e-01  1.00000e+00  0.00000e+00  0.00000e+00  0.00000e+00  1.00000e+00
   74 -4.31152e-01  1.00000e+00  0.00000e+00  0.00000e+00  0.00000e+00  1.00000e+00
   75 -4.30176e-01  1.00000e+00  0.00000e+00  0.00000e+00  0.00000e+00  1.00000e+00
   76 -4.29199e-01  1.00000e+00  0.00000e+00  0.00000e+00  0.00000e+00  1.00000e+00
   77 -4.28223e-01  1.00000e+00  0.00000e+00  0.00000e+00  0.00000e+00  1.00000e+00
   78 -4.27246e-01  1.00000e+00  0.00000e+00  0.00000e+00  0.00000e+00  1.00000e+00
   79 -4.26270e-01  1.00000e+00  0.00000e+00  0.00000e+00  0.00000e+00  1.00000e+00
   80 -4.25293e-01  1.00000e+00  0.00000e+00  0.00000e+00  0.00000e+00  1.00000e+00
   81 -4.24316e-01  1.00000e+00  0.00000e+00  0.00000e+00  0.00000e+00  1.00000e+00
   82 -4.23340e-01  1.00000e+00  0.00000e+00  0.00000e+00  0.00000e+00  1.00000e+00
   83 -4.22363e-01  1.00000e+00  0.00000e+00  0.00000e+00  0.00000e+00  1.00000e+00
   84 -4.21387e-01  1.00000e+00  0.00000e+00  0.00000e+00  0.00000e+00  1.00000e+00
   85 -4.20410e-01  1.00000e+00  0.00000e+00  0.00000e+00  0.00000e+00  1.00000e+00
   86 -4.19434e-01  1.00000e+00  0.00000e+00  0.00000e+00  0.00000e+00  1.00000e+00
   87 -4.18457e-01  1.00000e+00  0.00000e+00  0.00000e+00  0.00000e+00  1.00000e+00
   88 -4.17480e-01  1.00000e+00  0.00000e+00  0.00000e+00  0.00000e+00  1.00000e+00
   89 -4.16504e-01  1.00000e+00  0.00000e+00  0.00000e+00  0.00000e+00  1.00000e+00
   90 -4.15527e-01  1.00000e+00  0.00000e+00  0.00000e+00  0.00000e+00  1.00000e+00
   91 -4.14551e-01  1.00000e+00  0.00000e+00  0.00000e+00  0.00000e+00  1.00000e+00
   92 -4.13574e-01  1.00000e+00  0.00000e+00  0.00000e+00  0.00000e+00  1.00000e+00
   93 -4.12598e-01  1.00000e+00  0.00000e+00  0.00000e+00  0.00000e+00  1.00000e+00
   94 -4.11621e-01  1.00000e+00  0.00000e+00  0.00000e+00  0.00000e+00  1.00000e+00
   95 -4.10645e-01  1.00000e+00  0.00000e+00  0.00000e+00  0.00000e+00  1.00000e+00
   96 -4.09668e-01  1.00000e+00  0.00000e+00  0.00000e+00  0.00000e+00  1.00000e+00
   97 -4.08691e-01  1.00000e+00  0.00000e+00  0.00000e+00  0.00000e+00  1.00000e+00
   98 -4.07715e-01  1.00000e+00  0.00000e+00  0.00000e+00  0.00000e+00  1.00000e+00
   99 -4.06738e-01  1.00000e+00  0.00000e+00  0.00000e+00  0.00000e+00  1.00000e+00
  100 -4.05762e-01  1.00000e+00  0.00000e+00  0.00000e+00  0.00000e+00  1.00000e+00
  101 -4.04785e-01  1.00000e+00  0.00000e+00  0.00000e+00  0.00000e+00  1.00000e+00
  102 -4.03809e-01  1.00000e+00  0.00000e+00  0.00000e+00  0.00000e+00  1.00000e+00
  103 -4.02832e-01  1.00000e+00  0.00000e+00  0.00000e+00  0.00000e+00  1.00000e+00
  104 -4.01855e-01  1.00000e+00  0.00000e+00  0.00000e+00  0.00000e+00  1.00000e+00
  105 -4.00879e-01  1.00000e+00  0.00000e+00  0.00000e+00  0.00000e+00  1.00000e+00
  106 -3.99902e-01  1.00000e+00  0.00000e+00  0.00000e+00  0.00000e+00  1.00000e+00
  107 -3.98926e-01  1.00000e+00  0.00000e+00  0.00000e+00  0.00000e+00  1.00000e+00
  108 -3.97949e-01  1.00000e+00  0.00000e+00  0.00000e+00  0.00000e+00  1.00000e+00
  109 -3.96973e-01  1.00000e+00  0.00000e+00  0.00000e+00  0.00000e+00  1.00000e+00
  110 -3.95996e-01  1.00000e+00  0.00000e+00  0.00000e+00  0.00000e+00  1.00000e+00
  111 -3.95020e-01  1.00000e+00  0.00000e+00  0.00000e+00  0.00000e+00  1.00000e+00
  112 -3.94043e-01  1.00000e+00  0.00000e+00  0.00000e+00  0.00000e+00  1.00000e+00
  113 -3.93066e-01  1.00000e+00  0.00000e+00  0.00000e+00  0.00000e+00  1.00000e+00
  114 -3.92090e-01  1.00000e+00  0.00000e+00  0.00000e+00  0.00000e+00  1.00000e+00
  115 -3.91113e-01  1.00000e+00  0.00000e+00  0.00000e+00  0.00000e+00  1.00000e+00
  116 -3.90137e-01  1.00000e+00  0.00000e+00  0.00000e+00  0.00000e+00  1.00000e+00
  117 -3.89160e-01  1.00000e+00  0.00000e+00  0.00000e+00  0.00000e+00  1.00000e+00
  118 -3.88184e-01  1.00000e+00  0.00000e+00  0.00000e+00  0.00000e+00  1.00000e+00
  119 -3.87207e-01  1.00000e+00  0.00000e+00  0.00000e+00  0.00000e+00  1.00000e+00
  120 -3.86230e-01  1.00000e+00  0.00000e+00  0.00000e+00  0.00000e+00  1.00000e+00
  121 -3.85254e-01  1.00000e+00  0.00000e+00  0.00000e+00  0.00000e+00  1.00000e+00
  122 -3.84277e-01  1.00000e+00  0.00000e+00  0.00000e+00  0.00000e+00  1.00000e+00
  123 -3.83301e-01  1.00000e+00  0.00000e+00  0.00000e+00  0.00000e+00  1.00000e+00
  124 -3.82324e-01  1.00000e+00  0.00000e+00  0.00000e+00  0.00000e+00  1.00000e+00
  125 -3.81348e-01  1.00000e+00  0.00000e+00  0.00000e+00  0.00000e+00  1.00000e+00
  126 -3.80371e-01  1.00000e+00  0.00000e+00  0.00000e+00  0.00000e+00  1.00000e+00
  127 -3.79395e-01  1.00000e+00  0.00000e+00  0.00000e+00  0.00000e+00  1.00000e+00
  128 -3.78418e-01  1.00000e+00  0.00000e+00  0.00000e+00  0.00000e+00  1.00000e+00
  129 -3.77441e-01  1.00000e+00  0.00000e+00  0.00000e+00  0.00000e+00  1.00000e+00
  130 -3.76465e-01  1.00000e+00  0.00000e+00  0.00000e+00  0.00000e+00  1.00000e+00
  131 -3.75488e-01  1.00000e+00  0.00000e+00  0.00000e+00  0.00000e+00  1.00000e+00
  132 -3.74512e-01  1.00000e+00  0.00000e+00  0.00000e+00  0.00000e+00  1.00000e+00
  133 -3.73535e-01  1.00000e+00  0.00000e+00  0.00000e+00  0.00000e+00  1.00000e+00
  134 -3.72559e-01  1.00000e+00  0.00000e+00  0.00000e+00  0.00000e+00  1.00000e+00
  135 -3.71582e-01  1.00000e+00  0.00000e+00  0.00000e+00  0.00000e+00  1.00000e+00
  136 -3.70605e-01  1.00000e+00  0.00000e+00  0.00000e+00  0.00000e+00  1.00000e+00
  137 -3.69629e-01  1.00000e+00  0.00000e+00  0.00000e+00  0.00000e+00  1.00000e+00
  138 -3.68652e-01  1.00000e+00  0.00000e+00  0.00000e+00  0.00000e+00  1.00000e+00
  139 -3.67676e-01  1.00000e+00  0.00000e+00  0.00000e+00  0.00000e+00  1.00000e+00
  140 -3.66699e-01  1.00000e+00  0.00000e+00  0.00000e+00  0.00000e+00  1.00000e+00
  141 -3.65723e-01  1.00000e+00  0.00000e+00  0.00000e+00  0.00000e+00  1.00000e+00
  142 -3.64746e-01  1.00000e+00  0.00000e+00  0.00000e+00  0.00000e+00  1.00000e+00
  143 -3.63770e-01  1.00000e+00  0.00000e+00  0.00000e+00  0.00000e+00  1.00000e+00
  144 -3.62793e-01  1.00000e+00  0.00000e+00  0.00000e+00  0.00000e+00  1.00000e+00
  145 -3.61816e-01  1.00000e+00  0.00000e+00  0.00000e+00  0.00000e+00  1.00000e+00
  146 -3.60840e-01  1.00000e+00  0.00000e+00  0.00000e+00  0.00000e+00  1.00000e+00
  147 -3.59863e-01  1.00000e+00  0.00000e+00  0.00000e+00  0.00000e+00  1.00000e+00
  148 -3.58887e-01  1.00000e+00  0.00000e+00  0.00000e+00  0.00000e+00  1.00000e+00
  149 -3.57910e-01  1.00000e+00  0.00000e+00  0.00000e+00  0.00000e+00  1.00000e+00
  150 -3.56934e-01  1.00000e+00  0.00000e+00  0.00000e+00  0.00000e+00  1.00000e+00
  151 -3.55957e-01  1.00000e+00  0.00000e+00  0.00000e+00  0.00000e+00  1.00000e+00
  152 -3.54980e-01  1.00000e+00  0.00000e+00  0.00000e+00  0.00000e+00  1.00000e+00
  153 -3.54004e-01  1.00000e+00  0.00000e+00  0.00000e+00  0.00000e+00  1.00000e+00
  154 -3.53027e-01  1.00000e+00  0.00000e+00  0.00000e+00  0.00000e+00  1.00000e+00
  155 -3.52051e-01  1.00000e+00  0.00000e+00  0.00000e+00  0.00000e+00  1.00000e+00
  156 -3.51074e-01  1.00000e+00  0.00000e+00  0.00000e+00  0.00000e+00  1.00000e+00
  157 -3.50098e-01  1.00000e+00  0.00000e+00  0.00000e+00  0.00000e+00  1.00000e+00
  158 -3.49121e-01  1.00000e+00  0.00000e+00  0.00000e+00  0.00000e+00  1.00000e+00
  159 -3.48145e-01  1.00000e+00  0.00000e+00  0.00000e+00  0.00000e+00  1.00000e+00
  160 -3.47168e-01  1.00000e+00  0.00000e+00  0.00000e+00  0.00000e+00  1.00000e+00
  161 -3.46191e-01  1.00000e+00  0.00000e+00  0.00000e+00  0.00000e+00  1.00000e+00
  162 -3.45215e-01  1.00000e+00  0.00000e+00  0.00000e+00  0.00000e+00  1.00000e+00
  163 -3.44238e-01  1.00000e+00  0.00000e+00  0.00000e+00  0.00000e+00  1.00000e+00
  164 -3.43262e-01  1.00000e+00  0.00000e+00  0.00000e+00  0.00000e+00  1.00000e+00
  165 -3.42285e-01  1.00000e+00  0.00000e+00  0.00000e+00  0.00000e+00  1.00000e+00
  166 -3.41309e-01  1.00000e+00  0.00000e+00  0.00000e+00  0.00000e+00  1.00000e+00
  167 -3.40332e-01  1.00000e+00  0.00000e+00  0.00000e+00  0.00000e+00  1.00000e+00
  168 -3.39355e-01  1.00000e+00  0.00000e+00  0.00000e+00  0.00000e+00  1.00000e+00
  169 -3.38379e-01  1.00000e+00  0.00000e+00  0.00000e+00  0.00000e+00  1.00000e+00
  170 -3.37402e-01  1.00000e+00  0.00000e+00  0.00000e+00  0.00000e+00  1.00000e+00
  171 -3.36426e-01  1.00000e+00  0.00000e+00  0.00000e+00  0.00000e+00  1.00000e+00
  172 -3.35449e-01  1.00000e+00  8.08906e-17  0.00000e+00  0.00000e+00  1.00000e+00
  173 -3.34473e-01  1.00000e+00  5.08870e-21  0.00000e+00  0.00000e+00  1.00000e+00
  174 -3.33496e-01  1.00000e+00  2.47969e-20  0.00000e+00  0.00000e+00  1.00000e+00
  175 -3.32520e-01  1.00000e+00  1.95378e-21  0.00000e+00  0.00000e+00  1.00000e+00
  176 -3.31543e-01  1.00000e+00  2.82865e-21  0.00000e+00  0.00000e+00  1.00000e+00
  177 -3.30566e-01  1.00000e+00  9.76674e-22  0.00000e+00  0.00000e+00  1.00000e+00
  178 -3.29590e-01  1.00000e+00  4.79663e-22  0.00000e+00  0.00000e+00  1.00000e+00
  179 -3.28613e-01  1.00000e+00  8.08906e-17  0.00000e+00  0.00000e+00  1.00000e+00
  180 -3.27637e-01  1.00000e+00  4.68579e-21  0.00000e+00  0.00000e+00  1.00000e+00
  181 -3.26660e-01  1.00000e+00  2.41597e-20  0.00000e+00  0.00000e+00  1.00000e+00
  182 -3.25684e-01  1.00000e+00 -5.63987e-22  0.00000e+00  0.00000e+00  1.00000e+00
  183 -3.24707e-01  1.00000e+00 -1.71460e-20  0.00000e+00  0.00000e+00  1.00000e+00
  184 -3.23730e-01  1.00000e+00  4.96171e-21  0.00000e+00  0.00000e+00  1.00000e+00
  185 -3.22754e-01  1.00000e+00  9.82592e-21  0.00000e+00  0.00000e+00  1.00000e+00
  186 -3.21777e-01  1.00000e+00 -5.84946e-22  0.00000e+00  0.00000e+00  1.00000e+00
  187 -3.20801e-01  1.00000e+00 -5.98167e-22  0.00000e+00  0.00000e+00  1.00000e+00
  188 -3.19824e-01  1.00000e+00 -7.33200e-22  0.00000e+00  0.00000e+00  1.00000e+00
  189 -3.18848e-01  1.00000e+00 -2.78569e-21  0.00000e+00  0.00000e+00  1.00000e+00
  190 -3.17871e-01  1.00000e+00 -1.98542e-20  0.00000e+00  0.00000e+00  1.00000e+00
  191 -3.16895e-01  1.00000e+00  4.52668e-21  0.00000e+00  0.00000e+00  1.00000e+00
  192 -3.15918e-01  1.00000e+00  1.05591e-20  0.00000e+00  0.00000e+00  1.00000e+00
  193 -3.14941e-01  1.00000e+00  1.16800e-21  0.00000e+00  0.00000e+00  1.00000e+00
  194 -3.13965e-01  1.00000e+00 -6.59695e-21  0.00000e+00  0.00000e+00  1.00000e+00
  195 -3.12988e-01  1.00000e+00  5.44613e-21  0.00000e+00  0.00000e+00  1.00000e+00
  196 -3.12012e-01  1.00000e+00  4.98942e-21  0.00000e+00  0.00000e+00  1.00000e+00
  197 -3.11035e-01  1.00000e+00 -3.66746e-21  0.00000e+00  0.00000e+00  1.00000e+00
  198 -3.10059e-01  1.00000e+00  8.86808e-22  0.00000e+00  0.00000e+00  1.00000e+00
  199 -3.09082e-01  1.00000e+00  4.19058e-21  0.00000e+00  0.00000e+00  1.00000e+00
  200 -3.08105e-01  1.00000e+00  8.08920e-17  0.00000e+00  0.00000e+00  1.00000e+00
  201 -3.07129e-01  1.00000e+00 -2.61949e-21  0.00000e+00  0.00000e+00  1.00000e+00
  202 -3.06152e-01  1.00000e+00  2.71421e-20  0.00000e+00  0.00000e+00  1.00000e+00
  203 -3.05176e-01  1.00000e+00  5.35008e-21  0.00000e+00  0.00000e+00  1.00000e+00
  204 -3.04199e-01  1.00000e+00 -2.02610e-21  0.00000e+00  0.00000e+00  1.00000e+00
  205 -3.03223e-01  1.00000e+00  2.02974e-22  0.00000e+00  0.00000e+00  1.00000e+00
  206 -3.02246e-01  1.00000e+00  8.08931e-17  0.00000e+00  0.00000e+00  1.00000e+00
  207 -3.01270e-01  1.00000e+00  4.34832e-21  0.00000e+00  0.00000e+00  1.00000e+00
  208 -3.00293e-01  1.00000e+00  2.46268e-21  0.00000e+00  0.00000e+00  1.00000e+00
  209 -2.99316e-01  1.00000e+00  1.45507e-21  0.00000e+00  0.00000e+00  1.00000e+00
  210 -2.98340e-01  1.00000e+00  1.54495e-20  0.00000e+00  0.00000e+00  1.00000e+00
  211 -2.97363e-01  1.00000e+00  8.08709e-17  0.00000e+00  0.00000e+00  1.00000e+00
  212 -2.96387e-01  1.00000e+00  9.22111e-21  0.00000e+00  0.00000e+00  1.00000e+00
  213 -2.95410e-01  1.00000e+00  3.49377e-20  0.00000e+00  0.00000e+00  1.00000e+00
  214 -2.94434e-01  1.00000e+00  1.85373e-21  0.00000e+00  0.00000e+00  1.00000e+00
  215 -2.93457e-01  1.00000e+00  8.08732e-17  0.00000e+00  0.00000e+00  1.00000e+00
  216 -2.92480e-01  1.00000e+00  8.59241e-21  0.00000e+00  0.00000e+00  1.00000e+00
  217 -2.91504e-01  1.00000e+00  2.20835e-20  0.00000e+00  0.00000e+00  1.00000e+00
  218 -2.90527e-01  1.00000e+00  6.28905e-21  0.00000e+00  0.00000e+00  1.00000e+00
  219 -2.89551e-01  1.00000e+00 -1.26710e-20  0.00000e+00  0.00000e+00  1.00000e+00
  220 -2.88574e-01  1.00000e+00  7.80260e-21  0.00000e+00  0.00000e+00  1.00000e+00
  221 -2.87598e-01  1.00000e+00  1.92947e-20  0.00000e+00  0.00000e+00  1.00000e+00
  222 -2.86621e-01  1.00000e+00 -2.83695e-20  0.00000e+00  0.00000e+00  1.00000e+00
  223 -2.85645e-01  1.00000e+00  7.85775e-21  0.00000e+00  0.00000e+00  1.00000e+00
  224 -2.84668e-01  1.00000e+00  1.27717e-20  0.00000e+00  0.00000e+00  1.00000e+00
  225 -2.83691e-01  1.00000e+00 -7.24335e-21  0.00000e+00  0.00000e+00  1.00000e+00
  226 -2.82715e-01  1.00000e+00 -4.53037e-20  0.00000e+00  0.00000e+00  1.00000e+00
  227 -2.81738e-01  1.00000e+00  1.30437e-20  0.00000e+00  0.00000e+00  1.00000e+00
  228 -2.80762e-01  1.00000e+00  8.09113e-17  0.00000e+00  0.00000e+00  1.00000e+00
  229 -2.79785e-01  1.00000e+00  6.02491e-21  0.00000e+00  0.00000e+00  1.00000e+00
  230 -2.78809e-01  1.00000e+00  2.13267e-20  0.00000e+00  0.00000e+00  1.00000e+00
  231 -2.77832e-01  1.00000e+00 -4.72652e-22  0.00000e+00  0.00000e+00  1.00000e+00
  232 -2.76855e-01  1.00000e+00  8.08946e-17  0.00000e+00  0.00000e+00  1.00000e+00
  233 -2.75879e-01  1.00000e+00  2.32306e-21  0.00000e+00  0.00000e+00  1.00000e+00
  234 -2.74902e-01  1.00000e+00  3.22653e-20  0.00000e+00  0.00000e+00  1.00000e+00
  235 -2.73926e-01  1.00000e+00  7.87586e-21  0.00000e+00  0.00000e+00  1.00000e+00
  236 -2.72949e-01  1.00000e+00 -2.21487e-20  0.00000e+00  0.00000e+00  1.00000e+00
  237 -2.71973e-01  1.00000e+00 -7.52232e-21  0.00000e+00  0.00000e+00  1.00000e+00
  238 -2.70996e-01  1.00000e+00  2.58905e-20  0.00000e+00  0.00000e+00  1.00000e+00
  239 -2.70020e-01  1.00000e+00 -1.56514e-20  0.00000e+00  0.00000e+00  1.00000e+00
  240 -2.69043e-01  1.00000e+00 -1.79097e-21  0.00000e+00  0.00000e+00  1.00000e+00
  241 -2.68066e-01  1.00000e+00  7.28996e-21  0.00000e+00  0.00000e+00  1.00000e+00
  242 -2.67090e-01  1.00000e+00 -2.21060e-20  0.00000e+00  0.00000e+00  1.00000e+00
  243 -2.66113e-01  1.00000e+00  8.08713e-17  0.00000e+00  0.00000e+00  1.00000e+00
  244 -2.65137e-01  1.00000e+00  2.38311e-20  0.00000e+00  0.00000e+00  1.00000e+00
  245 -2.64160e-01  1.00000e+00  2.96978e-20  0.00000e+00  0.00000e+00  1.00000e+00
  246 -2.63184e-01  1.00000e+00 -9.93221e-22  0.00000e+00  0.00000e+00  1.00000e+00
  247 -2.62207e-01  1.00000e+00 -4.43967e-20  0.00000e+00  0.00000e+00  1.00000e+00
  248 -2.61230e-01  1.00000e+00  7.51123e-21  0.00000e+00  0.00000e+00  1.00000e+00
  249 -2.60254e-01  1.00000e+00  8.09270e-17  0.00000e+00  0.00000e+00  1.00000e+00
  250 -2.59277e-01  1.00000e+00 -4.82640e-21  0.00000e+00  0.00000e+00  1.00000e+00
  251 -2.58301e-01  1.00000e+00  8.44859e-21  0.00000e+00  0.00000e+00  1.00000e+00
  252 -2.57324e-01  1.00000e+00  1.33739e-20  0.00000e+00  0.00000e+00  1.00000e+00
  253 -2.56348e-01  1.00000e+00 -8.77369e-21  0.00000e+00  0.00000e+00  1.00000e+00
  254 -2.55371e-01  1.00000e+00 -1.73039e-20  0.00000e+00  0.00000e+00  1.00000e+00
  255 -2.54395e-01  1.00000e+00  9.64405e-21  0.00000e+00  0.00000e+00  1.00000e+00
  256 -2.53418e-01  1.00000e+00  1.82150e-20  0.00000e+00  0.00000e+00  1.00000e+00
  257 -2.52441e-01  1.00000e+00  1.17160e-20  0.00000e+00  0.00000e+00  1.00000e+00
  258 -2.51465e-01  1.00000e+00 -3.10386e-20  0.00000e+00  0.00000e+00  1.00000e+00
  259 -2.50488e-01  1.00000e+00  8.42739e-21  0.00000e+00  0.00000e+00  1.00000e+00
  260 -2.49512e-01  1.00000e+00  8.08858e-17  0.00000e+00  0.00000e+00  1.00000e+00
  261 -2.48535e-01  1.00000e+00  3.57535e-21  0.00000e+00  0.00000e+00  1.00000e+00
  262 -2.47559e-01  1.00000e+00 -2.05565e-20  0.00000e+00  0.00000e+00  1.00000e+00
  263 -2.46582e-01  1.00000e+00  1.00408e-20  0.00000e+00  0.00000e+00  1.00000e+00
  264 -2.45605e-01  1.00000e+00  1.62959e-20  0.00000e+00  0.00000e+00  1.00000e+00
  265 -2.44629e-01  1.00000e+00 -5.01473e-21  0.00000e+00  0.00000e+00  1.00000e+00
  266 -2.43652e-01  1.00000e+00  8.09060e-17  0.00000e+00  0.00000e+00  1.00000e+00
  267 -2.42676e-01  1.00000e+00  8.58447e-21  0.00000e+00  0.00000e+00  1.00000e+00
  268 -2.41699e-01  1.00000e+00 -5.49744e-22  0.00000e+00  0.00000e+00  1.00000e+00
  269 -2.40723e-01  1.00000e+00  1.68655e-21  0.00000e+00  0.00000e+00  1.00000e+00
  270 -2.39746e-01  1.00000e+00  2.57090e-20  0.00000e+00  0.00000e+00  1.00000e+00
  271 -2.38770e-01  1.00000e+00 -2.55736e-20  0.00000e+00  0.00000e+00  1.00000e+00
  272 -2.37793e-01  1.00000e+00  1.42216e-20  0.00000e+00  0.00000e+00  1.00000e+00
  273 -2.36816e-01  1.00000e+00  1.00176e-20  0.00000e+00  0.00000e+00  1.00000e+00
  274 -2.35840e-01  1.00000e+00 -1.67152e-22  0.00000e+00  0.00000e+00  1.00000e+00
  275 -2.34863e-01  1.00000e+00 -2.67212e-20  0.00000e+00  0.00000e+00  1.00000e+00
  276 -2.33887e-01  1.00000e+00  6.19714e-21  0.00000e+00  0.00000e+00  1.00000e+00
  277 -2.32910e-01  1.00000e+00 -4.90390e-21  0.00000e+00  0.00000e+00  1.00000e+00
  278 -2.31934e-01  1.00000e+00  8.08928e-17  0.00000e+00  0.00000e+00  1.00000e+00
  279 -2.30957e-01  1.00000e+00 -3.65661e-20  0.00000e+00  0.00000e+00  1.00000e+00
  280 -2.29980e-01  1.00000e+00  2.84032e-20  0.00000e+00  0.00000e+00  1.00000e+00
  281 -2.29004e-01  1.00000e+00  3.44779e-20  0.00000e+00  0.00000e+00  1.00000e+00
  282 -2.28027e-01  1.00000e+00 -1.24826e-20  0.00000e+00  0.00000e+00  1.00000e+00
  283 -2.27051e-01  1.00000e+00 -2.43580e-20  0.00000e+00  0.00000e+00  1.00000e+00
  284 -2.26074e-01  1.00000e+00  5.15760e-21  0.00000e+00  0.00000e+00  1.00000e+00
  285 -2.25098e-01  1.00000e+00 -4.07376e-21  0.00000e+00  0.00000e+00  1.00000e+00
  286 -2.24121e-01  1.00000e+00 -2.97818e-21  0.00000e+00  0.00000e+00  1.00000e+00
  287 -2.23145e-01  1.00000e+00  8.09127e-17  0.00000e+00  0.00000e+00  1.00000e+00
  288 -2.22168e-01  1.00000e+00 -5.74556e-21  0.00000e+00  0.00000e+00  1.00000e+00
  289 -2.21191e-01  1.00000e+00 -1.56244e-20  0.00000e+00  0.00000e+00  1.00000e+00
  290 -2.20215e-01  1.00000e+00 -1.04937e-20  0.00000e+00  0.00000e+00  1.00000e+00
  291 -2.19238e-01  1.00000e+00  3.59474e-20  0.00000e+00  0.00000e+00  1.00000e+00
  292 -2.18262e-01  1.00000e+00  2.22963e-20  0.00000e+00  0.00000e+00  1.00000e+00
  293 -2.17285e-01  1.00000e+00  8.58744e-21  0.00000e+00  0.00000e+00  1.00000e+00
  294 -2.16309e-01  1.00000e+00 -2.83438e-20  0.00000e+00  0.00000e+00  1.00000e+00
  295 -2.15332e-01  1.00000e+00  3.27788e-21  0.00000e+00  0.00000e+00  1.00000e+00
  296 -2.14355e-01  1.00000e+00 -3.18957e-20  0.00000e+00  0.00000e+00  1.00000e+00
  297 -2.13379e-01  1.00000e+00  2.78596e-21  0.00000e+00  0.00000e+00  1.00000e+00
  298 -2.12402e-01  1.00000e+00 -1.45753e-20  0.00000e+00  0.00000e+00  1.00000e+00
  299 -2.11426e-01  1.00000e+00  8.08868e-17  0.00000e+00  0.00000e+00  1.00000e+00
  300 -2.10449e-01  1.00000e+00  2.22316e-20  0.00000e+00  0.00000e+00  1.00000e+00
  301 -2.09473e-01  1.00000e+00  2.36015e-20  0.00000e+00  0.00000e+00  1.00000e+00
  302 -2.08496e-01  1.00000e+00 -2.06460e-20  0.00000e+00  0.00000e+00  1.00000e+00
  303 -2.07520e-01  1.00000e+00 -1.74313e-22  0.00000e+00  0.00000e+00  1.00000e+00
  304 -2.06543e-01  1.00000e+00  1.58779e-20  0.00000e+00  0.00000e+00  1.00000e+00
  305 -2.05566e-01  1.00000e+00  5.20192e-22  0.00000e+00  0.00000e+00  1.00000e+00
  306 -2.04590e-01  1.00000e+00  4.89692e-21  0.00000e+00  0.00000e+00  1.00000e+00
  307 -2.03613e-01  1.00000e+00 -2.95273e-20  0.00000e+00  0.00000e+00  1.00000e+00
  308 -2.02637e-01  1.00000e+00  7.41975e-21  0.00000e+00  0.00000e+00  1.00000e+00
  309 -2.01660e-01  1.00000e+00  3.37657e-21  0.00000e+00  0.00000e+00  1.00000e+00
  310 -2.00684e-01  1.00000e+00 -4.91869e-21  0.00000e+00  0.00000e+00  1.00000e+00
  311 -1.99707e-01  1.00000e+00 -1.44083e-20  0.00000e+00  0.00000e+00  1.00000e+00
  312 -1.98730e-01  1.00000e+00  1.26883e-20  0.00000e+00  0.00000e+00  1.00000e+00
  313 -1.97754e-01  1.00000e+00 -9.40082e-21  0.00000e+00  0.00000e+00  1.00000e+00
  314 -1.96777e-01  1.00000e+00 -1.58451e-20  0.00000e+00  0.00000e+00  1.00000e+00
  315 -1.95801e-01  1.00000e+00 -5.77623e-21  0.00000e+00  0.00000e+00  1.00000e+00
  316 -1.94824e-01  1.00000e+00  9.64222e-21  0.00000e+00  0.00000e+00  1.00000e+00
  317 -1.93848e-01  1.00000e+00  1.02412e-20  0.00000e+00  0.00000e+00  1.00000e+00
  318 -1.92871e-01  1.00000e+00 -1.34936e-20  0.00000e+00  0.00000e+00  1.00000e+00
  319 -1.91895e-01  1.00000e+00 -6.31441e-21  0.00000e+00  0.00000e+00  1.00000e+00
  320 -1.90918e-01  1.00000e+00 -1.25240e-20  0.00000e+00  0.00000e+00  1.00000e+00
  321 -1.89941e-01  1.00000e+00 -4.70510e-21  0.00000e+00  0.00000e+00  1.00000e+00
  322 -1.88965e-01  1.00000e+00  4.24669e-21  0.00000e+00  0.00000e+00  1.00000e+00
  323 -1.87988e-01  1.00000e+00 -1.27240e-20  0.00000e+00  0.00000e+00  1.00000e+00
  324 -1.87012e-01  1.00000e+00 -5.53870e-21  0.00000e+00  0.00000e+00  1.00000e+00
  325 -1.86035e-01  1.00000e+00  8.08813e-17  0.00000e+00  0.00000e+00  1.00000e+00
  326 -1.85059e-01  1.00000e+00 -1.56900e-20  0.00000e+00  0.00000e+00  1.00000e+00
  327 -1.84082e-01  1.00000e+00  5.62273e-20  0.00000e+00  0.00000e+00  1.00000e+00
  328 -1.83105e-01  1.00000e+00  2.34587e-20  0.00000e+00  0.00000e+00  1.00000e+00
  329 -1.82129e-01  1.00000e+00 -4.10727e-22  0.00000e+00  0.00000e+00  1.00000e+00
  330 -1.81152e-01  1.00000e+00 -6.93605e-21  0.00000e+00  0.00000e+00  1.00000e+00
  331 -1.80176e-01  1.00000e+00  1.26818e-21  0.00000e+00  0.00000e+00  1.00000e+00
  332 -1.79199e-01  1.00000e+00 -2.17016e-20  0.00000e+00  0.00000e+00  1.00000e+00
  333 -1.78223e-01  1.00000e+00 -4.64009e-21  0.00000e+00  0.00000e+00  1.00000e+00
  334 -1.77246e-01  1.00000e+00 -1.32269e-20  0.00000e+00  0.00000e+00  1.00000e+00
  335 -1.76270e-01  1.00000e+00 -2.66358e-20  0.00000e+00  0.00000e+00  1.00000e+00
  336 -1.75293e-01  1.00000e+00 -7.52277e-21  0.00000e+00  0.00000e+00  1.00000e+00
  337 -1.74316e-01  1.00000e+00  9.72087e-21  0.00000e+00  0.00000e+00  1.00000e+00
  338 -1.73340e-01  1.00000e+00  3.35080e-21  0.00000e+00  0.00000e+00  1.00000e+00
  339 -1.72363e-01  1.00000e+00 -4.87064e-21  0.00000e+00  0.00000e+00  1.00000e+00
  340 -1.71387e-01  1.00000e+00  8.08912e-17  0.00000e+00  0.00000e+00  1.00000e+00
  341 -1.70410e-01  1.00000e+00 -2.23740e-21  0.00000e+00  0.00000e+00  1.00000e+00
  342 -1.69434e-01  1.00000e+00  2.62435e-20  0.00000e+00  0.00000e+00  1.00000e+00
  343 -1.68457e-01  1.00000e+00  1.21330e-16  0.00000e+00  0.00000e+00  1.00000e+00
  344 -1.67480e-01  1.00000e+00  2.66951e-15  0.00000e+00  0.00000e+00  1.00000e+00
  345 -1.66504e-01  1.00000e+00  2.95269e-14  0.00000e+00  0.00000e+00  1.00000e+00
  346 -1.65527e-01  1.00000e+00  3.16586e-13  0.00000e+00  0.00000e+00  1.00000e+00
  347 -1.64551e-01  1.00000e+00  3.39249e-12  0.00000e+00  0.00000e+00  1.00000e+00
  348 -1.63574e-01  1.00000e+00  3.63265e-11  0.00000e+00  0.00000e+00  1.00000e+00
  349 -1.62598e-01  1.00000e+00  3.88811e-10  0.00000e+00  0.00000e+00  1.00000e+00
  350 -1.61621e-01  1.00000e+00  4.15960e-09  0.00000e+00  0.00000e+00  1.00000e+00
  351 -1.60645e-01  1.00000e+00  4.44569e-08  0.00000e+00  0.00000e+00  1.00000e+00
  352 -1.59668e-01  1.00000e+00  4.75679e-07  0.00000e+00  0.00000e+00  9.99999e-01
  353 -1.58691e-01  9.99996e-01  5.07359e-06  0.00000e+00  0.00000e+00  9.99994e-01
  354 -1.57715e-01  9.99956e-01  5.23453e-05  0.00000e+00  0.00000e+00  9.99938e-01
  355 -1.56738e-01  9.99645e-01  4.19868e-04  0.00000e+00  0.00000e+00  9.99503e-01
  356 -1.55762e-01  9.98587e-01  1.67293e-03  0.00000e+00  0.00000e+00  9.98022e-01
  357 -1.54785e-01  9.96469e-01  4.18419e-03  0.00000e+00  0.00000e+00  9.95061e-01
  358 -1.53809e-01  9.93330e-01  7.91440e-03  0.00000e+00  0.00000e+00  9.90675e-01
  359 -1.52832e-01  9.89436e-01  1.25552e-02  0.00000e+00  0.00000e+00  9.85242e-01
  360 -1.51855e-01  9.85074e-01  1.77697e-02  0.00000e+00  0.00000e+00  9.79167e-01
  361 -1.50879e-01  9.80452e-01  2.33153e-02  0.00000e+00  0.00000e+00  9.72741e-01
  362 -1.49902e-01  9.75690e-01  2.90517e-02  0.00000e+00  0.00000e+00  9.66133e-01
  363 -1.48926e-01  9.70848e-01  3.49055e-02  0.00000e+00  0.00000e+00  9.59428e-01
  364 -1.47949e-01  9.65961e-01  4.08388e-02  0.00000e+00  0.00000e+00  9.52673e-01
  365 -1.46973e-01  9.61046e-01  4.68299e-02  0.00000e+00  0.00000e+00  9.45894e-01
  366 -1.45996e-01  9.56115e-01  5.28651e-02  0.00000e+00  0.00000e+00  9.39106e-01
  367 -1.45020e-01  9.51177e-01  5.89348e-02  0.00000e+00  0.00000e+00  9.32322e-01
  368 -1.44043e-01  9.46236e-01  6.50320e-02  0.00000e+00  0.00000e+00  9.25550e-01
  369 -1.43066e-01  9.41298e-01  7.11516e-02  0.00000e+00  0.00000e+00  9.18795e-01
  370 -1.42090e-01  9.36366e-01  7.72898e-02  0.00000e+00  0.00000e+00  9.12062e-01
  371 -1.41113e-01  9.31442e-01  8.34435e-02  0.00000e+00  0.00000e+00  9.05355e-01
  372 -1.40137e-01  9.26529e-01  8.96103e-02  0.00000e+00  0.00000e+00  8.98675e-01
  373 -1.39160e-01  9.21627e-01  9.57884e-02  0.00000e+00  0.00000e+00  8.92026e-01
  374 -1.38184e-01  9.16738e-01  1.01976e-01  0.00000e+00  0.00000e+00  8.85409e-01
  375 -1.37207e-01  9.11864e-01  1.08173e-01  0.00000e+00  0.00000e+00  8.78825e-01
  376 -1.36230e-01  9.07004e-01  1.14376e-01  0.00000e+00  0.00000e+00  8.72275e-01
  377 -1.35254e-01  9.02160e-01  1.20587e-01  0.00000e+00  0.00000e+00  8.65760e-01
  378 -1.34277e-01  8.97332e-01  1.26803e-01  0.00000e+00  0.00000e+00  8.59281e-01
  379 -1.33301e-01  8.92521e-01  1.33024e-01  0.00000e+00  0.00000e+00  8.52838e-01
  380 -1.32324e-01  8.87727e-01  1.39250e-01  0.00000e+00  0.00000e+00  8.46431e-01
  381 -1.31348e-01  8.82951e-01  1.45480e-01  0.00000e+00  0.00000e+00  8.40062e-01
  382 -1.30371e-01  8.78192e-01  1.51714e-01  0.00000e+00  0.00000e+00  8.33730e-01
  383 -1.29395e-01  8.73451e-01  1.57951e-01  0.00000e+00  0.00000e+00  8.27436e-01
  384 -1.28418e-01  8.68728e-01  1.64191e-01  0.00000e+00  0.00000e+00  8.21180e-01
  385 -1.27441e-01  8.64024e-01  1.70434e-01  0.00000e+00  0.00000e+00  8.14961e-01
  386 -1.26465e-01  8.59339e-01  1.76679e-01  0.00000e+00  0.00000e+00  8.08780e-01
  387 -1.25488e-01  8.54672e-01  1.82927e-01  0.00000e+00  0.00000e+00  8.02638e-01
  388 -1.24512e-01  8.50023e-01  1.89177e-01  0.00000e+00  0.00000e+00  7.96533e-01
  389 -1.23535e-01  8.45394e-01  1.95428e-01  0.00000e+00  0.00000e+00  7.90466e-01
  390 -1.22559e-01  8.40784e-01  2.01682e-01  0.00000e+00  0.00000e+00  7.84438e-01
  391 -1.21582e-01  8.36192e-01  2.07936e-01  0.00000e+00  0.00000e+00  7.78447e-01
  392 -1.20605e-01  8.31620e-01  2.14192e-01  0.00000e+00  0.00000e+00  7.72495e-01
  393 -1.19629e-01  8.27067e-01  2.20450e-01  0.00000e+00  0.00000e+00  7.66580e-01
  394 -1.18652e-01  8.22533e-01  2.26708e-01  0.00000e+00  0.00000e+00  7.60703e-01
  395 -1.17676e-01  8.18018e-01  2.32968e-01  0.00000e+00  0.00000e+00  7.54864e-01
  396 -1.16699e-01  8.13523e-01  2.39228e-01  0.00000e+00  0.00000e+00  7.49062e-01
  397 -1.15723e-01  8.09046e-01  2.45489e-01  0.00000e+00  0.00000e+00  7.43298e-01
  398 -1.14746e-01  8.04589e-01  2.51751e-01  0.00000e+00  0.00000e+00  7.37572e-01
  399 -1.13770e-01  8.00151e-01  2.58014e-01  0.00000e+00  0.00000e+00  7.31882e-01
  400 -1.12793e-01  7.95733e-01  2.64277e-01  0.00000e+00  0.00000e+00  7.26230e-01
  401 -1.11816e-01  7.91333e-01  2.70540e-01  0.00000e+00  0.00000e+00  7.20615e-01
  402 -1.10840e-01  7.86953e-01  2.76804e-01  0.00000e+00  0.00000e+00  7.15037e-01
  403 -1.09863e-01  7.82592e-01  2.83068e-01  0.00000e+00  0.00000e+00  7.09496e-01
  404 -1.08887e-01  7.78250e-01  2.89332e-01  0.00000e+00  0.00000e+00  7.03991e-01
  405 -1.07910e-01  7.73928e-01  2.95597e-01  0.00000e+00  0.00000e+00  6.98523e-01
  406 -1.06934e-01  7.69624e-01  3.01861e-01  0.00000e+00  0.00000e+00  6.93091e-01
  407 -1.05957e-01  7.65340e-01  3.08126e-01  0.00000e+00  0.00000e+00  6.87696e-01
  408 -1.04980e-01  7.61075e-01  3.14391e-01  0.00000e+00  0.00000e+00  6.82336e-01
  409 -1.04004e-01  7.56829e-01  3.20655e-01  0.00000e+00  0.00000e+00  6.77013e-01
  410 -1.03027e-01  7.52602e-01  3.26919e-01  0.00000e+00  0.00000e+00  6.71725e-01
  411 -1.02051e-01  7.48394e-01  3.33184e-01  0.00000e+00  0.00000e+00  6.66473e-01
  412 -1.01074e-01  7.44205e-01  3.39447e-01  0.00000e+00  0.00000e+00  6.61256e-01
  413 -1.00098e-01  7.40035e-01  3.45711e-01  0.00000e+00  0.00000e+00  6.56075e-01
  414 -9.91211e-02  7.35884e-01  3.51974e-01  0.00000e+00  0.00000e+00  6.50928e-01
  415 -9.81445e-02  7.31752e-01  3.58237e-01  0.00000e+00  0.00000e+00  6.45817e-01
  416 -9.71680e-02  7.27639e-01  3.64499e-01  0.00000e+00  0.00000e+00  6.40741e-01
  417 -9.61914e-02  7.23544e-01  3.70761e-01  0.00000e+00  0.00000e+00  6.35699e-01
  418 -9.52148e-02  7.19469e-01  3.77022e-01  0.00000e+00  0.00000e+00  6.30692e-01
  419 -9.42383e-02  7.15412e-01  3.83282e-01  0.00000e+00  0.00000e+00  6.25719e-01
  420 -9.32617e-02  7.11374e-01  3.89542e-01  0.00000e+00  0.00000e+00  6.20780e-01
  421 -9.22852e-02  7.07355e-01  3.95801e-01  0.00000e+00  0.00000e+00  6.15875e-01
  422 -9.13086e-02  7.03355e-01  4.02060e-01  0.00000e+00  0.00000e+00  6.11004e-01
  423 -9.03320e-02  6.99373e-01  4.08317e-01  0.00000e+00  0.00000e+00  6.06167e-01
  424 -8.93555e-02  6.95409e-01  4.14574e-01  0.00000e+00  0.00000e+00  6.01363e-01
  425 -8.83789e-02  6.91465e-01  4.20830e-01  0.00000e+00  0.00000e+00  5.96593e-01
  426 -8.74023e-02  6.87539e-01  4.27084e-01  0.00000e+00  0.00000e+00  5.91856e-01
  427 -8.64258e-02  6.83631e-01  4.33338e-01  0.00000e+00  0.00000e+00  5.87152e-01
  428 -8.54492e-02  6.79742e-01  4.39591e-01  0.00000e+00  0.00000e+00  5.82481e-01
  429 -8.44727e-02  6.75871e-01  4.45842e-01  0.00000e+00  0.00000e+00  5.77843e-01
  430 -8.34961e-02  6.72019e-01  4.52092e-01  0.00000e+00  0.00000e+00  5.73237e-01
  431 -8.25195e-02  6.68185e-01  4.58341e-01  0.00000e+00  0.00000e+00  5.68663e-01
  432 -8.15430e-02  6.64369e-01  4.64589e-01  0.00000e+00  0.00000e+00  5.64122e-01
  433 -8.05664e-02  6.60572e-01  4.70835e-01  0.00000e+00  0.00000e+00  5.59613e-01
  434 -7.95898e-02  6.56793e-01  4.77079e-01  0.00000e+00  0.00000e+00  5.55137e-01
  435 -7.86133e-02  6.53032e-01  4.83323e-01  0.00000e+00  0.00000e+00  5.50691e-01
  436 -7.76367e-02  6.49289e-01  4.89564e-01  0.00000e+00  0.00000e+00  5.46278e-01
  437 -7.66602e-02  6.45565e-01  4.95804e-01  0.00000e+00  0.00000e+00  5.41896e-01
  438 -7.56836e-02  6.41859e-01  5.02042e-01  0.00000e+00  0.00000e+00  5.37546e-01
  439 -7.47070e-02  6.38171e-01  5.08278e-01  0.00000e+00  0.00000e+00  5.33226e-01
  440 -7.37305e-02  6.34501e-01  5.14512e-01  0.00000e+00  0.00000e+00  5.28938e-01
  441 -7.27539e-02  6.30849e-01  5.20744e-01  0.00000e+00  0.00000e+00  5.24681e-01
  442 -7.17773e-02  6.27215e-01  5.26974e-01  0.00000e+00  0.00000e+00  5.20455e-01
  443 -7.08008e-02  6.23599e-01  5.33202e-01  0.00000e+00  0.00000e+00  5.16259e-01
  444 -6.98242e-02  6.20002e-01  5.39428e-01  0.00000e+00  0.00000e+00  5.12094e-01
  445 -6.88477e-02  6.16422e-01  5.45651e-01  0.00000e+00  0.00000e+00  5.07960e-01
  446 -6.78711e-02  6.12861e-01  5.51871e-01  0.00000e+00  0.00000e+00  5.03856e-01
  447 -6.68945e-02  6.09317e-01  5.58089e-01  0.00000e+00  0.00000e+00  4.99782e-01
  448 -6.59180e-02  6.05791e-01  5.64303e-01  0.00000e+00  0.00000e+00  4.95738e-01
  449 -6.49414e-02  6.02284e-01  5.70515e-01  0.00000e+00  0.00000e+00  4.91724e-01
  450 -6.39648e-02  5.98794e-01  5.76724e-01  0.00000e+00  0.00000e+00  4.87740e-01
  451 -6.29883e-02  5.95323e-01  5.82930e-01  0.00000e+00  0.00000e+00  4.83786e-01
  452 -6.20117e-02  5.91869e-01  5.89132e-01  0.00000e+00  0.00000e+00  4.79862e-01
  453 -6.10352e-02  5.88434e-01  5.95330e-01  0.00000e+00  0.00000e+00  4.75967e-01
  454 -6.00586e-02  5.85016e-01  6.01525e-01  0.00000e+00  0.00000e+00  4.72101e-01
  455 -5.90820e-02  5.81617e-01  6.07716e-01  0.00000e+00  0.00000e+00  4.68265e-01
  456 -5.81055e-02  5.78236e-01  6.13903e-01  0.00000e+00  0.00000e+00  4.64458e-01
  457 -5.71289e-02  5.74872e-01  6.20085e-01  0.00000e+00  0.00000e+00  4.60680e-01
  458 -5.61523e-02  5.71527e-01  6.26263e-01  0.00000e+00  0.00000e+00  4.56932e-01
  459 -5.51758e-02  5.68200e-01  6.32436e-01  0.00000e+00  0.00000e+00  4.53212e-01
  460 -5.41992e-02  5.64891e-01  6.38604e-01  0.00000e+00  0.00000e+00  4.49522e-01
  461 -5.32227e-02  5.61601e-01  6.44767e-01  0.00000e+00  0.00000e+00  4.45860e-01
  462 -5.22461e-02  5.58328e-01  6.50925e-01  0.00000e+00  0.00000e+00  4.42227e-01
  463 -5.12695e-02  5.55074e-01  6.57077e-01  0.00000e+00  0.00000e+00  4.38623e-01
  464 -5.02930e-02  5.51838e-01  6.63223e-01  0.00000e+00  0.00000e+00  4.35047e-01
  465 -4.93164e-02  5.48621e-01  6.69362e-01  0.00000e+00  0.00000e+00  4.31500e-01
  466 -4.83398e-02  5.45422e-01  6.75496e-01  0.00000e+00  0.00000e+00  4.27982e-01
  467 -4.73633e-02  5.42241e-01  6.81622e-01  0.00000e+00  0.00000e+00  4.24491e-01
  468 -4.63867e-02  5.39079e-01  6.87742e-01  0.00000e+00  0.00000e+00  4.21030e-01
  469 -4.54102e-02  5.35935e-01  6.93854e-01  0.00000e+00  0.00000e+00  4.17596e-01
  470 -4.44336e-02  5.32810e-01  6.99959e-01  0.00000e+00  0.00000e+00  4.14191e-01
  471 -4.34570e-02  5.29703e-01  7.06056e-01  0.00000e+00  0.00000e+00  4.10814e-01
  472 -4.24805e-02  5.26615e-01  7.12146e-01  0.00000e+00  0.00000e+00  4.07465e-01
  473 -4.15039e-02  5.23545e-01  7.18227e-01  0.00000e+00  0.00000e+00  4.04143e-01
  474 -4.05273e-02  5.20494e-01  7.24300e-01  0.00000e+00  0.00000e+00  4.00849e-01
  475 -3.95508e-02  5.17461e-01  7.30364e-01  0.00000e+00  0.00000e+00  3.97583e-01
  476 -3.85742e-02  5.14446e-01  7.36421e-01  0.00000e+00  0.00000e+00  3.94344e-01
  477 -3.75977e-02  5.11450e-01  7.42469e-01  0.00000e+00  0.00000e+00  3.91132e-01
  478 -3.66211e-02  5.08472e-01  7.48508e-01  0.00000e+00  0.00000e+00  3.87947e-01
  479 -3.56445e-02  5.05511e-01  7.54540e-01  0.00000e+00  0.00000e+00  3.84789e-01
  480 -3.46680e-02  5.02568e-01  7.60564e-01  0.00000e+00  0.00000e+00  3.81656e-01
  481 -3.36914e-02  4.99642e-01  7.66581e-01  0.00000e+00  0.00000e+00  3.78549e-01
  482 -3.27148e-02  4.96733e-01  7.72591e-01  0.00000e+00  0.00000e+00  3.75467e-01
  483 -3.17383e-02  4.93841e-01  7.78595e-01  0.00000e+00  0.00000e+00  3.72410e-01
  484 -3.07617e-02  4.90965e-01  7.84594e-01  0.00000e+00  0.00000e+00  3.69377e-01
  485 -2.97852e-02  4.88104e-01  7.90589e-01  0.00000e+00  0.00000e+00  3.66367e-01
  486 -2.88086e-02  4.85257e-01  7.96581e-01  0.00000e+00  0.00000e+00  3.63379e-01
  487 -2.78320e-02  4.82425e-01  8.02570e-01  0.00000e+00  0.00000e+00  3.60414e-01
  488 -2.68555e-02  4.79607e-01  8.08559e-01  0.00000e+00  0.00000e+00  3.57469e-01
  489 -2.58789e-02  4.76801e-01  8.14549e-01  0.00000e+00  0.00000e+00  3.54545e-01
  490 -2.49023e-02  4.74008e-01  8.20541e-01  0.00000e+00  0.00000e+00  3.51640e-01
  491 -2.39258e-02  4.71226e-01  8.26536e-01  0.00000e+00  0.00000e+00  3.48754e-01
  492 -2.29492e-02  4.68455e-01  8.32537e-01  0.00000e+00  0.00000e+00  3.45886e-01
  493 -2.19727e-02  4.65694e-01  8.38543e-01  0.00000e+00  0.00000e+00  3.43036e-01
  494 -2.09961e-02  4.62943e-01  8.44556e-01  0.00000e+00  0.00000e+00  3.40202e-01
  495 -2.00195e-02  4.60201e-01  8.50577e-01  0.00000e+00  0.00000e+00  3.37385e-01
  496 -1.90430e-02  4.57469e-01  8.56607e-01  0.00000e+00  0.00000e+00  3.34584e-01
  497 -1.80664e-02  4.54745e-01  8.62646e-01  0.00000e+00  0.00000e+00  3.31798e-01
  498 -1.70898e-02  4.52031e-01  8.68693e-01  0.00000e+00  0.00000e+00  3.29029e-01
  499 -1.61133e-02  4.49327e-01  8.74747e-01  0.00000e+00  0.00000e+00  3.26276e-01
  500 -1.51367e-02  4.46632e-01  8.80808e-01  0.00000e+00  0.00000e+00  3.23541e-01
  501 -1.41602e-02  4.43949e-01  8.86873e-01  0.00000e+00  0.00000e+00  3.20823e-01
  502 -1.31836e-02  4.41278e-01  8.92938e-01  0.00000e+00  0.00000e+00  3.18124e-01
  503 -1.22070e-02  4.38623e-01  8.98998e-01  0.00000e+00  0.00000e+00  3.15447e-01
  504 -1.12305e-02  4.35986e-01  9.05046e-01  0.00000e+00  0.00000e+00  3.12795e-01
  505 -1.02539e-02  4.33373e-01  9.11065e-01  0.00000e+00  0.00000e+00  3.10174e-01
  506 -9.27734e-03  4.30804e-01  9.17015e-01  0.00000e+00  0.00000e+00  3.07602e-01
  507 -8.30078e-03  4.28341e-01  9.22744e-01  0.00000e+00  0.00000e+00  3.05143e-01
  508 -7.32422e-03  4.26208e-01  9.27726e-01  0.00000e+00  0.00000e+00  3.03017e-01
  509 -6.34766e-03  4.24939e-01  9.30697e-01  0.00000e+00  0.00000e+00  3.01755e-01
  510 -5.37109e-03  4.24714e-01  9.31225e-01  0.00000e+00  0.00000e+00  3.01531e-01
  511 -4.39453e-03  4.24735e-01  9.31175e-01  0.00000e+00  0.00000e+00  3.01553e-01
  512 -3.41797e-03  4.25229e-01  9.30018e-01  0.00000e+00  0.00000e+00  3.02043e-01
  513 -2.44141e-03  4.25701e-01  9.28911e-01  0.00000e+00  0.00000e+00  3.02513e-01
  514 -1.46484e-03  4.25765e-01  9.28760e-01  0.00000e+00  0.00000e+00  3.02577e-01
  515 -4.88281e-04  4.25776e-01  9.28735e-01  0.00000e+00  0.00000e+00  3.02587e-01
  516  4.88281e-04  4.25789e-01  9.28705e-01  0.00000e+00  0.00000e+00  3.02600e-01
  517  1.46484e-03  4.25838e-01  9.28589e-01  0.00000e+00  0.00000e+00  3.02649e-01
  518  2.44141e-03  4.25953e-01  9.28320e-01  0.00000e+00  0.00000e+00  3.02764e-01
  519  3.41797e-03  4.26095e-01  9.27988e-01  0.00000e+00  0.00000e+00  3.02905e-01
  520  4.39453e-03  4.26169e-01  9.27815e-01  0.00000e+00  0.00000e+00  3.02978e-01
  521  5.37109e-03  4.26180e-01  9.27790e-01  0.00000e+00  0.00000e+00  3.02989e-01
  522  6.34766e-03  4.26180e-01  9.27789e-01  0.00000e+00  0.00000e+00  3.02990e-01
  523  7.32422e-03  4.26176e-01  9.27799e-01  0.00000e+00  0.00000e+00  3.02985e-01
  524  8.30078e-03  4.26173e-01  9.27807e-01  0.00000e+00  0.00000e+00  3.02982e-01
  525  9.27734e-03  4.26179e-01  9.27793e-01  0.00000e+00  0.00000e+00  3.02988e-01
  526  1.02539e-02  4.26237e-01  9.27656e-01  0.00000e+00  0.00000e+00  3.03046e-01
  527  1.12305e-02  4.26320e-01  9.27462e-01  0.00000e+00  0.00000e+00  3.03128e-01
  528  1.22070e-02  4.26334e-01  9.27430e-01  0.00000e+00  0.00000e+00  3.03142e-01
  529  1.31836e-02  4.26330e-01  9.27440e-01  0.00000e+00  0.00000e+00  3.03138e-01
  530  1.41602e-02  4.26285e-01  9.27545e-01  0.00000e+00  0.00000e+00  3.03093e-01
  531  1.51367e-02  4.26258e-01  9.27609e-01  0.00000e+00  0.00000e+00  3.03066e-01
  532  1.61133e-02  4.26257e-01  9.27612e-01  0.00000e+00  0.00000e+00  3.03065e-01
  533  1.70898e-02  4.26283e-01  9.27550e-01  0.00000e+00  0.00000e+00  3.03091e-01
  534  1.80664e-02  4.26334e-01  9.27430e-01  0.00000e+00  0.00000e+00  3.03142e-01
  535  1.90430e-02  4.26343e-01  9.27410e-01  0.00000e+00  0.00000e+00  3.03151e-01
  536  2.00195e-02  4.26338e-01  9.27423e-01  0.00000e+00  0.00000e+00  3.03145e-01
  537  2.09961e-02  4.26291e-01  9.27531e-01  0.00000e+00  0.00000e+00  3.03099e-01
  538  2.19727e-02  4.26262e-01  9.27601e-01  0.00000e+00  0.00000e+00  3.03070e-01
  539  2.29492e-02  4.26260e-01  9.27604e-01  0.00000e+00  0.00000e+00  3.03068e-01
  540  2.39258e-02  4.26283e-01  9.27552e-01  0.00000e+00  0.00000e+00  3.03091e-01
  541  2.49023e-02  4.26338e-01  9.27423e-01  0.00000e+00  0.00000e+00  3.03146e-01
  542  2.58789e-02  4.26350e-01  9.27395e-01  0.00000e+00  0.00000e+00  3.03158e-01
  543  2.68555e-02  4.26347e-01  9.27403e-01  0.00000e+00  0.00000e+00  3.03154e-01
  544  2.78320e-02  4.26301e-01  9.27510e-01  0.00000e+00  0.00000e+00  3.03109e-01
  545  2.88086e-02  4.26261e-01  9.27603e-01  0.00000e+00  0.00000e+00  3.03069e-01
  546  2.97852e-02  4.26259e-01  9.27610e-01  0.00000e+00  0.00000e+00  3.03066e-01
  547  3.07617e-02  4.26285e-01  9.27549e-01  0.00000e+00  0.00000e+00  3.03092e-01
  548  3.17383e-02  4.26350e-01  9.27397e-01  0.00000e+00  0.00000e+00  3.03157e-01
  549  3.27148e-02  4.26363e-01  9.27367e-01  0.00000e+00  0.00000e+00  3.03170e-01
  550  3.36914e-02  4.26356e-01  9.27382e-01  0.00000e+00  0.00000e+00  3.03163e-01
  551  3.46680e-02  4.26296e-01  9.27523e-01  0.00000e+00  0.00000e+00  3.03103e-01
  552  3.56445e-02  4.26255e-01  9.27620e-01  0.00000e+00  0.00000e+00  3.03062e-01
  553  3.66211e-02  4.26253e-01  9.27625e-01  0.00000e+00  0.00000e+00  3.03060e-01
  554  3.75977e-02  4.26290e-01  9.27539e-01  0.00000e+00  0.00000e+00  3.03097e-01
  555  3.85742e-02  4.26355e-01  9.27387e-01  0.00000e+00  0.00000e+00  3.03161e-01
  556  3.95508e-02  4.26364e-01  9.27365e-01  0.00000e+00  0.00000e+00  3.03170e-01
  557  4.05273e-02  4.26351e-01  9.27396e-01  0.00000e+00  0.00000e+00  3.03158e-01
  558  4.15039e-02  4.26285e-01  9.27551e-01  0.00000e+00  0.00000e+00  3.03091e-01
  559  4.24805e-02  4.26259e-01  9.27613e-01  0.00000e+00  0.00000e+00  3.03065e-01
  560  4.34570e-02  4.26260e-01  9.27610e-01  0.00000e+00  0.00000e+00  3.03066e-01
  561  4.44336e-02  4.26307e-01  9.27500e-01  0.00000e+00  0.00000e+00  3.03113e-01
  562  4.54102e-02  4.26360e-01  9.27377e-01  0.00000e+00  0.00000e+00  3.03166e-01
  563  4.63867e-02  4.26366e-01  9.27364e-01  0.00000e+00  0.00000e+00  3.03171e-01
  564  4.73633e-02  4.26348e-01  9.27405e-01  0.00000e+00  0.00000e+00  3.03154e-01
  565  4.83398e-02  4.26286e-01  9.27551e-01  0.00000e+00  0.00000e+00  3.03092e-01
  566  4.93164e-02  4.26269e-01  9.27591e-01  0.00000e+00  0.00000e+00  3.03075e-01
  567  5.02930e-02  4.26271e-01  9.27587e-01  0.00000e+00  0.00000e+00  3.03077e-01
  568  5.12695e-02  4.26314e-01  9.27487e-01  0.00000e+00  0.00000e+00  3.03119e-01
  569  5.22461e-02  4.26362e-01  9.27376e-01  0.00000e+00  0.00000e+00  3.03166e-01
  570  5.32227e-02  4.26367e-01  9.27364e-01  0.00000e+00  0.00000e+00  3.03172e-01
  571  5.41992e-02  4.26358e-01  9.27386e-01  0.00000e+00  0.00000e+00  3.03162e-01
  572  5.51758e-02  4.26304e-01  9.27512e-01  0.00000e+00  0.00000e+00  3.03109e-01
  573  5.61523e-02  4.26274e-01  9.27583e-01  0.00000e+00  0.00000e+00  3.03079e-01
  574  5.71289e-02  4.26274e-01  9.27586e-01  0.00000e+00  0.00000e+00  3.03077e-01
  575  5.81055e-02  4.26302e-01  9.27521e-01  0.00000e+00  0.00000e+00  3.03105e-01
  576  5.90820e-02  4.26365e-01  9.27373e-01  0.00000e+00  0.00000e+00  3.03168e-01
  577  6.00586e-02  4.26378e-01  9.27343e-01  0.00000e+00  0.00000e+00  3.03181e-01
  578  6.10352e-02  4.26372e-01  9.27357e-01  0.00000e+00  0.00000e+00  3.03175e-01
  579  6.20117e-02  4.26315e-01  9.27490e-01  0.00000e+00  0.00000e+00  3.03118e-01
  580  6.29883e-02  4.26272e-01  9.27591e-01  0.00000e+00  0.00000e+00  3.03075e-01
  581  6.39648e-02  4.26270e-01  9.27598e-01  0.00000e+00  0.00000e+00  3.03073e-01
  582  6.49414e-02  4.26303e-01  9.27521e-01  0.00000e+00  0.00000e+00  3.03105e-01
  583  6.59180e-02  4.26370e-01  9.27365e-01  0.00000e+00  0.00000e+00  3.03171e-01
  584  6.68945e-02  4.26381e-01  9.27340e-01  0.00000e+00  0.00000e+00  3.03182e-01
  585  6.78711e-02  4.26371e-01  9.27364e-01  0.00000e+00  0.00000e+00  3.03172e-01
  586  6.88477e-02  4.26303e-01  9.27526e-01  0.00000e+00  0.00000e+00  3.03103e-01
  587  6.98242e-02  4.26266e-01  9.27611e-01  0.00000e+00  0.00000e+00  3.03067e-01
  588  7.08008e-02  4.26266e-01  9.27612e-01  0.00000e+00  0.00000e+00  3.03067e-01
  589  7.17773e-02  4.26312e-01  9.27507e-01  0.00000e+00  0.00000e+00  3.03111e-01
  590  7.27539e-02  4.26375e-01  9.27361e-01  0.00000e+00  0.00000e+00  3.03174e-01
  591  7.37305e-02  4.26383e-01  9.27343e-01  0.00000e+00  0.00000e+00  3.03181e-01
  592  7.47070e-02  4.26367e-01  9.27383e-01  0.00000e+00  0.00000e+00  3.03164e-01
  593  7.56836e-02  4.26297e-01  9.27548e-01  0.00000e+00  0.00000e+00  3.03094e-01
  594  7.66602e-02  4.26275e-01  9.27601e-01  0.00000e+00  0.00000e+00  3.03072e-01
  595  7.76367e-02  4.26277e-01  9.27597e-01  0.00000e+00  0.00000e+00  3.03074e-01
  596  7.86133e-02  4.26326e-01  9.27482e-01  0.00000e+00  0.00000e+00  3.03122e-01
  597  7.95898e-02  4.26378e-01  9.27356e-01  0.00000e+00  0.00000e+00  3.03176e-01
  598  8.05664e-02  4.26386e-01  9.27343e-01  0.00000e+00  0.00000e+00  3.03182e-01
  599  8.15430e-02  4.26374e-01  9.27373e-01  0.00000e+00  0.00000e+00  3.03169e-01
  600  8.25195e-02  4.26316e-01  9.27516e-01  0.00000e+00  0.00000e+00  3.03108e-01
  601  8.34961e-02  4.26292e-01  9.27579e-01  0.00000e+00  0.00000e+00  3.03082e-01
  602  8.44727e-02  4.26291e-01  9.27581e-01  0.00000e+00  0.00000e+00  3.03081e-01
  603  8.54492e-02  4.26319e-01  9.27517e-01  0.00000e+00  0.00000e+00  3.03108e-01
  604  8.64258e-02  4.26382e-01  9.27370e-01  0.00000e+00  0.00000e+00  3.03171e-01
  605  8.74023e-02  4.26396e-01  9.27337e-01  0.00000e+00  0.00000e+00  3.03184e-01
  606  8.83789e-02  4.26392e-01  9.27346e-01  0.00000e+00  0.00000e+00  3.03181e-01
  607  8.93555e-02  4.26343e-01  9.27465e-01  0.00000e+00  0.00000e+00  3.03130e-01
  608  9.03320e-02  4.26292e-01  9.27585e-01  0.00000e+00  0.00000e+00  3.03079e-01
  609  9.13086e-02  4.26293e-01  9.27597e-01  0.00000e+00  0.00000e+00  3.03074e-01
  610  9.22852e-02  4.26320e-01  9.27540e-01  0.00000e+00  0.00000e+00  3.03098e-01
  611  9.32617e-02  4.26398e-01  9.27367e-01  0.00000e+00  0.00000e+00  3.03172e-01
  612  9.42383e-02  4.26418e-01  9.27327e-01  0.00000e+00  0.00000e+00  3.03189e-01
  613  9.52148e-02  4.26413e-01  9.27340e-01  0.00000e+00  0.00000e+00  3.03184e-01
  614  9.61914e-02  4.26350e-01  9.27489e-01  0.00000e+00  0.00000e+00  3.03120e-01
  615  9.71680e-02  4.26297e-01  9.27613e-01  0.00000e+00  0.00000e+00  3.03068e-01
  616  9.81445e-02  4.26296e-01  9.27622e-01  0.00000e+00  0.00000e+00  3.03064e-01
  617  9.91211e-02  4.26333e-01  9.27540e-01  0.00000e+00  0.00000e+00  3.03099e-01
  618  1.00098e-01  4.26407e-01  9.27364e-01  0.00000e+00  0.00000e+00  3.03174e-01
  619  1.01074e-01  4.26433e-01  9.27334e-01  0.00000e+00  0.00000e+00  3.03187e-01
  620  1.02051e-01  4.26427e-01  9.27358e-01  0.00000e+00  0.00000e+00  3.03177e-01
  621  1.03027e-01  4.26363e-01  9.27521e-01  0.00000e+00  0.00000e+00  3.03108e-01
  622  1.04004e-01  4.26341e-01  9.27605e-01  0.00000e+00  0.00000e+00  3.03072e-01
  623  1.04980e-01  4.26348e-01  9.27608e-01  0.00000e+00  0.00000e+00  3.03071e-01
  624  1.05957e-01  4.26402e-01  9.27517e-01  0.00000e+00  0.00000e+00  3.03110e-01
  625  1.06934e-01  4.26485e-01  9.27360e-01  0.00000e+00  0.00000e+00  3.03176e-01
  626  1.07910e-01  4.26521e-01  9.27335e-01  0.00000e+00  0.00000e+00  3.03187e-01
  627  1.08887e-01  4.26559e-01  9.27351e-01  0.00000e+00  0.00000e+00  3.03180e-01
  628  1.09863e-01  4.26528e-01  9.27484e-01  0.00000e+00  0.00000e+00  3.03123e-01
  629  1.10840e-01  4.26515e-01  9.27579e-01  0.00000e+00  0.00000e+00  3.03083e-01
  630  1.11816e-01  4.26515e-01  9.27588e-01  0.00000e+00  0.00000e+00  3.03080e-01
  631  1.12793e-01  4.26532e-01  9.27545e-01  0.00000e+00  0.00000e+00  3.03098e-01
  632  1.13770e-01  4.26602e-01  9.27394e-01  0.00000e+00  0.00000e+00  3.03163e-01
  633  1.14746e-01  4.26601e-01  9.27331e-01  0.00000e+00  0.00000e+00  3.03190e-01
  634  1.15723e-01  4.26572e-01  9.27332e-01  0.00000e+00  0.00000e+00  3.03189e-01
  635  1.16699e-01  4.26355e-01  9.27421e-01  0.00000e+00  0.00000e+00  3.03152e-01
  636  1.17676e-01  4.24744e-01  9.27579e-01  0.00000e+00  0.00000e+00  3.03084e-01
  637  1.18652e-01  4.14039e-01  9.27607e-01  0.00000e+00  0.00000e+00  3.03073e-01
  638  1.19629e-01  3.84331e-01  9.27577e-01  0.00000e+00  0.00000e+00  3.03086e-01
  639  1.20605e-01  3.40324e-01  9.27413e-01  0.00000e+00  0.00000e+00  3.03150e-01
  640  1.21582e-01  2.98894e-01  9.27310e-01  0.00000e+00  0.00000e+00  3.03187e-01
  641  1.22559e-01  2.73972e-01  9.27300e-01  0.00000e+00  0.00000e+00  3.03189e-01
  642  1.23535e-01  2.65516e-01  9.27323e-01  0.00000e+00  0.00000e+00  3.03180e-01
  643  1.24512e-01  2.64177e-01  9.27469e-01  0.00000e+00  0.00000e+00  3.03131e-01
  644  1.25488e-01  2.64056e-01  9.27630e-01  0.00000e+00  0.00000e+00  3.03078e-01
  645  1.26465e-01  2.64069e-01  9.27659e-01  0.00000e+00  0.00000e+00  3.03070e-01
  646  1.27441e-01  2.64211e-01  9.27654e-01  0.00000e+00  0.00000e+00  3.03072e-01
  647  1.28418e-01  2.64675e-01  9.27552e-01  0.00000e+00  0.00000e+00  3.03107e-01
  648  1.29395e-01  2.65187e-01  9.27363e-01  0.00000e+00  0.00000e+00  3.03169e-01
  649  1.30371e-01  2.65442e-01  9.27309e-01  0.00000e+00  0.00000e+00  3.03187e-01
  650  1.31348e-01  2.65521e-01  9.27305e-01  0.00000e+00  0.00000e+00  3.03187e-01
  651  1.32324e-01  2.65530e-01  9.27355e-01  0.00000e+00  0.00000e+00  3.03170e-01
  652  1.33301e-01  2.65510e-01  9.27525e-01  0.00000e+00  0.00000e+00  3.03113e-01
  653  1.34277e-01  2.65498e-01  9.27627e-01  0.00000e+00  0.00000e+00  3.03079e-01
  654  1.35254e-01  2.65502e-01  9.27639e-01  0.00000e+00  0.00000e+00  3.03077e-01
  655  1.36230e-01  2.65506e-01  9.27626e-01  0.00000e+00  0.00000e+00  3.03082e-01
  656  1.37207e-01  2.65528e-01  9.27510e-01  0.00000e+00  0.00000e+00  3.03121e-01
  657  1.38184e-01  2.65559e-01  9.27351e-01  0.00000e+00  0.00000e+00  3.03174e-01
  658  1.39160e-01  2.65559e-01  9.27313e-01  0.00000e+00  0.00000e+00  3.03185e-01
  659  1.40137e-01  2.65555e-01  9.27310e-01  0.00000e+00  0.00000e+00  3.03185e-01
  660  1.41113e-01  2.65544e-01  9.27343e-01  0.00000e+00  0.00000e+00  3.03174e-01
  661  1.42090e-01  2.65516e-01  9.27476e-01  0.00000e+00  0.00000e+00  3.03129e-01
  662  1.43066e-01  2.65490e-01  9.27600e-01  0.00000e+00  0.00000e+00  3.03089e-01
  663  1.44043e-01  2.65496e-01  9.27623e-01  0.00000e+00  0.00000e+00  3.03083e-01
  664  1.45020e-01  2.65508e-01  9.27623e-01  0.00000e+00  0.00000e+00  3.03084e-01
  665  1.45996e-01  2.65531e-01  9.27560e-01  0.00000e+00  0.00000e+00  3.03104e-01
  666  1.46973e-01  2.65570e-01  9.27387e-01  0.00000e+00  0.00000e+00  3.03161e-01
  667  1.47949e-01  2.65589e-01  9.27292e-01  0.00000e+00  0.00000e+00  3.03192e-01
  668  1.48926e-01  2.65590e-01  9.27283e-01  0.00000e+00  0.00000e+00  3.03194e-01
  669  1.49902e-01  2.65590e-01  9.27299e-01  0.00000e+00  0.00000e+00  3.03189e-01
  670  1.50879e-01  2.65569e-01  9.27427e-01  0.00000e+00  0.00000e+00  3.03147e-01
  671  1.51855e-01  2.65534e-01  9.27619e-01  0.00000e+00  0.00000e+00  3.03085e-01
  672  1.52832e-01  2.65530e-01  9.27668e-01  0.00000e+00  0.00000e+00  3.03071e-01
  673  1.53809e-01  2.65527e-01  9.27667e-01  0.00000e+00  0.00000e+00  3.03072e-01
  674  1.54785e-01  2.65545e-01  9.27571e-01  0.00000e+00  0.00000e+00  3.03104e-01
  675  1.55762e-01  2.65581e-01  9.27363e-01  0.00000e+00  0.00000e+00  3.03172e-01
  676  1.56738e-01  2.65585e-01  9.27289e-01  0.00000e+00  0.00000e+00  3.03196e-01
  677  1.57715e-01  2.65582e-01  9.27284e-01  0.00000e+00  0.00000e+00  3.03197e-01
  678  1.58691e-01  2.65575e-01  9.27322e-01  0.00000e+00  0.00000e+00  3.03184e-01
  679  1.59668e-01  2.65545e-01  9.27506e-01  0.00000e+00  0.00000e+00  3.03123e-01
  680  1.60645e-01  2.65519e-01  9.27669e-01  0.00000e+00  0.00000e+00  3.03071e-01
  681  1.61621e-01  2.65521e-01  9.27691e-01  0.00000e+00  0.00000e+00  3.03065e-01
  682  1.62598e-01  2.65524e-01  9.27677e-01  0.00000e+00  0.00000e+00  3.03070e-01
  683  1.63574e-01  2.65556e-01  9.27534e-01  0.00000e+00  0.00000e+00  3.03118e-01
  684  1.64551e-01  2.65598e-01  9.27336e-01  0.00000e+00  0.00000e+00  3.03183e-01
  685  1.65527e-01  2.65613e-01  9.27291e-01  0.00000e+00  0.00000e+00  3.03195e-01
  686  1.66504e-01  2.65618e-01  9.27291e-01  0.00000e+00  0.00000e+00  3.03195e-01
  687  1.67480e-01  2.65603e-01  9.27362e-01  0.00000e+00  0.00000e+00  3.03171e-01
  688  1.68457e-01  2.65563e-01  9.27545e-01  0.00000e+00  0.00000e+00  3.03112e-01
  689  1.69434e-01  2.65538e-01  9.27639e-01  0.00000e+00  0.00000e+00  3.03083e-01
  690  1.70410e-01  2.65525e-01  9.27650e-01  0.00000e+00  0.00000e+00  3.03081e-01
  691  1.71387e-01  2.65525e-01  9.27636e-01  0.00000e+00  0.00000e+00  3.03086e-01
  692  1.72363e-01  2.65547e-01  9.27520e-01  0.00000e+00  0.00000e+00  3.03124e-01
  693  1.73340e-01  2.65581e-01  9.27353e-01  0.00000e+00  0.00000e+00  3.03178e-01
  694  1.74316e-01  2.65594e-01  9.27311e-01  0.00000e+00  0.00000e+00  3.03189e-01
  695  1.75293e-01  2.65601e-01  9.27309e-01  0.00000e+00  0.00000e+00  3.03189e-01
  696  1.76270e-01  2.65598e-01  9.27331e-01  0.00000e+00  0.00000e+00  3.03183e-01
  697  1.77246e-01  2.65577e-01  9.27448e-01  0.00000e+00  0.00000e+00  3.03146e-01
  698  1.78223e-01  2.65545e-01  9.27618e-01  0.00000e+00  0.00000e+00  3.03092e-01
  699  1.79199e-01  2.65538e-01  9.27674e-01  0.00000e+00  0.00000e+00  3.03075e-01
  700  1.80176e-01  2.65542e-01  9.27671e-01  0.00000e+00  0.00000e+00  3.03075e-01
  701  1.81152e-01  2.65568e-01  9.27568e-01  0.00000e+00  0.00000e+00  3.03108e-01
  702  1.82129e-01  2.65608e-01  9.27371e-01  0.00000e+00  0.00000e+00  3.03172e-01
  703  1.83105e-01  2.65620e-01  9.27278e-01  0.00000e+00  0.00000e+00  3.03202e-01
  704  1.84082e-01  2.65612e-01  9.27264e-01  0.00000e+00  0.00000e+00  3.03208e-01
  705  1.85059e-01  2.65602e-01  9.27275e-01  0.00000e+00  0.00000e+00  3.03206e-01
  706  1.86035e-01  2.65564e-01  9.27440e-01  0.00000e+00  0.00000e+00  3.03153e-01
  707  1.87012e-01  2.65510e-01  9.27699e-01  0.00000e+00  0.00000e+00  3.03068e-01
  708  1.87988e-01  2.65517e-01  9.27741e-01  0.00000e+00  0.00000e+00  3.03054e-01
  709  1.88965e-01  2.65526e-01  9.27718e-01  0.00000e+00  0.00000e+00  3.03061e-01
  710  1.89941e-01  2.65565e-01  9.27549e-01  0.00000e+00  0.00000e+00  3.03116e-01
  711  1.90918e-01  2.65604e-01  9.27364e-01  0.00000e+00  0.00000e+00  3.03178e-01
  712  1.91895e-01  2.65621e-01  9.27283e-01  0.00000e+00  0.00000e+00  3.03205e-01
  713  1.92871e-01  2.65626e-01  9.27270e-01  0.00000e+00  0.00000e+00  3.03211e-01
  714  1.93848e-01  2.65616e-01  9.27327e-01  0.00000e+00  0.00000e+00  3.03195e-01
  715  1.94824e-01  2.65567e-01  9.27579e-01  0.00000e+00  0.00000e+00  3.03113e-01
  716  1.95801e-01  2.65540e-01  9.27709e-01  0.00000e+00  0.00000e+00  3.03072e-01
  717  1.96777e-01  2.65533e-01  9.27720e-01  0.00000e+00  0.00000e+00  3.03068e-01
  718  1.97754e-01  2.65526e-01  9.27703e-01  0.00000e+00  0.00000e+00  3.03073e-01
  719  1.98730e-01  2.65552e-01  9.27550e-01  0.00000e+00  0.00000e+00  3.03122e-01
  720  1.99707e-01  2.65597e-01  9.27316e-01  0.00000e+00  0.00000e+00  3.03198e-01
  721  2.00684e-01  2.65605e-01  9.27273e-01  0.00000e+00  0.00000e+00  3.03212e-01
  722  2.01660e-01  2.65611e-01  9.27303e-01  0.00000e+00  0.00000e+00  3.03202e-01
  723  2.02637e-01  2.65596e-01  9.27430e-01  0.00000e+00  0.00000e+00  3.03162e-01
  724  2.03613e-01  2.65585e-01  9.27505e-01  0.00000e+00  0.00000e+00  3.03141e-01
  725  2.04590e-01  2.65566e-01  9.27608e-01  0.00000e+00  0.00000e+00  3.03110e-01
  726  2.05566e-01  2.65548e-01  9.27707e-01  0.00000e+00  0.00000e+00  3.03077e-01
  727  2.06543e-01  2.65543e-01  9.27704e-01  0.00000e+00  0.00000e+00  3.03076e-01
  728  2.07520e-01  2.65575e-01  9.27532e-01  0.00000e+00  0.00000e+00  3.03132e-01
  729  2.08496e-01  2.65604e-01  9.27373e-01  0.00000e+00  0.00000e+00  3.03184e-01
  730  2.09473e-01  2.65606e-01  9.27349e-01  0.00000e+00  0.00000e+00  3.03191e-01
  731  2.10449e-01  2.65614e-01  9.27301e-01  0.00000e+00  0.00000e+00  3.03209e-01
  732  2.11426e-01  2.65623e-01  9.27264e-01  0.00000e+00  0.00000e+00  3.03225e-01
  733  2.12402e-01  2.65597e-01  9.27401e-01  0.00000e+00  0.00000e+00  3.03183e-01
  734  2.13379e-01  2.65537e-01  9.27700e-01  0.00000e+00  0.00000e+00  3.03084e-01
  735  2.14355e-01  2.65507e-01  9.27852e-01  0.00000e+00  0.00000e+00  3.03033e-01
  736  2.15332e-01  2.65539e-01  9.27701e-01  0.00000e+00  0.00000e+00  3.03083e-01
  737  2.16309e-01  2.65597e-01  9.27444e-01  0.00000e+00  0.00000e+00  3.03169e-01
  738  2.17285e-01  2.65565e-01  9.27617e-01  0.00000e+00  0.00000e+00  3.03110e-01
  739  2.18262e-01  2.65642e-01  9.27275e-01  0.00000e+00  0.00000e+00  3.03226e-01
  740  2.19238e-01  2.65666e-01  9.27128e-01  0.00000e+00  0.00000e+00  3.03277e-01
  741  2.20215e-01  2.65595e-01  9.27458e-01  0.00000e+00  0.00000e+00  3.03169e-01
  742  2.21191e-01  2.65705e-01  9.26970e-01  0.00000e+00  0.00000e+00  3.03335e-01
  743  2.22168e-01  2.65383e-01  9.28556e-01  0.00000e+00  0.00000e+00  3.02805e-01
  744  2.23145e-01  2.65569e-01  9.27664e-01  0.00000e+00  0.00000e+00  3.03104e-01
  745  2.24121e-01  2.65764e-01  9.26522e-01  0.00000e+00  0.00000e+00  3.03501e-01
  746  2.25098e-01  2.64780e-01  9.31226e-01  0.00000e+00  0.00000e+00  3.02048e-01
  747  2.26074e-01  2.66714e-01  9.24251e-01  0.00000e+00  0.00000e+00  3.04848e-01
  748  2.27051e-01  2.64669e-01  9.19812e-01  0.00000e+00  0.00000e+00  3.01675e-01
  749  2.28027e-01  2.11148e-01  6.44952e-01  0.00000e+00  0.00000e+00  2.20805e-01
  750  2.29004e-01  1.28170e-01  2.72275e-02  0.00000e+00  0.00000e+00  1.03635e-01
  751  2.29980e-01  1.25009e-01  7.33842e-05  0.00000e+00  0.00000e+00  1.00010e-01
  752  2.30957e-01  1.25000e-01  1.92100e-07  0.00000e+00  0.00000e+00  1.00000e-01
  753  2.31934e-01  1.25000e-01  4.89125e-10  0.00000e+00  0.00000e+00  1.00000e-01
  754  2.32910e-01  1.25000e-01  1.25967e-12  0.00000e+00  0.00000e+00  1.00000e-01
  755  2.33887e-01  1.25000e-01  3.07385e-15  0.00000e+00  0.00000e+00  1.00000e-01
  756  2.34863e-01  1.25000e-01  0.00000e+00  0.00000e+00  0.00000e+00  1.00000e-01
  757  2.35840e-01  1.25000e-01  0.00000e+00  0.00000e+00  0.00000e+00  1.00000e-01
  758  2.36816e-01  1.25000e-01  0.00000e+00  0.00000e+00  0.00000e+00  1.00000e-01
  759  2.37793e-01  1.25000e-01  0.00000e+00  0.00000e+00  0.00000e+00  1.00000e-01
  760  2.38770e-01  1.25000e-01  0.00000e+00  0.00000e+00  0.00000e+00  1.00000e-01
  761  2.39746e-01  1.25000e-01  0.00000e+00  0.00000e+00  0.00000e+00  1.00000e-01
  762  2.40723e-01  1.25000e-01  0.00000e+00  0.00000e+00  0.00000e+00  1.00000e-01
  763  2.41699e-01  1.25000e-01  0.00000e+00  0.00000e+00  0.00000e+00  1.00000e-01
  764  2.42676e-01  1.25000e-01  0.00000e+00  0.00000e+00  0.00000e+00  1.00000e-01
  765  2.43652e-01  1.25000e-01  0.00000e+00  0.00000e+00  0.00000e+00  1.00000e-01
  766  2.44629e-01  1.25000e-01  0.00000e+00  0.00000e+00  0.00000e+00  1.00000e-01
  767  2.45605e-01  1.25000e-01  0.00000e+00  0.00000e+00  0.00000e+00  1.00000e-01
  768  2.46582e-01  1.25000e-01  0.00000e+00  0.00000e+00  0.00000e+00  1.00000e-01
  769  2.47559e-01  1.25000e-01  0.00000e+00  0.00000e+00  0.00000e+00  1.00000e-01
  770  2.48535e-01  1.25000e-01  0.00000e+00  0.00000e+00  0.00000e+00  1.00000e-01
  771  2.49512e-01  1.25000e-01  0.00000e+00  0.00000e+00  0.00000e+00  1.00000e-01
  772  2.50488e-01  1.25000e-01  0.00000e+00  0.00000e+00  0.00000e+00  1.00000e-01
  773  2.51465e-01  1.25000e-01  0.00000e+00  0.00000e+00  0.00000e+00  1.00000e-01
  774  2.52441e-01  1.25000e-01  0.00000e+00  0.00000e+00  0.00000e+00  1.00000e-01
  775  2.53418e-01  1.25000e-01  0.00000e+00  0.00000e+00  0.00000e+00  1.00000e-01
  776  2.54395e-01  1.25000e-01  0.00000e+00  0.00000e+00  0.00000e+00  1.00000e-01
  777  2.55371e-01  1.25000e-01  0.00000e+00  0.00000e+00  0.00000e+00  1.00000e-01
  778  2.56348e-01  1.25000e-01  0.00000e+00  0.00000e+00  0.00000e+00  1.00000e-01
  779  2.57324e-01  1.25000e-01  0.00000e+00  0.00000e+00  0.00000e+00  1.00000e-01
  780  2.58301e-01  1.25000e-01  0.00000e+00  0.00000e+00  0.00000e+00  1.00000e-01
  781  2.59277e-01  1.25000e-01  0.00000e+00  0.00000e+00  0.00000e+00  1.00000e-01
  782  2.60254e-01  1.25000e-01  0.00000e+00  0.00000e+00  0.00000e+00  1.00000e-01
  783  2.61230e-01  1.25000e-01  0.00000e+00  0.00000e+00  0.00000e+00  1.00000e-01
  784  2.62207e-01  1.25000e-01  0.00000e+00  0.00000e+00  0.00000e+00  1.00000e-01
  785  2.63184e-01  1.25000e-01  0.00000e+00  0.00000e+00  0.00000e+00  1.00000e-01
  786  2.64160e-01  1.25000e-01  0.00000e+00  0.00000e+00  0.00000e+00  1.00000e-01
  787  2.65137e-01  1.25000e-01  0.00000e+00  0.00000e+00  0.00000e+00  1.00000e-01
  788  2.66113e-01  1.25000e-01  0.00000e+00  0.00000e+00  0.00000e+00  1.00000e-01
  789  2.67090e-01  1.25000e-01  0.00000e+00  0.00000e+00  0.00000e+00  1.00000e-01
  790  2.68066e-01  1.25000e-01  0.00000e+00  0.00000e+00  0.00000e+00  1.00000e-01
  791  2.69043e-01  1.25000e-01  0.00000e+00  0.00000e+00  0.00000e+00  1.00000e-01
  792  2.70020e-01  1.25000e-01  0.00000e+00  0.00000e+00  0.00000e+00  1.00000e-01
  793  2.70996e-01  1.25000e-01  0.00000e+00  0.00000e+00  0.00000e+00  1.00000e-01
  794  2.71973e-01  1.25000e-01  0.00000e+00  0.00000e+00  0.00000e+00  1.00000e-01
  795  2.72949e-01  1.25000e-01  0.00000e+00  0.00000e+00  0.00000e+00  1.00000e-01
  796  2.73926e-01  1.25000e-01  0.00000e+00  0.00000e+00  0.00000e+00  1.00000e-01
  797  2.74902e-01  1.25000e-01  0.00000e+00  0.00000e+00  0.00000e+00  1.00000e-01
  798  2.75879e-01  1.25000e-01  0.00000e+00  0.00000e+00  0.00000e+00  1.00000e-01
  799  2.76855e-01  1.25000e-01  0.00000e+00  0.00000e+00  0.00000e+00  1.00000e-01
  800  2.77832e-01  1.25000e-01  0.00000e+00  0.00000e+00  0.00000e+00  1.00000e-01
  801  2.78809e-01  1.25000e-01  0.00000e+00  0.00000e+00  0.00000e+00  1.00000e-01
  802  2.79785e-01  1.25000e-01  0.00000e+00  0.00000e+00  0.00000e+00  1.00000e-01
  803  2.80762e-01  1.25000e-01  0.00000e+00  0.00000e+00  0.00000e+00  1.00000e-01
  804  2.81738e-01  1.25000e-01  0.00000e+00  0.00000e+00  0.00000e+00  1.00000e-01
  805  2.82715e-01  1.25000e-01  0.00000e+00  0.00000e+00  0.00000e+00  1.00000e-01
  806  2.83691e-01  1.25000e-01  0.00000e+00  0.00000e+00  0.00000e+00  1.00000e-01
  807  2.84668e-01  1.25000e-01  0.00000e+00  0.00000e+00  0.00000e+00  1.00000e-01
  808  2.85645e-01  1.25000e-01  0.00000e+00  0.00000e+00  0.00000e+00  1.00000e-01
  809  2.86621e-01  1.25000e-01  0.00000e+00  0.00000e+00  0.00000e+00  1.00000e-01
  810  2.87598e-01  1.25000e-01  0.00000e+00  0.00000e+00  0.00000e+00  1.00000e-01
  811  2.88574e-01  1.25000e-01  0.00000e+00  0.00000e+00  0.00000e+00  1.00000e-01
  812  2.89551e-01  1.25000e-01  0.00000e+00  0.00000e+00  0.00000e+00  1.00000e-01
  813  2.90527e-01  1.25000e-01  0.00000e+00  0.00000e+00  0.00000e+00  1.00000e-01
  814  2.91504e-01  1.25000e-01  0.00000e+00  0.00000e+00  0.00000e+00  1.00000e-01
  815  2.92480e-01  1.25000e-01  0.00000e+00  0.00000e+00  0.00000e+00  1.00000e-01
  816  2.93457e-01  1.25000e-01  0.00000e+00  0.00000e+00  0.00000e+00  1.00000e-01
  817  2.94434e-01  1.25000e-01  0.00000e+00  0.00000e+00  0.00000e+00  1.00000e-01
  818  2.95410e-01  1.25000e-01  0.00000e+00  0.00000e+00  0.00000e+00  1.00000e-01
  819  2.96387e-01  1.25000e-01  0.00000e+00  0.00000e+00  0.00000e+00  1.00000e-01
  820  2.97363e-01  1.25000e-01  0.00000e+00  0.00000e+00  0.00000e+00  1.00000e-01
  821  2.98340e-01  1.25000e-01  0.00000e+00  0.00000e+00  0.00000e+00  1.00000e-01
  822  2.99316e-01  1.25000e-01  0.00000e+00  0.00000e+00  0.00000e+00  1.00000e-01
  823  3.00293e-01  1.25000e-01  0.00000e+00  0.00000e+00  0.00000e+00  1.00000e-01
  824  3.01270e-01  1.25000e-01  0.00000e+00  0.00000e+00  0.00000e+00  1.00000e-01
  825  3.02246e-01  1.25000e-01  0.00000e+00  0.00000e+00  0.00000e+00  1.00000e-01
  826  3.03223e-01  1.25000e-01  0.00000e+00  0.00000e+00  0.00000e+00  1.00000e-01
  827  3.04199e-01  1.25000e-01  0.00000e+00  0.00000e+00  0.00000e+00  1.00000e-01
  828  3.05176e-01  1.25000e-01  0.00000e+00  0.00000e+00  0.00000e+00  1.00000e-01
  829  3.06152e-01  1.25000e-01  0.00000e+00  0.00000e+00  0.00000e+00  1.00000e-01
  830  3.07129e-01  1.25000e-01  0.00000e+00  0.00000e+00  0.00000e+00  1.00000e-01
  831  3.08105e-01  1.25000e-01  0.00000e+00  0.00000e+00  0.00000e+00  1.00000e-01
  832  3.09082e-01  1.25000e-01  0.00000e+00  0.00000e+00  0.00000e+00  1.00000e-01
  833  3.10059e-01  1.25000e-01  0.00000e+00  0.00000e+00  0.00000e+00  1.00000e-01
  834  3.11035e-01  1.25000e-01  0.00000e+00  0.00000e+00  0.00000e+00  1.00000e-01
  835  3.12012e-01  1.25000e-01  0.00000e+00  0.00000e+00  0.00000e+00  1.00000e-01
  836  3.12988e-01  1.25000e-01  0.00000e+00  0.00000e+00  0.00000e+00  1.00000e-01
  837  3.13965e-01  1.25000e-01  0.00000e+00  0.00000e+00  0.00000e+00  1.00000e-01
  838  3.14941e-01  1.25000e-01  0.00000e+00  0.00000e+00  0.00000e+00  1.00000e-01
  839  3.15918e-01  1.25000e-01  0.00000e+00  0.00000e+00  0.00000e+00  1.00000e-01
  840  3.16895e-01  1.25000e-01  0.00000e+00  0.00000e+00  0.00000e+00  1.00000e-01
  841  3.17871e-01  1.25000e-01  0.00000e+00  0.00000e+00  0.00000e+00  1.00000e-01
  842  3.18848e-01  1.25000e-01  0.00000e+00  0.00000e+00  0.00000e+00  1.00000e-01
  843  3.19824e-01  1.25000e-01  0.00000e+00  0.00000e+00  0.00000e+00  1.00000e-01
  844  3.20801e-01  1.25000e-01  0.00000e+00  0.00000e+00  0.00000e+00  1.00000e-01
  845  3.21777e-01  1.25000e-01  0.00000e+00  0.00000e+00  0.00000e+00  1.00000e-01
  846  3.22754e-01  1.25000e-01  0.00000e+00  0.00000e+00  0.00000e+00  1.00000e-01
  847  3.23730e-01  1.25000e-01  0.00000e+00  0.00000e+00  0.00000e+00  1.00000e-01
  848  3.24707e-01  1.25000e-01  0.00000e+00  0.00000e+00  0.00000e+00  1.00000e-01
  849  3.25684e-01  1.25000e-01  0.00000e+00  0.00000e+00  0.00000e+00  1.00000e-01
  850  3.26660e-01  1.25000e-01  0.00000e+00  0.00000e+00  0.00000e+00  1.00000e-01
  851  3.27637e-01  1.25000e-01  0.00000e+00  0.00000e+00  0.00000e+00  1.00000e-01
  852  3.28613e-01  1.25000e-01  0.00000e+00  0.00000e+00  0.00000e+00  1.00000e-01
  853  3.29590e-01  1.25000e-01  0.00000e+00  0.00000e+00  0.00000e+00  1.00000e-01
  854  3.30566e-01  1.25000e-01  0.00000e+00  0.00000e+00  0.00000e+00  1.00000e-01
  855  3.31543e-01  1.25000e-01  0.00000e+00  0.00000e+00  0.00000e+00  1.00000e-01
  856  3.32520e-01  1.25000e-01  0.00000e+00  0.00000e+00  0.00000e+00  1.00000e-01
  857  3.33496e-01  1.25000e-01  0.00000e+00  0.00000e+00  0.00000e+00  1.00000e-01
  858  3.34473e-01  1.25000e-01  0.00000e+00  0.00000e+00  0.00000e+00  1.00000e-01
  859  3.35449e-01  1.25000e-01  0.00000e+00  0.00000e+00  0.00000e+00  1.00000e-01
  860  3.36426e-01  1.25000e-01  0.00000e+00  0.00000e+00  0.00000e+00  1.00000e-01
  861  3.37402e-01  1.25000e-01  0.00000e+00  0.00000e+00  0.00000e+00  1.00000e-01
  862  3.38379e-01  1.25000e-01  0.00000e+00  0.00000e+00  0.00000e+00  1.00000e-01
  863  3.39355e-01  1.25000e-01  0.00000e+00  0.00000e+00  0.00000e+00  1.00000e-01
  864  3.40332e-01  1.25000e-01  0.00000e+00  0.00000e+00  0.00000e+00  1.00000e-01
  865  3.41309e-01  1.25000e-01  0.00000e+00  0.00000e+00  0.00000e+00  1.00000e-01
  866  3.42285e-01  1.25000e-01  0.00000e+00  0.00000e+00  0.00000e+00  1.00000e-01
  867  3.43262e-01  1.25000e-01  0.00000e+00  0.00000e+00  0.00000e+00  1.00000e-01
  868  3.44238e-01  1.25000e-01  0.00000e+00  0.00000e+00  0.00000e+00  1.00000e-01
  869  3.45215e-01  1.25000e-01  0.00000e+00  0.00000e+00  0.00000e+00  1.00000e-01
  870  3.46191e-01  1.25000e-01  0.00000e+00  0.00000e+00  0.00000e+00  1.00000e-01
  871  3.47168e-01  1.25000e-01  0.00000e+00  0.00000e+00  0.00000e+00  1.00000e-01
  872  3.48145e-01  1.25000e-01  0.00000e+00  0.00000e+00  0.00000e+00  1.00000e-01
  873  3.49121e-01  1.25000e-01  0.00000e+00  0.00000e+00  0.00000e+00  1.00000e-01
  874  3.50098e-01  1.25000e-01  0.00000e+00  0.00000e+00  0.00000e+00  1.00000e-01
  875  3.51074e-01  1.25000e-01  0.00000e+00  0.00000e+00  0.00000e+00  1.00000e-01
  876  3.52051e-01  1.25000e-01  0.00000e+00  0.00000e+00  0.00000e+00  1.00000e-01
  877  3.53027e-01  1.25000e-01  0.00000e+00  0.00000e+00  0.00000e+00  1.00000e-01
  878  3.54004e-01  1.25000e-01  0.00000e+00  0.00000e+00  0.00000e+00  1.00000e-01
  879  3.54980e-01  1.25000e-01  0.00000e+00  0.00000e+00  0.00000e+00  1.00000e-01
  880  3.55957e-01  1.25000e-01  0.00000e+00  0.00000e+00  0.00000e+00  1.00000e-01
  881  3.56934e-01  1.25000e-01  0.00000e+00  0.00000e+00  0.00000e+00  1.00000e-01
  882  3.57910e-01  1.25000e-01  0.00000e+00  0.00000e+00  0.00000e+00  1.00000e-01
  883  3.58887e-01  1.25000e-01  0.00000e+00  0.00000e+00  0.00000e+00  1.00000e-01
  884  3.59863e-01  1.25000e-01  0.00000e+00  0.00000e+00  0.00000e+00  1.00000e-01
  885  3.60840e-01  1.25000e-01  0.00000e+00  0.00000e+00  0.00000e+00  1.00000e-01
  886  3.61816e-01  1.25000e-01  0.00000e+00  0.00000e+00  0.00000e+00  1.00000e-01
  887  3.62793e-01  1.25000e-01  0.00000e+00  0.00000e+00  0.00000e+00  1.00000e-01
  888  3.63770e-01  1.25000e-01  0.00000e+00  0.00000e+00  0.00000e+00  1.00000e-01
  889  3.64746e-01  1.25000e-01  0.00000e+00  0.00000e+00  0.00000e+00  1.00000e-01
  890  3.65723e-01  1.25000e-01  0.00000e+00  0.00000e+00  0.00000e+00  1.00000e-01
  891  3.66699e-01  1.25000e-01  0.00000e+00  0.00000e+00  0.00000e+00  1.00000e-01
  892  3.67676e-01  1.25000e-01  0.00000e+00  0.00000e+00  0.00000e+00  1.00000e-01
  893  3.68652e-01  1.25000e-01  0.00000e+00  0.00000e+00  0.00000e+00  1.00000e-01
  894  3.69629e-01  1.25000e-01  0.00000e+00  0.00000e+00  0.00000e+00  1.00000e-01
  895  3.70605e-01  1.25000e-01  0.00000e+00  0.00000e+00  0.00000e+00  1.00000e-01
  896  3.71582e-01  1.25000e-01  0.00000e+00  0.00000e+00  0.00000e+00  1.00000e-01
  897  3.72559e-01  1.25000e-01  0.00000e+00  0.00000e+00  0.00000e+00  1.00000e-01
  898  3.73535e-01  1.25000e-01  0.00000e+00  0.00000e+00  0.00000e+00  1.00000e-01
  899  3.74512e-01  1.25000e-01  0.00000e+00  0.00000e+00  0.00000e+00  1.00000e-01
  900  3.75488e-01  1.25000e-01  0.00000e+00  0.00000e+00  0.00000e+00  1.00000e-01
  901  3.76465e-01  1.25000e-01  0.00000e+00  0.00000e+00  0.00000e+00  1.00000e-01
  902  3.77441e-01  1.25000e-01  0.00000e+00  0.00000e+00  0.00000e+00  1.00000e-01
  903  3.78418e-01  1.25000e-01  0.00000e+00  0.00000e+00  0.00000e+00  1.00000e-01
  904  3.79395e-01  1.25000e-01  0.00000e+00  0.00000e+00  0.00000e+00  1.00000e-01
  905  3.80371e-01  1.25000e-01  0.00000e+00  0.00000e+00  0.00000e+00  1.00000e-01
  906  3.81348e-01  1.25000e-01  0.00000e+00  0.00000e+00  0.00000e+00  1.00000e-01
  907  3.82324e-01  1.25000e-01  0.00000e+00  0.00000e+00  0.00000e+00  1.00000e-01
  908  3.83301e-01  1.25000e-01  0.00000e+00  0.00000e+00  0.00000e+00  1.00000e-01
  909  3.84277e-01  1.25000e-01  0.00000e+00  0.00000e+00  0.00000e+00  1.00000e-01
  910  3.85254e-01  1.25000e-01  0.00000e+00  0.00000e+00  0.00000e+00  1.00000e-01
  911  3.86230e-01  1.25000e-01  0.00000e+00  0.00000e+00  0.00000e+00  1.00000e-01
  912  3.87207e-01  1.25000e-01  0.00000e+00  0.00000e+00  0.00000e+00  1.00000e-01
  913  3.88184e-01  1.25000e-01  0.00000e+00  0.00000e+00  0.00000e+00  1.00000e-01
  914  3.89160e-01  1.25000e-01  0.00000e+00  0.00000e+00  0.00000e+00  1.00000e-01
  915  3.90137e-01  1.25000e-01  0.00000e+00  0.00000e+00  0.00000e+00  1.00000e-01
  916  3.91113e-01  1.25000e-01  0.00000e+00  0.00000e+00  0.00000e+00  1.00000e-01
  917  3.92090e-01  1.25000e-01  0.00000e+00  0.00000e+00  0.00000e+00  1.00000e-01
  918  3.93066e-01  1.25000e-01  0.00000e+00  0.00000e+00  0.00000e+00  1.00000e-01
  919  3.94043e-01  1.25000e-01  0.00000e+00  0.00000e+00  0.00000e+00  1.00000e-01
  920  3.95020e-01  1.25000e-01  0.00000e+00  0.00000e+00  0.00000e+00  1.00000e-01
  921  3.95996e-01  1.25000e-01  0.00000e+00  0.00000e+00  0.00000e+00  1.00000e-01
  922  3.96973e-01  1.25000e-01  0.00000e+00  0.00000e+00  0.00000e+00  1.00000e-01
  923  3.97949e-01  1.25000e-01  0.00000e+00  0.00000e+00  0.00000e+00  1.00000e-01
  924  3.98926e-01  1.25000e-01  0.00000e+00  0.00000e+00  0.00000e+00  1.00000e-01
  925  3.99902e-01  1.25000e-01  0.00000e+00  0.00000e+00  0.00000e+00  1.00000e-01
  926  4.00879e-01  1.25000e-01  0.00000e+00  0.00000e+00  0.00000e+00  1.00000e-01
  927  4.01855e-01  1.25000e-01  0.00000e+00  0.00000e+00  0.00000e+00  1.00000e-01
  928  4.02832e-01  1.25000e-01  0.00000e+00  0.00000e+00  0.00000e+00  1.00000e-01
  929  4.03809e-01  1.25000e-01  0.00000e+00  0.00000e+00  0.00000e+00  1.00000e-01
  930  4.04785e-01  1.25000e-01  0.00000e+00  0.00000e+00  0.00000e+00  1.00000e-01
  931  4.05762e-01  1.25000e-01  0.00000e+00  0.00000e+00  0.00000e+00  1.00000e-01
  932  4.06738e-01  1.25000e-01  0.00000e+00  0.00000e+00  0.00000e+00  1.00000e-01
  933  4.07715e-01  1.25000e-01  0.00000e+00  0.00000e+00  0.00000e+00  1.00000e-01
  934  4.08691e-01  1.25000e-01  0.00000e+00  0.00000e+00  0.00000e+00  1.00000e-01
  935  4.09668e-01  1.25000e-01  0.00000e+00  0.00000e+00  0.00000e+00  1.00000e-01
  936  4.10645e-01  1.25000e-01  0.00000e+00  0.00000e+00  0.00000e+00  1.00000e-01
  937  4.11621e-01  1.25000e-01  0.00000e+00  0.00000e+00  0.00000e+00  1.00000e-01
  938  4.12598e-01  1.25000e-01  0.00000e+00  0.00000e+00  0.00000e+00  1.00000e-01
  939  4.13574e-01  1.25000e-01  0.00000e+00  0.00000e+00  0.00000e+00  1.00000e-01
  940  4.14551e-01  1.25000e-01  0.00000e+00  0.00000e+00  0.00000e+00  1.00000e-01
  941  4.15527e-01  1.25000e-01  0.00000e+00  0.00000e+00  0.00000e+00  1.00000e-01
  942  4.16504e-01  1.25000e-01  0.00000e+00  0.00000e+00  0.00000e+00  1.00000e-01
  943  4.17480e-01  1.25000e-01  0.00000e+00  0.00000e+00  0.00000e+00  1.00000e-01
  944  4.18457e-01  1.25000e-01  0.00000e+00  0.00000e+00  0.00000e+00  1.00000e-01
  945  4.19434e-01  1.25000e-01  0.00000e+00  0.00000e+00  0.00000e+00  1.00000e-01
  946  4.20410e-01  1.25000e-01  0.00000e+00  0.00000e+00  0.00000e+00  1.00000e-01
  947  4.21387e-01  1.25000e-01  0.00000e+00  0.00000e+00  0.00000e+00  1.00000e-01
  948  4.22363e-01  1.25000e-01  0.00000e+00  0.00000e+00  0.00000e+00  1.00000e-01
  949  4.23340e-01  1.25000e-01  0.00000e+00  0.00000e+00  0.00000e+00  1.00000e-01
  950  4.24316e-01  1.25000e-01  0.00000e+00  0.00000e+00  0.00000e+00  1.00000e-01
  951  4.25293e-01  1.25000e-01  0.00000e+00  0.00000e+00  0.00000e+00  1.00000e-01
  952  4.26270e-01  1.25000e-01  0.00000e+00  0.00000e+00  0.00000e+00  1.00000e-01
  953  4.27246e-01  1.25000e-01  0.00000e+00  0.00000e+00  0.00000e+00  1.00000e-01
  954  4.28223e-01  1.25000e-01  0.00000e+00  0.00000e+00  0.00000e+00  1.00000e-01
  955  4.29199e-01  1.25000e-01  0.00000e+00  0.00000e+00  0.00000e+00  1.00000e-01
  956  4.30176e-01  1.25000e-01  0.00000e+00  0.00000e+00  0.00000e+00  1.00000e-01
  957  4.31152e-01  1.25000e-01  0.00000e+00  0.00000e+00  0.00000e+00  1.00000e-01
  958  4.32129e-01  1.25000e-01  0.00000e+00  0.00000e+00  0.00000e+00  1.00000e-01
  959  4.33105e-01  1.25000e-01  0.00000e+00  0.00000e+00  0.00000e+00  1.00000e-01
  960  4.34082e-01  1.25000e-01  0.00000e+00  0.00000e+00  0.00000e+00  1.00000e-01
  961  4.35059e-01  1.25000e-01  0.00000e+00  0.00000e+00  0.00000e+00  1.00000e-01
  962  4.36035e-01  1.25000e-01  0.00000e+00  0.00000e+00  0.00000e+00  1.00000e-01
  963  4.37012e-01  1.25000e-01  0.00000e+00  0.00000e+00  0.00000e+00  1.00000e-01
  964  4.37988e-01  1.25000e-01  0.00000e+00  0.00000e+00  0.00000e+00  1.00000e-01
  965  4.38965e-01  1.25000e-01  0.00000e+00  0.00000e+00  0.00000e+00  1.00000e-01
  966  4.39941e-01  1.25000e-01  0.00000e+00  0.00000e+00  0.00000e+00  1.00000e-01
  967  4.40918e-01  1.25000e-01  0.00000e+00  0.00000e+00  0.00000e+00  1.00000e-01
  968  4.41895e-01  1.25000e-01  0.00000e+00  0.00000e+00  0.00000e+00  1.00000e-01
  969  4.42871e-01  1.25000e-01  0.00000e+00  0.00000e+00  0.00000e+00  1.00000e-01
  970  4.43848e-01  1.25000e-01  0.00000e+00  0.00000e+00  0.00000e+00  1.00000e-01
  971  4.44824e-01  1.25000e-01  0.00000e+00  0.00000e+00  0.00000e+00  1.00000e-01
  972  4.45801e-01  1.25000e-01  0.00000e+00  0.00000e+00  0.00000e+00  1.00000e-01
  973  4.46777e-01  1.25000e-01  0.00000e+00  0.00000e+00  0.00000e+00  1.00000e-01
  974  4.47754e-01  1.25000e-01  0.00000e+00  0.00000e+00  0.00000e+00  1.00000e-01
  975  4.48730e-01  1.25000e-01  0.00000e+00  0.00000e+00  0.00000e+00  1.00000e-01
  976  4.49707e-01  1.25000e-01  0.00000e+00  0.00000e+00  0.00000e+00  1.00000e-01
  977  4.50684e-01  1.25000e-01  0.00000e+00  0.00000e+00  0.00000e+00  1.00000e-01
  978  4.51660e-01  1.25000e-01  0.00000e+00  0.00000e+00  0.00000e+00  1.00000e-01
  979  4.52637e-01  1.25000e-01  0.00000e+00  0.00000e+00  0.00000e+00  1.00000e-01
  980  4.53613e-01  1.25000e-01  0.00000e+00  0.00000e+00  0.00000e+00  1.00000e-01
  981  4.54590e-01  1.25000e-01  0.00000e+00  0.00000e+00  0.00000e+00  1.00000e-01
  982  4.55566e-01  1.25000e-01  0.00000e+00  0.00000e+00  0.00000e+00  1.00000e-01
  983  4.56543e-01  1.25000e-01  0.00000e+00  0.00000e+00  0.00000e+00  1.00000e-01
  984  4.57520e-01  1.25000e-01  0.00000e+00  0.00000e+00  0.00000e+00  1.00000e-01
  985  4.58496e-01  1.25000e-01  0.00000e+00  0.00000e+00  0.00000e+00  1.00000e-01
  986  4.59473e-01  1.25000e-01  0.00000e+00  0.00000e+00  0.00000e+00  1.00000e-01
  987  4.60449e-01  1.25000e-01  0.00000e+00  0.00000e+00  0.00000e+00  1.00000e-01
  988  4.61426e-01  1.25000e-01  0.00000e+00  0.00000e+00  0.00000e+00  1.00000e-01
  989  4.62402e-01  1.25000e-01  0.00000e+00  0.00000e+00  0.00000e+00  1.00000e-01
  990  4.63379e-01  1.25000e-01  0.00000e+00  0.00000e+00  0.00000e+00  1.00000e-01
  991  4.64355e-01  1.25000e-01  0.00000e+00  0.00000e+00  0.00000e+00  1.00000e-01
  992  4.65332e-01  1.25000e-01  0.00000e+00  0.00000e+00  0.00000e+00  1.00000e-01
  993  4.66309e-01  1.25000e-01  0.00000e+00  0.00000e+00  0.00000e+00  1.00000e-01
  994  4.67285e-01  1.25000e-01  0.00000e+00  0.00000e+00  0.00000e+00  1.00000e-01
  995  4.68262e-01  1.25000e-01  0.00000e+00  0.00000e+00  0.00000e+00  1.00000e-01
  996  4.69238e-01  1.25000e-01  0.00000e+00  0.00000e+00  0.00000e+00  1.00000e-01
  997  4.70215e-01  1.25000e-01  0.00000e+00  0.00000e+00  0.00000e+00  1.00000e-01
  998  4.71191e-01  1.25000e-01  0.00000e+00  0.00000e+00  0.00000e+00  1.00000e-01
  999  4.72168e-01  1.25000e-01  0.00000e+00  0.00000e+00  0.00000e+00  1.00000e-01
 1000  4.73145e-01  1.25000e-01  0.00000e+00  0.00000e+00  0.00000e+00  1.00000e-01
 1001  4.74121e-01  1.25000e-01  0.00000e+00  0.00000e+00  0.00000e+00  1.00000e-01
 1002  4.75098e-01  1.25000e-01  0.00000e+00  0.00000e+00  0.00000e+00  1.00000e-01
 1003  4.76074e-01  1.25000e-01  0.00000e+00  0.00000e+00  0.00000e+00  1.00000e-01
 1004  4.77051e-01  1.25000e-01  0.00000e+00  0.00000e+00  0.00000e+00  1.00000e-01
 1005  4.78027e-01  1.25000e-01  0.00000e+00  0.00000e+00  0.00000e+00  1.00000e-01
 1006  4.79004e-01  1.25000e-01  0.00000e+00  0.00000e+00  0.00000e+00  1.00000e-01
 1007  4.79980e-01  1.25000e-01  0.00000e+00  0.00000e+00  0.00000e+00  1.00000e-01
 1008  4.80957e-01  1.25000e-01  0.00000e+00  0.00000e+00  0.00000e+00  1.00000e-01
 1009  4.81934e-01  1.25000e-01  0.00000e+00  0.00000e+00  0.00000e+00  1.00000e-01
 1010  4.82910e-01  1.25000e-01  0.00000e+00  0.00000e+00  0.00000e+00  1.00000e-01
 1011  4.83887e-01  1.25000e-01  0.00000e+00  0.00000e+00  0.00000e+00  1.00000e-01
 1012  4.84863e-01  1.25000e-01  0.00000e+00  0.00000e+00  0.00000e+00  1.00000e-01
 1013  4.85840e-01  1.25000e-01  0.00000e+00  0.00000e+00  0.00000e+00  1.00000e-01
 1014  4.86816e-01  1.25000e-01  0.00000e+00  0.00000e+00  0.00000e+00  1.00000e-01
 1015  4.87793e-01  1.25000e-01  0.00000e+00  0.00000e+00  0.00000e+00  1.00000e-01
 1016  4.88770e-01  1.25000e-01  0.00000e+00  0.00000e+00  0.00000e+00  1.00000e-01
 1017  4.89746e-01  1.25000e-01  0.00000e+00  0.00000e+00  0.00000e+00  1.00000e-01
 1018  4.90723e-01  1.25000e-01  0.00000e+00  0.00000e+00  0.00000e+00  1.00000e-01
 1019  4.91699e-01  1.25000e-01  0.00000e+00  0.00000e+00  0.00000e+00  1.00000e-01
 1020  4.92676e-01  1.25000e-01  0.00000e+00  0.00000e+00  0.00000e+00  1.00000e-01
 1021  4.93652e-01  1.25000e-01  0.00000e+00  0.00000e+00  0.00000e+00  1.00000e-01
 1022  4.94629e-01  1.25000e-01  0.00000e+00  0.00000e+00  0.00000e+00  1.00000e-01
 1023  4.95605e-01  1.25000e-01  0.00000e+00  0.00000e+00  0.00000e+00  1.00000e-01
 1024  4.96582e-01  1.25000e-01  0.00000e+00  0.00000e+00  0.00000e+00  1.00000e-01
 1025  4.97559e-01  1.25000e-01  0.00000e+00  0.00000e+00  0.00000e+00  1.00000e-01
 1026  4.98535e-01  1.25000e-01  0.00000e+00  0.00000e+00  0.00000e+00  1.00000e-01
 1027  4.99512e-01  1.25000e-01  0.00000e+00  0.00000e+00  0.00000e+00  1.00000e-01
