# Nx1 = 1024
# x1-size = 1
# PRIMITIVE vars at Time = 0.25, level= 0, domain= 0
# [1]=i-zone [2]=x1 [3]=d [4]=V1 [5]=V2 [6]=V3 [7]=P
    4 -4.99512e-01  1.00000e+00  2.86562e-17  0.00000e+00  0.00000e+00  1.00000e+00
    5 -4.98535e-01  1.00000e+00 -3.13055e-20  0.00000e+00  0.00000e+00  1.00000e+00
    6 -4.97559e-01  1.00000e+00  9.29829e-20  0.00000e+00  0.00000e+00  1.00000e+00
    7 -4.96582e-01  1.00000e+00  1.26770e-19  0.00000e+00  0.00000e+00  1.00000e+00
    8 -4.95605e-01  1.00000e+00 -3.46689e-20  0.00000e+00  0.00000e+00  1.00000e+00
    9 -4.94629e-01  1.00000e+00 -6.17692e-20  0.00000e+00  0.00000e+00  1.00000e+00
   10 -4.93652e-01  1.00000e+00  1.44037e-20  0.00000e+00  0.00000e+00  1.00000e+00
   11 -4.92676e-01  1.00000e+00 -1.52402e-21  0.00000e+00  0.00000e+00  1.00000e+00
   12 -4.91699e-01  1.00000e+00 -3.95254e-20  0.00000e+00  0.00000e+00  1.00000e+00
   13 -4.90723e-01  1.00000e+00  5.22625e-17  0.00000e+00  0.00000e+00  1.00000e+00
   14 -4.89746e-01  1.00000e+00  2.86319e-17  0.00000e+00  0.00000e+00  1.00000e+00
   15 -4.88770e-01  1.00000e+00 -3.67071e-20  0.00000e+00  0.00000e+00  1.00000e+00
   16 -4.87793e-01  1.00000e+00 -9.58005e-22  0.00000e+00  0.00000e+00  1.00000e+00
   17 -4.86816e-01  1.00000e+00  1.23053e-19  0.00000e+00  0.00000e+00  1.00000e+00
   18 -4.85840e-01  1.00000e+00 -1.07354e-21  0.00000e+00  0.00000e+00  1.00000e+00
   19 -4.84863e-01  1.00000e+00 -1.09749e-20  0.00000e+00  0.00000e+00  1.00000e+00
   20 -4.83887e-01  1.00000e+00  1.29518e-20  0.00000e+00  0.00000e+00  1.00000e+00
   21 -4.82910e-01  1.00000e+00  8.83728e-20  0.00000e+00  0.00000e+00  1.00000e+00
   22 -4.81934e-01  1.00000e+00 -1.81278e-20  0.00000e+00  0.00000e+00  1.00000e+00
   23 -4.80957e-01  1.00000e+00 -4.23666e-20  0.00000e+00  0.00000e+00  1.00000e+00
   24 -4.79980e-01  1.00000e+00 -3.52791e-20  0.00000e+00  0.00000e+00  1.00000e+00
   25 -4.79004e-01  1.00000e+00  5.22236e-17  0.00000e+00  0.00000e+00  1.00000e+00
   26 -4.78027e-01  1.00000e+00  2.86544e-17  0.00000e+00  0.00000e+00  1.00000e+00
   27 -4.77051e-01  1.00000e+00 -3.12006e-20  0.00000e+00  0.00000e+00  1.00000e+00
   28 -4.76074e-01  1.00000e+00  5.71697e-20  0.00000e+00  0.00000e+00  1.00000e+00
   29 -4.75098e-01  1.00000e+00 -6.23058e-20  0.00000e+00  0.00000e+00  1.00000e+00
   30 -4.74121e-01  1.00000e+00 -6.48920e-20  0.00000e+00  0.00000e+00  1.00000e+00
   31 -4.73145e-01  1.00000e+00  1.05527e-19  0.00000e+00  0.00000e+00  1.00000e+00
   32 -4.72168e-01  1.00000e+00  1.66100e-19  0.00000e+00  0.00000e+00  1.00000e+00
   33 -4.71191e-01  1.00000e+00 -3.35498e-20  0.00000e+00  0.00000e+00  1.00000e+00
   34 -4.70215e-01  1.00000e+00  5.22178e-17  0.00000e+00  0.00000e+00  1.00000e+00
   35 -4.69238e-01  1.00000e+00  2.86639e-17  0.00000e+00  0.00000e+00  1.00000e+00
   36 -4.68262e-01  1.00000e+00 -3.17648e-20  0.00000e+00  0.00000e+00  1.00000e+00
   37 -4.67285e-01  1.00000e+00 -2.43688e-20  0.00000e+00  0.00000e+00  1.00000e+00
   38 -4.66309e-01  1.00000e+00  8.98009e-21  0.00000e+00  0.00000e+00  1.00000e+00
   39 -4.65332e-01  1.00000e+00 -7.12910e-20  0.00000e+00  0.00000e+00  1.00000e+00
   40 -4.64355e-01  1.00000e+00 -9.12986e-20  0.00000e+00  0.00000e+00  1.00000e+00
   41 -4.63379e-01  1.00000e+00 -3.02187e-20  0.00000e+00  0.00000e+00  1.00000e+00
   42 -4.62402e-01  1.00000e+00  1.49929e-19  0.00000e+00  0.00000e+00  1.00000e+00
   43 -4.61426e-01  1.00000e+00  1.72923e-19  0.00000e+00  0.00000e+00  1.00000e+00
   44 -4.60449e-01  1.00000e+00 -2.07565e-20  0.00000e+00  0.00000e+00  1.00000e+00
   45 -4.59473e-01  1.00000e+00  5.22030e-17  0.00000e+00  0.00000e+00  1.00000e+00
   46 -4.58496e-01  1.00000e+00  2.86778e-17  0.00000e+00  0.00000e+00  1.00000e+00
   47 -4.57520e-01  1.00000e+00 -6.36790e-20  0.00000e+00  0.00000e+00  1.00000e+00
   48 -4.56543e-01  1.00000e+00 -1.45860e-20  0.00000e+00  0.00000e+00  1.00000e+00
   49 -4.55566e-01  1.00000e+00  6.82434e-21  0.00000e+00  0.00000e+00  1.00000e+00
   50 -4.54590e-01  1.00000e+00 -1.26679e-19  0.00000e+00  0.00000e+00  1.00000e+00
   51 -4.53613e-01  1.00000e+00 -3.63227e-20  0.00000e+00  0.00000e+00  1.00000e+00
   52 -4.52637e-01  1.00000e+00  5.06242e-20  0.00000e+00  0.00000e+00  1.00000e+00
   53 -4.51660e-01  1.00000e+00  1.18240e-19  0.00000e+00  0.00000e+00  1.00000e+00
   54 -4.50684e-01  1.00000e+00  7.92654e-20  0.00000e+00  0.00000e+00  1.00000e+00
   55 -4.49707e-01  1.00000e+00  5.22574e-17  0.00000e+00  0.00000e+00  1.00000e+00
   56 -4.48730e-01  1.00000e+00  2.86552e-17  0.00000e+00  0.00000e+00  1.00000e+00
   57 -4.47754e-01  1.00000e+00  5.55215e-20  0.00000e+00  0.00000e+00  1.00000e+00
   58 -4.46777e-01  1.00000e+00 -5.19172e-20  0.00000e+00  0.00000e+00  1.00000e+00
   59 -4.45801e-01  1.00000e+00  1.54088e-20  0.00000e+00  0.00000e+00  1.00000e+00
   60 -4.44824e-01  1.00000e+00 -7.96756e-20  0.00000e+00  0.00000e+00  1.00000e+00
   61 -4.43848e-01  1.00000e+00 -1.25223e-19  0.00000e+00  0.00000e+00  1.00000e+00
   62 -4.42871e-01  1.00000e+00 -2.25334e-22  0.00000e+00  0.00000e+00  1.00000e+00
   63 -4.41895e-01  1.00000e+00  5.23450e-17  0.00000e+00  0.00000e+00  1.00000e+00
   64 -4.40918e-01  1.00000e+00  2.87559e-17  0.00000e+00  0.00000e+00  1.00000e+00
   65 -4.39941e-01  1.00000e+00 -7.55902e-20  0.00000e+00  0.00000e+00  1.00000e+00
   66 -4.38965e-01  1.00000e+00 -3.16860e-20  0.00000e+00  0.00000e+00  1.00000e+00
   67 -4.37988e-01  1.00000e+00  5.23658e-17  0.00000e+00  0.00000e+00  1.00000e+00
   68 -4.37012e-01  1.00000e+00  2.87590e-17  0.00000e+00  0.00000e+00  1.00000e+00
   69 -4.36035e-01  1.00000e+00 -6.53199e-20  0.00000e+00  0.00000e+00  1.00000e+00
   70 -4.35059e-01  1.00000e+00  1.63540e-21  0.00000e+00  0.00000e+00  1.00000e+00
   71 -4.34082e-01  1.00000e+00 -6.19951e-20  0.00000e+00  0.00000e+00  1.00000e+00
   72 -4.33105e-01  1.00000e+00  5.21808e-17  0.00000e+00  0.00000e+00  1.00000e+00
   73 -4.32129e-01  1.00000e+00  2.87272e-17  0.00000e+00  0.00000e+00  1.00000e+00
   74 -4.31152e-01  1.00000e+00  7.66056e-20  0.00000e+00  0.00000e+00  1.00000e+00
   75 -4.30176e-01  1.00000e+00 -3.83435e-20  0.00000e+00  0.00000e+00  1.00000e+00
   76 -4.29199e-01  1.00000e+00 -1.05672e-19  0.00000e+00  0.00000e+00  1.00000e+00
   77 -4.28223e-01  1.00000e+00 -8.54289e-20  0.00000e+00  0.00000e+00  1.00000e+00
   78 -4.27246e-01  1.00000e+00  1.63976e-19  0.00000e+00  0.00000e+00  1.00000e+00
   79 -4.26270e-01  1.00000e+00  1.68429e-19  0.00000e+00  0.00000e+00  1.00000e+00
   80 -4.25293e-01  1.00000e+00 -4.88233e-20  0.00000e+00  0.00000e+00  1.00000e+00
   81 -4.24316e-01  1.00000e+00 -1.87872e-20  0.00000e+00  0.00000e+00  1.00000e+00
   82 -4.23340e-01  1.00000e+00 -5.43139e-20  0.00000e+00  0.00000e+00  1.00000e+00
   83 -4.22363e-01  1.00000e+00 -8.71188e-20  0.00000e+00  0.00000e+00  1.00000e+00
   84 -4.21387e-01  1.00000e+00  3.41391e-20  0.00000e+00  0.00000e+00  1.00000e+00
   85 -4.20410e-01  1.00000e+00  4.67052e-20  0.00000e+00  0.00000e+00  1.00000e+00
   86 -4.19434e-01  1.00000e+00 -1.21636e-19  0.00000e+00  0.00000e+00  1.00000e+00
   87 -4.18457e-01  1.00000e+00 -4.96710e-20  0.00000e+00  0.00000e+00  1.00000e+00
   88 -4.17480e-01  1.00000e+00 -1.35626e-20  0.00000e+00  0.00000e+00  1.00000e+00
   89 -4.16504e-01  1.00000e+00  1.13890e-19  0.00000e+00  0.00000e+00  1.00000e+00
   90 -4.15527e-01  1.00000e+00  1.13708e-19  0.00000e+00  0.00000e+00  1.00000e+00
   91 -4.14551e-01  1.00000e+00 -9.57546e-21  0.00000e+00  0.00000e+00  1.00000e+00
   92 -4.13574e-01  1.00000e+00 -3.71572e-21  0.00000e+00  0.00000e+00  1.00000e+00
   93 -4.12598e-01  1.00000e+00  1.67899e-20  0.00000e+00  0.00000e+00  1.00000e+00
   94 -4.11621e-01  1.00000e+00 -8.95956e-20  0.00000e+00  0.00000e+00  1.00000e+00
   95 -4.10645e-01  1.00000e+00  4.50750e-20  0.00000e+00  0.00000e+00  1.00000e+00
   96 -4.09668e-01  1.00000e+00 -1.93702e-20  0.00000e+00  0.00000e+00  1.00000e+00
   97 -4.08691e-01  1.00000e+00 -1.14844e-19  0.00000e+00  0.00000e+00  1.00000e+00
   98 -4.07715e-01  1.00000e+00 -3.43390e-20  0.00000e+00  0.00000e+00  1.00000e+00
   99 -4.06738e-01  1.00000e+00  3.93740e-20  0.00000e+00  0.00000e+00  1.00000e+00
  100 -4.05762e-01  1.00000e+00  8.86075e-20  0.00000e+00  0.00000e+00  1.00000e+00
  101 -4.04785e-01  1.00000e+00  5.22731e-17  0.00000e+00  0.00000e+00  1.00000e+00
  102 -4.03809e-01  1.00000e+00  2.86556e-17  0.00000e+00  0.00000e+00  1.00000e+00
  103 -4.02832e-01  1.00000e+00  3.16543e-20  0.00000e+00  0.00000e+00  1.00000e+00
  104 -4.01855e-01  1.00000e+00  7.03344e-20  0.00000e+00  0.00000e+00  1.00000e+00
  105 -4.00879e-01  1.00000e+00 -5.00973e-20  0.00000e+00  0.00000e+00  1.00000e+00
  106 -3.99902e-01  1.00000e+00 -1.20906e-20  0.00000e+00  0.00000e+00  1.00000e+00
  107 -3.98926e-01  1.00000e+00 -7.35713e-20  0.00000e+00  0.00000e+00  1.00000e+00
  108 -3.97949e-01  1.00000e+00 -6.93366e-20  0.00000e+00  0.00000e+00  1.00000e+00
  109 -3.96973e-01  1.00000e+00  4.21630e-20  0.00000e+00  0.00000e+00  1.00000e+00
  110 -3.95996e-01  1.00000e+00  8.24007e-20  0.00000e+00  0.00000e+00  1.00000e+00
  111 -3.95020e-01  1.00000e+00 -9.13887e-21  0.00000e+00  0.00000e+00  1.00000e+00
  112 -3.94043e-01  1.00000e+00  5.21893e-17  0.00000e+00  0.00000e+00  1.00000e+00
  113 -3.93066e-01  1.00000e+00  2.85823e-17  0.00000e+00  0.00000e+00  1.00000e+00
  114 -3.92090e-01  1.00000e+00  8.26756e-20  0.00000e+00  0.00000e+00  1.00000e+00
  115 -3.91113e-01  1.00000e+00  1.66253e-19  0.00000e+00  0.00000e+00  1.00000e+00
  116 -3.90137e-01  1.00000e+00 -3.59273e-20  0.00000e+00  0.00000e+00  1.00000e+00
  117 -3.89160e-01  1.00000e+00 -6.64733e-20  0.00000e+00  0.00000e+00  1.00000e+00
  118 -3.88184e-01  1.00000e+00  5.22260e-17  0.00000e+00  0.00000e+00  1.00000e+00
  119 -3.87207e-01  1.00000e+00  2.86729e-17  0.00000e+00  0.00000e+00  1.00000e+00
  120 -3.86230e-01  1.00000e+00 -8.99289e-21  0.00000e+00  0.00000e+00  1.00000e+00
  121 -3.85254e-01  1.00000e+00  8.58668e-20  0.00000e+00  0.00000e+00  1.00000e+00
  122 -3.84277e-01  1.00000e+00  5.22026e-17  0.00000e+00  0.00000e+00  1.00000e+00
  123 -3.83301e-01  1.00000e+00  2.85743e-17  0.00000e+00  0.00000e+00  1.00000e+00
  124 -3.82324e-01  1.00000e+00 -7.73383e-20  0.00000e+00  0.00000e+00  1.00000e+00
  125 -3.81348e-01  1.00000e+00  1.21544e-19  0.00000e+00  0.00000e+00  1.00000e+00
  126 -3.80371e-01  1.00000e+00  1.72536e-19  0.00000e+00  0.00000e+00  1.00000e+00
  127 -3.79395e-01  1.00000e+00 -5.65457e-20  0.00000e+00  0.00000e+00  1.00000e+00
  128 -3.78418e-01  1.00000e+00 -9.63801e-20  0.00000e+00  0.00000e+00  1.00000e+00
  129 -3.77441e-01  1.00000e+00  3.71132e-20  0.00000e+00  0.00000e+00  1.00000e+00
  130 -3.76465e-01  1.00000e+00  8.94399e-21  0.00000e+00  0.00000e+00  1.00000e+00
  131 -3.75488e-01  1.00000e+00  1.92233e-20  0.00000e+00  0.00000e+00  1.00000e+00
  132 -3.74512e-01  1.00000e+00  3.07066e-21  0.00000e+00  0.00000e+00  1.00000e+00
  133 -3.73535e-01  1.00000e+00 -9.88052e-20  0.00000e+00  0.00000e+00  1.00000e+00
  134 -3.72559e-01  1.00000e+00 -7.87577e-20  0.00000e+00  0.00000e+00  1.00000e+00
  135 -3.71582e-01  1.00000e+00  1.42851e-20  0.00000e+00  0.00000e+00  1.00000e+00
  136 -3.70605e-01  1.00000e+00  1.33347e-19  0.00000e+00  0.00000e+00  1.00000e+00
  137 -3.69629e-01  1.00000e+00  4.00589e-20  0.00000e+00  0.00000e+00  1.00000e+00
  138 -3.68652e-01  1.00000e+00 -5.32688e-20  0.00000e+00  0.00000e+00  1.00000e+00
  139 -3.67676e-01  1.00000e+00 -3.19143e-20  0.00000e+00  0.00000e+00  1.00000e+00
  140 -3.66699e-01  1.00000e+00  9.53397e-20  0.00000e+00  0.00000e+00  1.00000e+00
  141 -3.65723e-01  1.00000e+00  9.47865e-22  0.00000e+00  0.00000e+00  1.00000e+00
  142 -3.64746e-01  1.00000e+00  6.99514e-21  0.00000e+00  0.00000e+00  1.00000e+00
  143 -3.63770e-01  1.00000e+00  5.22055e-17  0.00000e+00  0.00000e+00  1.00000e+00
  144 -3.62793e-01  1.00000e+00  2.85806e-17  0.00000e+00  0.00000e+00  1.00000e+00
  145 -3.61816e-01  1.00000e+00 -4.18202e-20  0.00000e+00  0.00000e+00  1.00000e+00
  146 -3.60840e-01  1.00000e+00  8.07390e-20  0.00000e+00  0.00000e+00  1.00000e+00
  147 -3.59863e-01  1.00000e+00  5.23593e-17  0.00000e+00  0.00000e+00  1.00000e+00
  148 -3.58887e-01  1.00000e+00  2.85825e-17  0.00000e+00  0.00000e+00  1.00000e+00
  149 -3.57910e-01  1.00000e+00 -1.62437e-19  0.00000e+00  0.00000e+00  1.00000e+00
  150 -3.56934e-01  1.00000e+00  1.08198e-19  0.00000e+00  0.00000e+00  1.00000e+00
  151 -3.55957e-01  1.00000e+00  1.96041e-19  0.00000e+00  0.00000e+00  1.00000e+00
  152 -3.54980e-01  1.00000e+00 -5.55729e-20  0.00000e+00  0.00000e+00  1.00000e+00
  153 -3.54004e-01  1.00000e+00 -5.22633e-20  0.00000e+00  0.00000e+00  1.00000e+00
  154 -3.53027e-01  1.00000e+00  1.07232e-20  0.00000e+00  0.00000e+00  1.00000e+00
  155 -3.52051e-01  1.00000e+00 -1.75941e-20  0.00000e+00  0.00000e+00  1.00000e+00
  156 -3.51074e-01  1.00000e+00 -3.38913e-20  0.00000e+00  0.00000e+00  1.00000e+00
  157 -3.50098e-01  1.00000e+00  8.90984e-20  0.00000e+00  0.00000e+00  1.00000e+00
  158 -3.49121e-01  1.00000e+00  5.22343e-17  0.00000e+00  0.00000e+00  1.00000e+00
  159 -3.48145e-01  1.00000e+00  2.85173e-17  0.00000e+00  0.00000e+00  1.00000e+00
  160 -3.47168e-01  1.00000e+00 -1.63170e-19  0.00000e+00  0.00000e+00  1.00000e+00
  161 -3.46191e-01  1.00000e+00  1.85988e-19  0.00000e+00  0.00000e+00  1.00000e+00
  162 -3.45215e-01  1.00000e+00  1.99365e-19  0.00000e+00  0.00000e+00  1.00000e+00
  163 -3.44238e-01  1.00000e+00 -1.25914e-19  0.00000e+00  0.00000e+00  1.00000e+00
  164 -3.43262e-01  1.00000e+00 -9.60702e-20  0.00000e+00  0.00000e+00  1.00000e+00
  165 -3.42285e-01  1.00000e+00  8.73269e-20  0.00000e+00  0.00000e+00  1.00000e+00
  166 -3.41309e-01  1.00000e+00  2.27847e-20  0.00000e+00  0.00000e+00  1.00000e+00
  167 -3.40332e-01  1.00000e+00  2.26909e-20  0.00000e+00  0.00000e+00  1.00000e+00
  168 -3.39355e-01  1.00000e+00  5.22782e-17  0.00000e+00  0.00000e+00  1.00000e+00
  169 -3.38379e-01  1.00000e+00  2.85857e-17  0.00000e+00  0.00000e+00  1.00000e+00
  170 -3.37402e-01  1.00000e+00 -1.51412e-19  0.00000e+00  0.00000e+00  1.00000e+00
  171 -3.36426e-01  1.00000e+00 -3.18813e-20  0.00000e+00  0.00000e+00  1.00000e+00
  172 -3.35449e-01  1.00000e+00  2.28658e-19  0.00000e+00  0.00000e+00  1.00000e+00
  173 -3.34473e-01  1.00000e+00  2.88270e-20  0.00000e+00  0.00000e+00  1.00000e+00
  174 -3.33496e-01  1.00000e+00 -1.38311e-19  0.00000e+00  0.00000e+00  1.00000e+00
  175 -3.32520e-01  1.00000e+00 -1.77628e-21  0.00000e+00  0.00000e+00  1.00000e+00
  176 -3.31543e-01  1.00000e+00  1.92192e-19  0.00000e+00  0.00000e+00  1.00000e+00
  177 -3.30566e-01  1.00000e+00 -3.48696e-23  0.00000e+00  0.00000e+00  1.00000e+00
  178 -3.29590e-01  1.00000e+00  6.57676e-21  0.00000e+00  0.00000e+00  1.00000e+00
  179 -3.28613e-01  1.00000e+00 -2.30632e-20  0.00000e+00  0.00000e+00  1.00000e+00
  180 -3.27637e-01  1.00000e+00 -1.29043e-19  0.00000e+00  0.00000e+00  1.00000e+00
  181 -3.26660e-01  1.00000e+00 -9.77187e-20  0.00000e+00  0.00000e+00  1.00000e+00
  182 -3.25684e-01  1.00000e+00  7.31162e-20  0.00000e+00  0.00000e+00  1.00000e+00
  183 -3.24707e-01  1.00000e+00  5.23725e-17  0.00000e+00  0.00000e+00  1.00000e+00
  184 -3.23730e-01  1.00000e+00  2.85718e-17  0.00000e+00  0.00000e+00  1.00000e+00
  185 -3.22754e-01  1.00000e+00 -2.05128e-19  0.00000e+00  0.00000e+00  1.00000e+00
  186 -3.21777e-01  1.00000e+00  1.22535e-19  0.00000e+00  0.00000e+00  1.00000e+00
  187 -3.20801e-01  1.00000e+00  2.27307e-19  0.00000e+00  0.00000e+00  1.00000e+00
  188 -3.19824e-01  1.00000e+00 -6.05270e-20  0.00000e+00  0.00000e+00  1.00000e+00
  189 -3.18848e-01  1.00000e+00 -4.29959e-20  0.00000e+00  0.00000e+00  1.00000e+00
  190 -3.17871e-01  1.00000e+00  3.65304e-20  0.00000e+00  0.00000e+00  1.00000e+00
  191 -3.16895e-01  1.00000e+00 -2.58922e-20  0.00000e+00  0.00000e+00  1.00000e+00
  192 -3.15918e-01  1.00000e+00 -2.72868e-20  0.00000e+00  0.00000e+00  1.00000e+00
  193 -3.14941e-01  1.00000e+00  5.23534e-17  0.00000e+00  0.00000e+00  1.00000e+00
  194 -3.13965e-01  1.00000e+00  2.86984e-17  0.00000e+00  0.00000e+00  1.00000e+00
  195 -3.12988e-01  1.00000e+00 -2.47332e-19  0.00000e+00  0.00000e+00  1.00000e+00
  196 -3.12012e-01  1.00000e+00 -2.06669e-19  0.00000e+00  0.00000e+00  1.00000e+00
  197 -3.11035e-01  1.00000e+00  4.07437e-17  0.00000e+00  0.00000e+00  1.00000e+00
  198 -3.10059e-01  1.00000e+00  7.82550e-16  0.00000e+00  0.00000e+00  1.00000e+00
  199 -3.09082e-01  1.00000e+00  8.53506e-15  0.00000e+00  0.00000e+00  1.00000e+00
  200 -3.08105e-01  1.00000e+00  9.33228e-14  0.00000e+00  0.00000e+00  1.00000e+00
  201 -3.07129e-01  1.00000e+00  9.97907e-13  0.00000e+00  0.00000e+00  1.00000e+00
  202 -3.06152e-01  1.00000e+00  1.05932e-11  0.00000e+00  0.00000e+00  1.00000e+00
  203 -3.05176e-01  1.00000e+00  1.12477e-10  0.00000e+00  0.00000e+00  1.00000e+00
  204 -3.04199e-01  1.00000e+00  1.19408e-09  0.00000e+00  0.00000e+00  1.00000e+00
  205 -3.03223e-01  1.00000e+00  1.26678e-08  0.00000e+00  0.00000e+00  1.00000e+00
  206 -3.02246e-01  1.00000e+00  1.34526e-07  0.00000e+00  0.00000e+00  1.00000e+00
  207 -3.01270e-01  9.99999e-01  1.42520e-06  0.00000e+00  0.00000e+00  9.99998e-01
  208 -3.00293e-01  9.99987e-01  1.48933e-05  0.00000e+00  0.00000e+00  9.99982e-01
  209 -2.99316e-01  9.99890e-01  1.29814e-04  0.00000e+00  0.00000e+00  9.99846e-01
  210 -2.98340e-01  9.99503e-01  5.87815e-04  0.00000e+00  0.00000e+00  9.99305e-01
  211 -2.97363e-01  9.98648e-01  1.60071e-03  0.00000e+00  0.00000e+00  9.98108e-01
  212 -2.96387e-01  9.97281e-01  3.22132e-03  0.00000e+00  0.00000e+00  9.96195e-01
  213 -2.95410e-01  9.95481e-01  5.35733e-03  0.00000e+00  0.00000e+00  9.93679e-01
  214 -2.94434e-01  9.93374e-01  7.86125e-03  0.00000e+00  0.00000e+00  9.90736e-01
  215 -2.93457e-01  9.91074e-01  1.06004e-02  0.00000e+00  0.00000e+00  9.87526e-01
  216 -2.92480e-01  9.88658e-01  1.34826e-02  0.00000e+00  0.00000e+00  9.84157e-01
  217 -2.91504e-01  9.86173e-01  1.64527e-02  0.00000e+00  0.00000e+00  9.80696e-01
  218 -2.90527e-01  9.83646e-01  1.94797e-02  0.00000e+00  0.00000e+00  9.77179e-01
  219 -2.89551e-01  9.81090e-01  2.25462e-02  0.00000e+00  0.00000e+00  9.73627e-01
  220 -2.88574e-01  9.78516e-01  2.56420e-02  0.00000e+00  0.00000e+00  9.70053e-01
  221 -2.87598e-01  9.75929e-01  2.87604e-02  0.00000e+00  0.00000e+00  9.66464e-01
  222 -2.86621e-01  9.73332e-01  3.18968e-02  0.00000e+00  0.00000e+00  9.62866e-01
  223 -2.85645e-01  9.70729e-01  3.50477e-02  0.00000e+00  0.00000e+00  9.59262e-01
  224 -2.84668e-01  9.68121e-01  3.82106e-02  0.00000e+00  0.00000e+00  9.55657e-01
  225 -2.83691e-01  9.65511e-01  4.13836e-02  0.00000e+00  0.00000e+00  9.52051e-01
  226 -2.82715e-01  9.62900e-01  4.45650e-02  0.00000e+00  0.00000e+00  9.48448e-01
  227 -2.81738e-01  9.60288e-01  4.77537e-02  0.00000e+00  0.00000e+00  9.44849e-01
  228 -2.80762e-01  9.57677e-01  5.09486e-02  0.00000e+00  0.00000e+00  9.41254e-01
  229 -2.79785e-01  9.55067e-01  5.41490e-02  0.00000e+00  0.00000e+00  9.37664e-01
  230 -2.78809e-01  9.52459e-01  5.73542e-02  0.00000e+00  0.00000e+00  9.34081e-01
  231 -2.77832e-01  9.49853e-01  6.05636e-02  0.00000e+00  0.00000e+00  9.30505e-01
  232 -2.76855e-01  9.47249e-01  6.37768e-02  0.00000e+00  0.00000e+00  9.26937e-01
  233 -2.75879e-01  9.44649e-01  6.69934e-02  0.00000e+00  0.00000e+00  9.23376e-01
  234 -2.74902e-01  9.42052e-01  7.02131e-02  0.00000e+00  0.00000e+00  9.19824e-01
  235 -2.73926e-01  9.39458e-01  7.34355e-02  0.00000e+00  0.00000e+00  9.16281e-01
  236 -2.72949e-01  9.36869e-01  7.66603e-02  0.00000e+00  0.00000e+00  9.12747e-01
  237 -2.71973e-01  9.34283e-01  7.98875e-02  0.00000e+00  0.00000e+00  9.09222e-01
  238 -2.70996e-01  9.31701e-01  8.31167e-02  0.00000e+00  0.00000e+00  9.05706e-01
  239 -2.70020e-01  9.29123e-01  8.63478e-02  0.00000e+00  0.00000e+00  9.02200e-01
  240 -2.69043e-01  9.26550e-01  8.95807e-02  0.00000e+00  0.00000e+00  8.98703e-01
  241 -2.68066e-01  9.23981e-01  9.28151e-02  0.00000e+00  0.00000e+00  8.95217e-01
  242 -2.67090e-01  9.21416e-01  9.60511e-02  0.00000e+00  0.00000e+00  8.91740e-01
  243 -2.66113e-01  9.18857e-01  9.92885e-02  0.00000e+00  0.00000e+00  8.88274e-01
  244 -2.65137e-01  9.16301e-01  1.02527e-01  0.00000e+00  0.00000e+00  8.84818e-01
  245 -2.64160e-01  9.13751e-01  1.05767e-01  0.00000e+00  0.00000e+00  8.81372e-01
  246 -2.63184e-01  9.11206e-01  1.09008e-01  0.00000e+00  0.00000e+00  8.77936e-01
  247 -2.62207e-01  9.08665e-01  1.12250e-01  0.00000e+00  0.00000e+00  8.74511e-01
  248 -2.61230e-01  9.06129e-01  1.15493e-01  0.00000e+00  0.00000e+00  8.71096e-01
  249 -2.60254e-01  9.03598e-01  1.18737e-01  0.00000e+00  0.00000e+00  8.67692e-01
  250 -2.59277e-01  9.01072e-01  1.21981e-01  0.00000e+00  0.00000e+00  8.64298e-01
  251 -2.58301e-01  8.98552e-01  1.25227e-01  0.00000e+00  0.00000e+00  8.60915e-01
  252 -2.57324e-01  8.96036e-01  1.28473e-01  0.00000e+00  0.00000e+00  8.57542e-01
  253 -2.56348e-01  8.93525e-01  1.31720e-01  0.00000e+00  0.00000e+00  8.54180e-01
  254 -2.55371e-01  8.91020e-01  1.34968e-01  0.00000e+00  0.00000e+00  8.50829e-01
  255 -2.54395e-01  8.88519e-01  1.38216e-01  0.00000e+00  0.00000e+00  8.47488e-01
  256 -2.53418e-01  8.86024e-01  1.41465e-01  0.00000e+00  0.00000e+00  8.44158e-01
  257 -2.52441e-01  8.83534e-01  1.44714e-01  0.00000e+00  0.00000e+00  8.40838e-01
  258 -2.51465e-01  8.81049e-01  1.47964e-01  0.00000e+00  0.00000e+00  8.37530e-01
  259 -2.50488e-01  8.78569e-01  1.51215e-01  0.00000e+00  0.00000e+00  8.34231e-01
  260 -2.49512e-01  8.76095e-01  1.54466e-01  0.00000e+00  0.00000e+00  8.30944e-01
  261 -2.48535e-01  8.73626e-01  1.57717e-01  0.00000e+00  0.00000e+00  8.27667e-01
  262 -2.47559e-01  8.71162e-01  1.60969e-01  0.00000e+00  0.00000e+00  8.24401e-01
  263 -2.46582e-01  8.68703e-01  1.64222e-01  0.00000e+00  0.00000e+00  8.21145e-01
  264 -2.45605e-01  8.66249e-01  1.67474e-01  0.00000e+00  0.00000e+00  8.17900e-01
  265 -2.44629e-01  8.63801e-01  1.70727e-01  0.00000e+00  0.00000e+00  8.14666e-01
  266 -2.43652e-01  8.61358e-01  1.73981e-01  0.00000e+00  0.00000e+00  8.11442e-01
  267 -2.42676e-01  8.58921e-01  1.77234e-01  0.00000e+00  0.00000e+00  8.08229e-01
  268 -2.41699e-01  8.56488e-01  1.80488e-01  0.00000e+00  0.00000e+00  8.05026e-01
  269 -2.40723e-01  8.54061e-01  1.83743e-01  0.00000e+00  0.00000e+00  8.01835e-01
  270 -2.39746e-01  8.51640e-01  1.86997e-01  0.00000e+00  0.00000e+00  7.98653e-01
  271 -2.38770e-01  8.49223e-01  1.90252e-01  0.00000e+00  0.00000e+00  7.95482e-01
  272 -2.37793e-01  8.46812e-01  1.93507e-01  0.00000e+00  0.00000e+00  7.92322e-01
  273 -2.36816e-01  8.44406e-01  1.96763e-01  0.00000e+00  0.00000e+00  7.89173e-01
  274 -2.35840e-01  8.42005e-01  2.00018e-01  0.00000e+00  0.00000e+00  7.86033e-01
  275 -2.34863e-01  8.39610e-01  2.03274e-01  0.00000e+00  0.00000e+00  7.82905e-01
  276 -2.33887e-01  8.37220e-01  2.06530e-01  0.00000e+00  0.00000e+00  7.79787e-01
  277 -2.32910e-01  8.34836e-01  2.09786e-01  0.00000e+00  0.00000e+00  7.76679e-01
  278 -2.31934e-01  8.32456e-01  2.13043e-01  0.00000e+00  0.00000e+00  7.73582e-01
  279 -2.30957e-01  8.30082e-01  2.16299e-01  0.00000e+00  0.00000e+00  7.70495e-01
  280 -2.29980e-01  8.27713e-01  2.19556e-01  0.00000e+00  0.00000e+00  7.67418e-01
  281 -2.29004e-01  8.25350e-01  2.22813e-01  0.00000e+00  0.00000e+00  7.64352e-01
  282 -2.28027e-01  8.22992e-01  2.26070e-01  0.00000e+00  0.00000e+00  7.61296e-01
  283 -2.27051e-01  8.20639e-01  2.29327e-01  0.00000e+00  0.00000e+00  7.58251e-01
  284 -2.26074e-01  8.18291e-01  2.32585e-01  0.00000e+00  0.00000e+00  7.55216e-01
  285 -2.25098e-01  8.15949e-01  2.35842e-01  0.00000e+00  0.00000e+00  7.52191e-01
  286 -2.24121e-01  8.13612e-01  2.39100e-01  0.00000e+00  0.00000e+00  7.49177e-01
  287 -2.23145e-01  8.11280e-01  2.42357e-01  0.00000e+00  0.00000e+00  7.46173e-01
  288 -2.22168e-01  8.08954e-01  2.45615e-01  0.00000e+00  0.00000e+00  7.43179e-01
  289 -2.21191e-01  8.06632e-01  2.48873e-01  0.00000e+00  0.00000e+00  7.40195e-01
  290 -2.20215e-01  8.04316e-01  2.52131e-01  0.00000e+00  0.00000e+00  7.37221e-01
  291 -2.19238e-01  8.02006e-01  2.55389e-01  0.00000e+00  0.00000e+00  7.34258e-01
  292 -2.18262e-01  7.99700e-01  2.58647e-01  0.00000e+00  0.00000e+00  7.31305e-01
  293 -2.17285e-01  7.97400e-01  2.61906e-01  0.00000e+00  0.00000e+00  7.28362e-01
  294 -2.16309e-01  7.95105e-01  2.65164e-01  0.00000e+00  0.00000e+00  7.25428e-01
  295 -2.15332e-01  7.92816e-01  2.68422e-01  0.00000e+00  0.00000e+00  7.22506e-01
  296 -2.14355e-01  7.90531e-01  2.71681e-01  0.00000e+00  0.00000e+00  7.19593e-01
  297 -2.13379e-01  7.88252e-01  2.74939e-01  0.00000e+00  0.00000e+00  7.16690e-01
  298 -2.12402e-01  7.85978e-01  2.78198e-01  0.00000e+00  0.00000e+00  7.13797e-01
  299 -2.11426e-01  7.83709e-01  2.81456e-01  0.00000e+00  0.00000e+00  7.10914e-01
  300 -2.10449e-01  7.81446e-01  2.84715e-01  0.00000e+00  0.00000e+00  7.08041e-01
  301 -2.09473e-01  7.79187e-01  2.87974e-01  0.00000e+00  0.00000e+00  7.05178e-01
  302 -2.08496e-01  7.76934e-01  2.91232e-01  0.00000e+00  0.00000e+00  7.02325e-01
  303 -2.07520e-01  7.74686e-01  2.94491e-01  0.00000e+00  0.00000e+00  6.99482e-01
  304 -2.06543e-01  7.72444e-01  2.97750e-01  0.00000e+00  0.00000e+00  6.96648e-01
  305 -2.05566e-01  7.70206e-01  3.01008e-01  0.00000e+00  0.00000e+00  6.93825e-01
  306 -2.04590e-01  7.67974e-01  3.04267e-01  0.00000e+00  0.00000e+00  6.91011e-01
  307 -2.03613e-01  7.65747e-01  3.07526e-01  0.00000e+00  0.00000e+00  6.88207e-01
  308 -2.02637e-01  7.63525e-01  3.10784e-01  0.00000e+00  0.00000e+00  6.85413e-01
  309 -2.01660e-01  7.61308e-01  3.14043e-01  0.00000e+00  0.00000e+00  6.82629e-01
  310 -2.00684e-01  7.59096e-01  3.17302e-01  0.00000e+00  0.00000e+00  6.79854e-01
  311 -1.99707e-01  7.56890e-01  3.20560e-01  0.00000e+00  0.00000e+00  6.77089e-01
  312 -1.98730e-01  7.54688e-01  3.23819e-01  0.00000e+00  0.00000e+00  6.74334e-01
  313 -1.97754e-01  7.52492e-01  3.27077e-01  0.00000e+00  0.00000e+00  6.71588e-01
  314 -1.96777e-01  7.50301e-01  3.30336e-01  0.00000e+00  0.00000e+00  6.68852e-01
  315 -1.95801e-01  7.48115e-01  3.33595e-01  0.00000e+00  0.00000e+00  6.66125e-01
  316 -1.94824e-01  7.45934e-01  3.36853e-01  0.00000e+00  0.00000e+00  6.63408e-01
  317 -1.93848e-01  7.43759e-01  3.40112e-01  0.00000e+00  0.00000e+00  6.60701e-01
  318 -1.92871e-01  7.41588e-01  3.43370e-01  0.00000e+00  0.00000e+00  6.58003e-01
  319 -1.91895e-01  7.39423e-01  3.46628e-01  0.00000e+00  0.00000e+00  6.55315e-01
  320 -1.90918e-01  7.37262e-01  3.49887e-01  0.00000e+00  0.00000e+00  6.52636e-01
  321 -1.89941e-01  7.35107e-01  3.53145e-01  0.00000e+00  0.00000e+00  6.49966e-01
  322 -1.88965e-01  7.32957e-01  3.56403e-01  0.00000e+00  0.00000e+00  6.47306e-01
  323 -1.87988e-01  7.30811e-01  3.59661e-01  0.00000e+00  0.00000e+00  6.44655e-01
  324 -1.87012e-01  7.28671e-01  3.62919e-01  0.00000e+00  0.00000e+00  6.42014e-01
  325 -1.86035e-01  7.26536e-01  3.66177e-01  0.00000e+00  0.00000e+00  6.39382e-01
  326 -1.85059e-01  7.24406e-01  3.69435e-01  0.00000e+00  0.00000e+00  6.36759e-01
  327 -1.84082e-01  7.22282e-01  3.72693e-01  0.00000e+00  0.00000e+00  6.34146e-01
  328 -1.83105e-01  7.20162e-01  3.75951e-01  0.00000e+00  0.00000e+00  6.31542e-01
  329 -1.82129e-01  7.18047e-01  3.79208e-01  0.00000e+00  0.00000e+00  6.28947e-01
  330 -1.81152e-01  7.15937e-01  3.82466e-01  0.00000e+00  0.00000e+00  6.26361e-01
  331 -1.80176e-01  7.13832e-01  3.85723e-01  0.00000e+00  0.00000e+00  6.23785e-01
  332 -1.79199e-01  7.11733e-01  3.88981e-01  0.00000e+00  0.00000e+00  6.21217e-01
  333 -1.78223e-01  7.09638e-01  3.92238e-01  0.00000e+00  0.00000e+00  6.18659e-01
  334 -1.77246e-01  7.07548e-01  3.95495e-01  0.00000e+00  0.00000e+00  6.16110e-01
  335 -1.76270e-01  7.05463e-01  3.98752e-01  0.00000e+00  0.00000e+00  6.13570e-01
  336 -1.75293e-01  7.03384e-01  4.02009e-01  0.00000e+00  0.00000e+00  6.11039e-01
  337 -1.74316e-01  7.01309e-01  4.05266e-01  0.00000e+00  0.00000e+00  6.08517e-01
  338 -1.73340e-01  6.99239e-01  4.08523e-01  0.00000e+00  0.00000e+00  6.06005e-01
  339 -1.72363e-01  6.97174e-01  4.11779e-01  0.00000e+00  0.00000e+00  6.03501e-01
  340 -1.71387e-01  6.95114e-01  4.15036e-01  0.00000e+00  0.00000e+00  6.01006e-01
  341 -1.70410e-01  6.93059e-01  4.18292e-01  0.00000e+00  0.00000e+00  5.98520e-01
  342 -1.69434e-01  6.91009e-01  4.21548e-01  0.00000e+00  0.00000e+00  5.96043e-01
  343 -1.68457e-01  6.88964e-01  4.24804e-01  0.00000e+00  0.00000e+00  5.93575e-01
  344 -1.67480e-01  6.86924e-01  4.28060e-01  0.00000e+00  0.00000e+00  5.91116e-01
  345 -1.66504e-01  6.84889e-01  4.31316e-01  0.00000e+00  0.00000e+00  5.88665e-01
  346 -1.65527e-01  6.82859e-01  4.34572e-01  0.00000e+00  0.00000e+00  5.86224e-01
  347 -1.64551e-01  6.80834e-01  4.37827e-01  0.00000e+00  0.00000e+00  5.83791e-01
  348 -1.63574e-01  6.78813e-01  4.41082e-01  0.00000e+00  0.00000e+00  5.81367e-01
  349 -1.62598e-01  6.76798e-01  4.44337e-01  0.00000e+00  0.00000e+00  5.78952e-01
  350 -1.61621e-01  6.74787e-01  4.47592e-01  0.00000e+00  0.00000e+00  5.76545e-01
  351 -1.60645e-01  6.72781e-01  4.50847e-01  0.00000e+00  0.00000e+00  5.74148e-01
  352 -1.59668e-01  6.70781e-01  4.54102e-01  0.00000e+00  0.00000e+00  5.71759e-01
  353 -1.58691e-01  6.68785e-01  4.57356e-01  0.00000e+00  0.00000e+00  5.69378e-01
  354 -1.57715e-01  6.66793e-01  4.60610e-01  0.00000e+00  0.00000e+00  5.67006e-01
  355 -1.56738e-01  6.64807e-01  4.63864e-01  0.00000e+00  0.00000e+00  5.64643e-01
  356 -1.55762e-01  6.62826e-01  4.67118e-01  0.00000e+00  0.00000e+00  5.62289e-01
  357 -1.54785e-01  6.60849e-01  4.70372e-01  0.00000e+00  0.00000e+00  5.59943e-01
  358 -1.53809e-01  6.58878e-01  4.73625e-01  0.00000e+00  0.00000e+00  5.57605e-01
  359 -1.52832e-01  6.56911e-01  4.76878e-01  0.00000e+00  0.00000e+00  5.55276e-01
  360 -1.51855e-01  6.54949e-01  4.80131e-01  0.00000e+00  0.00000e+00  5.52956e-01
  361 -1.50879e-01  6.52992e-01  4.83384e-01  0.00000e+00  0.00000e+00  5.50644e-01
  362 -1.49902e-01  6.51039e-01  4.86637e-01  0.00000e+00  0.00000e+00  5.48340e-01
  363 -1.48926e-01  6.49092e-01  4.89889e-01  0.00000e+00  0.00000e+00  5.46045e-01
  364 -1.47949e-01  6.47149e-01  4.93141e-01  0.00000e+00  0.00000e+00  5.43758e-01
  365 -1.46973e-01  6.45211e-01  4.96393e-01  0.00000e+00  0.00000e+00  5.41480e-01
  366 -1.45996e-01  6.43278e-01  4.99644e-01  0.00000e+00  0.00000e+00  5.39210e-01
  367 -1.45020e-01  6.41349e-01  5.02896e-01  0.00000e+00  0.00000e+00  5.36949e-01
  368 -1.44043e-01  6.39426e-01  5.06147e-01  0.00000e+00  0.00000e+00  5.34695e-01
  369 -1.43066e-01  6.37507e-01  5.09397e-01  0.00000e+00  0.00000e+00  5.32450e-01
  370 -1.42090e-01  6.35593e-01  5.12648e-01  0.00000e+00  0.00000e+00  5.30214e-01
  371 -1.41113e-01  6.33684e-01  5.15898e-01  0.00000e+00  0.00000e+00  5.27985e-01
  372 -1.40137e-01  6.31779e-01  5.19148e-01  0.00000e+00  0.00000e+00  5.25765e-01
  373 -1.39160e-01  6.29880e-01  5.22398e-01  0.00000e+00  0.00000e+00  5.23553e-01
  374 -1.38184e-01  6.27985e-01  5.25647e-01  0.00000e+00  0.00000e+00  5.21349e-01
  375 -1.37207e-01  6.26094e-01  5.28896e-01  0.00000e+00  0.00000e+00  5.19153e-01
  376 -1.36230e-01  6.24209e-01  5.32145e-01  0.00000e+00  0.00000e+00  5.16966e-01
  377 -1.35254e-01  6.22328e-01  5.35393e-01  0.00000e+00  0.00000e+00  5.14787e-01
  378 -1.34277e-01  6.20452e-01  5.38641e-01  0.00000e+00  0.00000e+00  5.12615e-01
  379 -1.33301e-01  6.18581e-01  5.41888e-01  0.00000e+00  0.00000e+00  5.10452e-01
  380 -1.32324e-01  6.16714e-01  5.45136e-01  0.00000e+00  0.00000e+00  5.08297e-01
  381 -1.31348e-01  6.14852e-01  5.48383e-01  0.00000e+00  0.00000e+00  5.06150e-01
  382 -1.30371e-01  6.12995e-01  5.51629e-01  0.00000e+00  0.00000e+00  5.04011e-01
  383 -1.29395e-01  6.11143e-01  5.54875e-01  0.00000e+00  0.00000e+00  5.01880e-01
  384 -1.28418e-01  6.09295e-01  5.58121e-01  0.00000e+00  0.00000e+00  4.99757e-01
  385 -1.27441e-01  6.07452e-01  5.61366e-01  0.00000e+00  0.00000e+00  4.97642e-01
  386 -1.26465e-01  6.05614e-01  5.64611e-01  0.00000e+00  0.00000e+00  4.95534e-01
  387 -1.25488e-01  6.03780e-01  5.67856e-01  0.00000e+00  0.00000e+00  4.93435e-01
  388 -1.24512e-01  6.01951e-01  5.71100e-01  0.00000e+00  0.00000e+00  4.91344e-01
  389 -1.23535e-01  6.00127e-01  5.74344e-01  0.00000e+00  0.00000e+00  4.89261e-01
  390 -1.22559e-01  5.98307e-01  5.77587e-01  0.00000e+00  0.00000e+00  4.87185e-01
  391 -1.21582e-01  5.96492e-01  5.80830e-01  0.00000e+00  0.00000e+00  4.85117e-01
  392 -1.20605e-01  5.94682e-01  5.84072e-01  0.00000e+00  0.00000e+00  4.83057e-01
  393 -1.19629e-01  5.92876e-01  5.87314e-01  0.00000e+00  0.00000e+00  4.81005e-01
  394 -1.18652e-01  5.91076e-01  5.90555e-01  0.00000e+00  0.00000e+00  4.78961e-01
  395 -1.17676e-01  5.89279e-01  5.93796e-01  0.00000e+00  0.00000e+00  4.76925e-01
  396 -1.16699e-01  5.87488e-01  5.97036e-01  0.00000e+00  0.00000e+00  4.74896e-01
  397 -1.15723e-01  5.85701e-01  6.00275e-01  0.00000e+00  0.00000e+00  4.72875e-01
  398 -1.14746e-01  5.83919e-01  6.03514e-01  0.00000e+00  0.00000e+00  4.70862e-01
  399 -1.13770e-01  5.82141e-01  6.06753e-01  0.00000e+00  0.00000e+00  4.68856e-01
  400 -1.12793e-01  5.80368e-01  6.09991e-01  0.00000e+00  0.00000e+00  4.66858e-01
  401 -1.11816e-01  5.78600e-01  6.13228e-01  0.00000e+00  0.00000e+00  4.64868e-01
  402 -1.10840e-01  5.76836e-01  6.16465e-01  0.00000e+00  0.00000e+00  4.62885e-01
  403 -1.09863e-01  5.75077e-01  6.19701e-01  0.00000e+00  0.00000e+00  4.60910e-01
  404 -1.08887e-01  5.73323e-01  6.22936e-01  0.00000e+00  0.00000e+00  4.58943e-01
  405 -1.07910e-01  5.71573e-01  6.26171e-01  0.00000e+00  0.00000e+00  4.56983e-01
  406 -1.06934e-01  5.69828e-01  6.29405e-01  0.00000e+00  0.00000e+00  4.55031e-01
  407 -1.05957e-01  5.68088e-01  6.32639e-01  0.00000e+00  0.00000e+00  4.53087e-01
  408 -1.04980e-01  5.66352e-01  6.35871e-01  0.00000e+00  0.00000e+00  4.51150e-01
  409 -1.04004e-01  5.64621e-01  6.39103e-01  0.00000e+00  0.00000e+00  4.49220e-01
  410 -1.03027e-01  5.62894e-01  6.42335e-01  0.00000e+00  0.00000e+00  4.47298e-01
  411 -1.02051e-01  5.61172e-01  6.45565e-01  0.00000e+00  0.00000e+00  4.45384e-01
  412 -1.01074e-01  5.59455e-01  6.48795e-01  0.00000e+00  0.00000e+00  4.43477e-01
  413 -1.00098e-01  5.57742e-01  6.52024e-01  0.00000e+00  0.00000e+00  4.41577e-01
  414 -9.91211e-02  5.56034e-01  6.55252e-01  0.00000e+00  0.00000e+00  4.39685e-01
  415 -9.81445e-02  5.54331e-01  6.58479e-01  0.00000e+00  0.00000e+00  4.37801e-01
  416 -9.71680e-02  5.52632e-01  6.61705e-01  0.00000e+00  0.00000e+00  4.35924e-01
  417 -9.61914e-02  5.50938e-01  6.64930e-01  0.00000e+00  0.00000e+00  4.34054e-01
  418 -9.52148e-02  5.49249e-01  6.68155e-01  0.00000e+00  0.00000e+00  4.32192e-01
  419 -9.42383e-02  5.47564e-01  6.71379e-01  0.00000e+00  0.00000e+00  4.30337e-01
  420 -9.32617e-02  5.45884e-01  6.74601e-01  0.00000e+00  0.00000e+00  4.28489e-01
  421 -9.22852e-02  5.44208e-01  6.77823e-01  0.00000e+00  0.00000e+00  4.26649e-01
  422 -9.13086e-02  5.42537e-01  6.81043e-01  0.00000e+00  0.00000e+00  4.24816e-01
  423 -9.03320e-02  5.40871e-01  6.84263e-01  0.00000e+00  0.00000e+00  4.22991e-01
  424 -8.93555e-02  5.39209e-01  6.87482e-01  0.00000e+00  0.00000e+00  4.21173e-01
  425 -8.83789e-02  5.37552e-01  6.90699e-01  0.00000e+00  0.00000e+00  4.19362e-01
  426 -8.74023e-02  5.35900e-01  6.93916e-01  0.00000e+00  0.00000e+00  4.17558e-01
  427 -8.64258e-02  5.34252e-01  6.97131e-01  0.00000e+00  0.00000e+00  4.15762e-01
  428 -8.54492e-02  5.32609e-01  7.00346e-01  0.00000e+00  0.00000e+00  4.13972e-01
  429 -8.44727e-02  5.30970e-01  7.03559e-01  0.00000e+00  0.00000e+00  4.12191e-01
  430 -8.34961e-02  5.29336e-01  7.06771e-01  0.00000e+00  0.00000e+00  4.10416e-01
  431 -8.25195e-02  5.27707e-01  7.09982e-01  0.00000e+00  0.00000e+00  4.08648e-01
  432 -8.15430e-02  5.26082e-01  7.13191e-01  0.00000e+00  0.00000e+00  4.06888e-01
  433 -8.05664e-02  5.24462e-01  7.16400e-01  0.00000e+00  0.00000e+00  4.05135e-01
  434 -7.95898e-02  5.22847e-01  7.19607e-01  0.00000e+00  0.00000e+00  4.03389e-01
  435 -7.86133e-02  5.21236e-01  7.22813e-01  0.00000e+00  0.00000e+00  4.01650e-01
  436 -7.76367e-02  5.19629e-01  7.26018e-01  0.00000e+00  0.00000e+00  3.99918e-01
  437 -7.66602e-02  5.18028e-01  7.29222e-01  0.00000e+00  0.00000e+00  3.98193e-01
  438 -7.56836e-02  5.16430e-01  7.32424e-01  0.00000e+00  0.00000e+00  3.96476e-01
  439 -7.47070e-02  5.14838e-01  7.35625e-01  0.00000e+00  0.00000e+00  3.94765e-01
  440 -7.37305e-02  5.13250e-01  7.38825e-01  0.00000e+00  0.00000e+00  3.93061e-01
  441 -7.27539e-02  5.11666e-01  7.42024e-01  0.00000e+00  0.00000e+00  3.91364e-01
  442 -7.17773e-02  5.10087e-01  7.45221e-01  0.00000e+00  0.00000e+00  3.89674e-01
  443 -7.08008e-02  5.08513e-01  7.48418e-01  0.00000e+00  0.00000e+00  3.87991e-01
  444 -6.98242e-02  5.06943e-01  7.51613e-01  0.00000e+00  0.00000e+00  3.86315e-01
  445 -6.88477e-02  5.05377e-01  7.54807e-01  0.00000e+00  0.00000e+00  3.84646e-01
  446 -6.78711e-02  5.03816e-01  7.57999e-01  0.00000e+00  0.00000e+00  3.82984e-01
  447 -6.68945e-02  5.02259e-01  7.61191e-01  0.00000e+00  0.00000e+00  3.81328e-01
  448 -6.59180e-02  5.00706e-01  7.64382e-01  0.00000e+00  0.00000e+00  3.79679e-01
  449 -6.49414e-02  4.99158e-01  7.67571e-01  0.00000e+00  0.00000e+00  3.78036e-01
  450 -6.39648e-02  4.97615e-01  7.70760e-01  0.00000e+00  0.00000e+00  3.76400e-01
  451 -6.29883e-02  4.96075e-01  7.73947e-01  0.00000e+00  0.00000e+00  3.74771e-01
  452 -6.20117e-02  4.94540e-01  7.77134e-01  0.00000e+00  0.00000e+00  3.73148e-01
  453 -6.10352e-02  4.93009e-01  7.80320e-01  0.00000e+00  0.00000e+00  3.71532e-01
  454 -6.00586e-02  4.91482e-01  7.83505e-01  0.00000e+00  0.00000e+00  3.69922e-01
  455 -5.90820e-02  4.89959e-01  7.86690e-01  0.00000e+00  0.00000e+00  3.68318e-01
  456 -5.81055e-02  4.88440e-01  7.89874e-01  0.00000e+00  0.00000e+00  3.66721e-01
  457 -5.71289e-02  4.86926e-01  7.93057e-01  0.00000e+00  0.00000e+00  3.65130e-01
  458 -5.61523e-02  4.85415e-01  7.96240e-01  0.00000e+00  0.00000e+00  3.63545e-01
  459 -5.51758e-02  4.83908e-01  7.99423e-01  0.00000e+00  0.00000e+00  3.61966e-01
  460 -5.41992e-02  4.82405e-01  8.02606e-01  0.00000e+00  0.00000e+00  3.60393e-01
  461 -5.32227e-02  4.80905e-01  8.05788e-01  0.00000e+00  0.00000e+00  3.58825e-01
  462 -5.22461e-02  4.79410e-01  8.08971e-01  0.00000e+00  0.00000e+00  3.57264e-01
  463 -5.12695e-02  4.77918e-01  8.12153e-01  0.00000e+00  0.00000e+00  3.55709e-01
  464 -5.02930e-02  4.76430e-01  8.15336e-01  0.00000e+00  0.00000e+00  3.54159e-01
  465 -4.93164e-02  4.74945e-01  8.18519e-01  0.00000e+00  0.00000e+00  3.52614e-01
  466 -4.83398e-02  4.73464e-01  8.21703e-01  0.00000e+00  0.00000e+00  3.51076e-01
  467 -4.73633e-02  4.71986e-01  8.24887e-01  0.00000e+00  0.00000e+00  3.49543e-01
  468 -4.63867e-02  4.70511e-01  8.28072e-01  0.00000e+00  0.00000e+00  3.48015e-01
  469 -4.54102e-02  4.69040e-01  8.31258e-01  0.00000e+00  0.00000e+00  3.46492e-01
  470 -4.44336e-02  4.67572e-01  8.34444e-01  0.00000e+00  0.00000e+00  3.44975e-01
  471 -4.34570e-02  4.66108e-01  8.37632e-01  0.00000e+00  0.00000e+00  3.43463e-01
  472 -4.24805e-02  4.64646e-01  8.40820e-01  0.00000e+00  0.00000e+00  3.41957e-01
  473 -4.15039e-02  4.63188e-01  8.44010e-01  0.00000e+00  0.00000e+00  3.40455e-01
  474 -4.05273e-02  4.61733e-01  8.47201e-01  0.00000e+00  0.00000e+00  3.38959e-01
  475 -3.95508e-02  4.60281e-01  8.50393e-01  0.00000e+00  0.00000e+00  3.37467e-01
  476 -3.85742e-02  4.58832e-01  8.53586e-01  0.00000e+00  0.00000e+00  3.35981e-01
  477 -3.75977e-02  4.57386e-01  8.56781e-01  0.00000e+00  0.00000e+00  3.34500e-01
  478 -3.66211e-02  4.55943e-01  8.59977e-01  0.00000e+00  0.00000e+00  3.33024e-01
  479 -3.56445e-02  4.54504e-01  8.63174e-01  0.00000e+00  0.00000e+00  3.31552e-01
  480 -3.46680e-02  4.53067e-01  8.66373e-01  0.00000e+00  0.00000e+00  3.30086e-01
  481 -3.36914e-02  4.51633e-01  8.69572e-01  0.00000e+00  0.00000e+00  3.28625e-01
  482 -3.27148e-02  4.50203e-01  8.72773e-01  0.00000e+00  0.00000e+00  3.27168e-01
  483 -3.17383e-02  4.48776e-01  8.75975e-01  0.00000e+00  0.00000e+00  3.25717e-01
  484 -3.07617e-02  4.47352e-01  8.79177e-01  0.00000e+00  0.00000e+00  3.24271e-01
  485 -2.97852e-02  4.45931e-01  8.82381e-01  0.00000e+00  0.00000e+00  3.22830e-01
  486 -2.88086e-02  4.44514e-01  8.85585e-01  0.00000e+00  0.00000e+00  3.21395e-01
  487 -2.78320e-02  4.43100e-01  8.88789e-01  0.00000e+00  0.00000e+00  3.19965e-01
  488 -2.68555e-02  4.41690e-01  8.91993e-01  0.00000e+00  0.00000e+00  3.18540e-01
  489 -2.58789e-02  4.40283e-01  8.95196e-01  0.00000e+00  0.00000e+00  3.17121e-01
  490 -2.49023e-02  4.38881e-01  8.98399e-01  0.00000e+00  0.00000e+00  3.15708e-01
  491 -2.39258e-02  4.37483e-01  9.01599e-01  0.00000e+00  0.00000e+00  3.14301e-01
  492 -2.29492e-02  4.36089e-01  9.04798e-01  0.00000e+00  0.00000e+00  3.12900e-01
  493 -2.19727e-02  4.34701e-01  9.07994e-01  0.00000e+00  0.00000e+00  3.11506e-01
  494 -2.09961e-02  4.33317e-01  9.11186e-01  0.00000e+00  0.00000e+00  3.10119e-01
  495 -2.00195e-02  4.31939e-01  9.14373e-01  0.00000e+00  0.00000e+00  3.08739e-01
  496 -1.90430e-02  4.30567e-01  9.17554e-01  0.00000e+00  0.00000e+00  3.07367e-01
  497 -1.80664e-02  4.29204e-01  9.20723e-01  0.00000e+00  0.00000e+00  3.06005e-01
  498 -1.70898e-02  4.27861e-01  9.23855e-01  0.00000e+00  0.00000e+00  3.04665e-01
  499 -1.61133e-02  4.26584e-01  9.26837e-01  0.00000e+00  0.00000e+00  3.03394e-01
  500 -1.51367e-02  4.25528e-01  9.29310e-01  0.00000e+00  0.00000e+00  3.02342e-01
  501 -1.41602e-02  4.24991e-01  9.30567e-01  0.00000e+00  0.00000e+00  3.01808e-01
  502 -1.31836e-02  4.24915e-01  9.30746e-01  0.00000e+00  0.00000e+00  3.01733e-01
  503 -1.22070e-02  4.24931e-01  9.30710e-01  0.00000e+00  0.00000e+00  3.01748e-01
  504 -1.12305e-02  4.25216e-01  9.30040e-01  0.00000e+00  0.00000e+00  3.02032e-01
  505 -1.02539e-02  4.25669e-01  9.28978e-01  0.00000e+00  0.00000e+00  3.02483e-01
  506 -9.27734e-03  4.25775e-01  9.28729e-01  0.00000e+00  0.00000e+00  3.02588e-01
  507 -8.30078e-03  4.25794e-01  9.28686e-01  0.00000e+00  0.00000e+00  3.02606e-01
  508 -7.32422e-03  4.25810e-01  9.28647e-01  0.00000e+00  0.00000e+00  3.02623e-01
  509 -6.34766e-03  4.25876e-01  9.28493e-01  0.00000e+00  0.00000e+00  3.02688e-01
  510 -5.37109e-03  4.26022e-01  9.28151e-01  0.00000e+00  0.00000e+00  3.02834e-01
  511 -4.39453e-03  4.26143e-01  9.27867e-01  0.00000e+00  0.00000e+00  3.02954e-01
  512 -3.41797e-03  4.26171e-01  9.27802e-01  0.00000e+00  0.00000e+00  3.02982e-01
  513 -2.44141e-03  4.26175e-01  9.27794e-01  0.00000e+00  0.00000e+00  3.02986e-01
  514 -1.46484e-03  4.26176e-01  9.27792e-01  0.00000e+00  0.00000e+00  3.02987e-01
  515 -4.88281e-04  4.26177e-01  9.27790e-01  0.00000e+00  0.00000e+00  3.02987e-01
  516  4.88281e-04  4.26183e-01  9.27774e-01  0.00000e+00  0.00000e+00  3.02994e-01
  517  1.46484e-03  4.26217e-01  9.27695e-01  0.00000e+00  0.00000e+00  3.03028e-01
  518  2.44141e-03  4.26281e-01  9.27545e-01  0.00000e+00  0.00000e+00  3.03091e-01
  519  3.41797e-03  4.26309e-01  9.27481e-01  0.00000e+00  0.00000e+00  3.03119e-01
  520  4.39453e-03  4.26311e-01  9.27476e-01  0.00000e+00  0.00000e+00  3.03121e-01
  521  5.37109e-03  4.26301e-01  9.27498e-01  0.00000e+00  0.00000e+00  3.03111e-01
  522  6.34766e-03  4.26277e-01  9.27555e-01  0.00000e+00  0.00000e+00  3.03087e-01
  523  7.32422e-03  4.26272e-01  9.27565e-01  0.00000e+00  0.00000e+00  3.03083e-01
  524  8.30078e-03  4.26277e-01  9.27556e-01  0.00000e+00  0.00000e+00  3.03087e-01
  525  9.27734e-03  4.26305e-01  9.27490e-01  0.00000e+00  0.00000e+00  3.03115e-01
  526  1.02539e-02  4.26321e-01  9.27452e-01  0.00000e+00  0.00000e+00  3.03131e-01
  527  1.12305e-02  4.26321e-01  9.27451e-01  0.00000e+00  0.00000e+00  3.03132e-01
  528  1.22070e-02  4.26308e-01  9.27483e-01  0.00000e+00  0.00000e+00  3.03118e-01
  529  1.31836e-02  4.26280e-01  9.27547e-01  0.00000e+00  0.00000e+00  3.03091e-01
  530  1.41602e-02  4.26275e-01  9.27559e-01  0.00000e+00  0.00000e+00  3.03086e-01
  531  1.51367e-02  4.26279e-01  9.27550e-01  0.00000e+00  0.00000e+00  3.03089e-01
  532  1.61133e-02  4.26307e-01  9.27484e-01  0.00000e+00  0.00000e+00  3.03117e-01
  533  1.70898e-02  4.26326e-01  9.27440e-01  0.00000e+00  0.00000e+00  3.03136e-01
  534  1.80664e-02  4.26327e-01  9.27437e-01  0.00000e+00  0.00000e+00  3.03137e-01
  535  1.90430e-02  4.26314e-01  9.27467e-01  0.00000e+00  0.00000e+00  3.03125e-01
  536  2.00195e-02  4.26284e-01  9.27538e-01  0.00000e+00  0.00000e+00  3.03094e-01
  537  2.09961e-02  4.26278e-01  9.27553e-01  0.00000e+00  0.00000e+00  3.03088e-01
  538  2.19727e-02  4.26282e-01  9.27544e-01  0.00000e+00  0.00000e+00  3.03092e-01
  539  2.29492e-02  4.26313e-01  9.27472e-01  0.00000e+00  0.00000e+00  3.03123e-01
  540  2.39258e-02  4.26333e-01  9.27424e-01  0.00000e+00  0.00000e+00  3.03143e-01
  541  2.49023e-02  4.26334e-01  9.27422e-01  0.00000e+00  0.00000e+00  3.03144e-01
  542  2.58789e-02  4.26317e-01  9.27463e-01  0.00000e+00  0.00000e+00  3.03127e-01
  543  2.68555e-02  4.26281e-01  9.27545e-01  0.00000e+00  0.00000e+00  3.03092e-01
  544  2.78320e-02  4.26275e-01  9.27560e-01  0.00000e+00  0.00000e+00  3.03085e-01
  545  2.88086e-02  4.26280e-01  9.27548e-01  0.00000e+00  0.00000e+00  3.03090e-01
  546  2.97852e-02  4.26314e-01  9.27468e-01  0.00000e+00  0.00000e+00  3.03124e-01
  547  3.07617e-02  4.26332e-01  9.27426e-01  0.00000e+00  0.00000e+00  3.03142e-01
  548  3.17383e-02  4.26332e-01  9.27426e-01  0.00000e+00  0.00000e+00  3.03142e-01
  549  3.27148e-02  4.26311e-01  9.27475e-01  0.00000e+00  0.00000e+00  3.03121e-01
  550  3.36914e-02  4.26282e-01  9.27544e-01  0.00000e+00  0.00000e+00  3.03092e-01
  551  3.46680e-02  4.26278e-01  9.27553e-01  0.00000e+00  0.00000e+00  3.03088e-01
  552  3.56445e-02  4.26287e-01  9.27533e-01  0.00000e+00  0.00000e+00  3.03097e-01
  553  3.66211e-02  4.26323e-01  9.27447e-01  0.00000e+00  0.00000e+00  3.03133e-01
  554  3.75977e-02  4.26336e-01  9.27418e-01  0.00000e+00  0.00000e+00  3.03146e-01
  555  3.85742e-02  4.26335e-01  9.27420e-01  0.00000e+00  0.00000e+00  3.03145e-01
  556  3.95508e-02  4.26311e-01  9.27476e-01  0.00000e+00  0.00000e+00  3.03121e-01
  557  4.05273e-02  4.26286e-01  9.27535e-01  0.00000e+00  0.00000e+00  3.03096e-01
  558  4.15039e-02  4.26283e-01  9.27541e-01  0.00000e+00  0.00000e+00  3.03093e-01
  559  4.24805e-02  4.26293e-01  9.27519e-01  0.00000e+00  0.00000e+00  3.03103e-01
  560  4.34570e-02  4.26329e-01  9.27434e-01  0.00000e+00  0.00000e+00  3.03139e-01
  561  4.44336e-02  4.26341e-01  9.27405e-01  0.00000e+00  0.00000e+00  3.03151e-01
  562  4.54102e-02  4.26341e-01  9.27406e-01  0.00000e+00  0.00000e+00  3.03151e-01
  563  4.63867e-02  4.26321e-01  9.27454e-01  0.00000e+00  0.00000e+00  3.03130e-01
  564  4.73633e-02  4.26290e-01  9.27525e-01  0.00000e+00  0.00000e+00  3.03100e-01
  565  4.83398e-02  4.26286e-01  9.27535e-01  0.00000e+00  0.00000e+00  3.03096e-01
  566  4.93164e-02  4.26291e-01  9.27522e-01  0.00000e+00  0.00000e+00  3.03101e-01
  567  5.02930e-02  4.26326e-01  9.27442e-01  0.00000e+00  0.00000e+00  3.03135e-01
  568  5.12695e-02  4.26345e-01  9.27396e-01  0.00000e+00  0.00000e+00  3.03155e-01
  569  5.22461e-02  4.26346e-01  9.27394e-01  0.00000e+00  0.00000e+00  3.03156e-01
  570  5.32227e-02  4.26329e-01  9.27434e-01  0.00000e+00  0.00000e+00  3.03139e-01
  571  5.41992e-02  4.26294e-01  9.27517e-01  0.00000e+00  0.00000e+00  3.03104e-01
  572  5.51758e-02  4.26287e-01  9.27532e-01  0.00000e+00  0.00000e+00  3.03097e-01
  573  5.61523e-02  4.26292e-01  9.27522e-01  0.00000e+00  0.00000e+00  3.03101e-01
  574  5.71289e-02  4.26325e-01  9.27444e-01  0.00000e+00  0.00000e+00  3.03135e-01
  575  5.81055e-02  4.26343e-01  9.27401e-01  0.00000e+00  0.00000e+00  3.03153e-01
  576  5.90820e-02  4.26344e-01  9.27400e-01  0.00000e+00  0.00000e+00  3.03153e-01
  577  6.00586e-02  4.26322e-01  9.27451e-01  0.00000e+00  0.00000e+00  3.03132e-01
  578  6.10352e-02  4.26287e-01  9.27534e-01  0.00000e+00  0.00000e+00  3.03097e-01
  579  6.20117e-02  4.26282e-01  9.27545e-01  0.00000e+00  0.00000e+00  3.03092e-01
  580  6.29883e-02  4.26289e-01  9.27529e-01  0.00000e+00  0.00000e+00  3.03099e-01
  581  6.39648e-02  4.26326e-01  9.27441e-01  0.00000e+00  0.00000e+00  3.03136e-01
  582  6.49414e-02  4.26342e-01  9.27404e-01  0.00000e+00  0.00000e+00  3.03152e-01
  583  6.59180e-02  4.26342e-01  9.27405e-01  0.00000e+00  0.00000e+00  3.03151e-01
  584  6.68945e-02  4.26317e-01  9.27463e-01  0.00000e+00  0.00000e+00  3.03126e-01
  585  6.78711e-02  4.26287e-01  9.27533e-01  0.00000e+00  0.00000e+00  3.03097e-01
  586  6.88477e-02  4.26284e-01  9.27540e-01  0.00000e+00  0.00000e+00  3.03094e-01
  587  6.98242e-02  4.26294e-01  9.27517e-01  0.00000e+00  0.00000e+00  3.03104e-01
  588  7.08008e-02  4.26334e-01  9.27423e-01  0.00000e+00  0.00000e+00  3.03143e-01
  589  7.17773e-02  4.26348e-01  9.27391e-01  0.00000e+00  0.00000e+00  3.03157e-01
  590  7.27539e-02  4.26348e-01  9.27391e-01  0.00000e+00  0.00000e+00  3.03157e-01
  591  7.37305e-02  4.26325e-01  9.27445e-01  0.00000e+00  0.00000e+00  3.03134e-01
  592  7.47070e-02  4.26293e-01  9.27520e-01  0.00000e+00  0.00000e+00  3.03102e-01
  593  7.56836e-02  4.26288e-01  9.27531e-01  0.00000e+00  0.00000e+00  3.03098e-01
  594  7.66602e-02  4.26294e-01  9.27518e-01  0.00000e+00  0.00000e+00  3.03103e-01
  595  7.76367e-02  4.26329e-01  9.27436e-01  0.00000e+00  0.00000e+00  3.03138e-01
  596  7.86133e-02  4.26350e-01  9.27385e-01  0.00000e+00  0.00000e+00  3.03160e-01
  597  7.95898e-02  4.26352e-01  9.27382e-01  0.00000e+00  0.00000e+00  3.03161e-01
  598  8.05664e-02  4.26337e-01  9.27418e-01  0.00000e+00  0.00000e+00  3.03146e-01
  599  8.15430e-02  4.26298e-01  9.27508e-01  0.00000e+00  0.00000e+00  3.03108e-01
  600  8.25195e-02  4.26289e-01  9.27528e-01  0.00000e+00  0.00000e+00  3.03099e-01
  601  8.34961e-02  4.26292e-01  9.27522e-01  0.00000e+00  0.00000e+00  3.03102e-01
  602  8.44727e-02  4.26324e-01  9.27447e-01  0.00000e+00  0.00000e+00  3.03133e-01
  603  8.54492e-02  4.26349e-01  9.27389e-01  0.00000e+00  0.00000e+00  3.03158e-01
  604  8.64258e-02  4.26350e-01  9.27386e-01  0.00000e+00  0.00000e+00  3.03160e-01
  605  8.74023e-02  4.26333e-01  9.27426e-01  0.00000e+00  0.00000e+00  3.03142e-01
  606  8.83789e-02  4.26291e-01  9.27525e-01  0.00000e+00  0.00000e+00  3.03101e-01
  607  8.93555e-02  4.26282e-01  9.27545e-01  0.00000e+00  0.00000e+00  3.03092e-01
  608  9.03320e-02  4.26286e-01  9.27536e-01  0.00000e+00  0.00000e+00  3.03096e-01
  609  9.13086e-02  4.26322e-01  9.27452e-01  0.00000e+00  0.00000e+00  3.03132e-01
  610  9.22852e-02  4.26345e-01  9.27397e-01  0.00000e+00  0.00000e+00  3.03155e-01
  611  9.32617e-02  4.26346e-01  9.27395e-01  0.00000e+00  0.00000e+00  3.03156e-01
  612  9.42383e-02  4.26327e-01  9.27441e-01  0.00000e+00  0.00000e+00  3.03136e-01
  613  9.52148e-02  4.26290e-01  9.27528e-01  0.00000e+00  0.00000e+00  3.03099e-01
  614  9.61914e-02  4.26284e-01  9.27542e-01  0.00000e+00  0.00000e+00  3.03093e-01
  615  9.71680e-02  4.26290e-01  9.27528e-01  0.00000e+00  0.00000e+00  3.03099e-01
  616  9.81445e-02  4.26329e-01  9.27436e-01  0.00000e+00  0.00000e+00  3.03138e-01
  617  9.91211e-02  4.26351e-01  9.27384e-01  0.00000e+00  0.00000e+00  3.03160e-01
  618  1.00098e-01  4.26353e-01  9.27381e-01  0.00000e+00  0.00000e+00  3.03161e-01
  619  1.01074e-01  4.26336e-01  9.27421e-01  0.00000e+00  0.00000e+00  3.03145e-01
  620  1.02051e-01  4.26297e-01  9.27512e-01  0.00000e+00  0.00000e+00  3.03106e-01
  621  1.03027e-01  4.26289e-01  9.27532e-01  0.00000e+00  0.00000e+00  3.03098e-01
  622  1.04004e-01  4.26291e-01  9.27526e-01  0.00000e+00  0.00000e+00  3.03100e-01
  623  1.04980e-01  4.26322e-01  9.27454e-01  0.00000e+00  0.00000e+00  3.03130e-01
  624  1.05957e-01  4.26353e-01  9.27382e-01  0.00000e+00  0.00000e+00  3.03161e-01
  625  1.06934e-01  4.26356e-01  9.27374e-01  0.00000e+00  0.00000e+00  3.03165e-01
  626  1.07910e-01  4.26347e-01  9.27395e-01  0.00000e+00  0.00000e+00  3.03156e-01
  627  1.08887e-01  4.26306e-01  9.27490e-01  0.00000e+00  0.00000e+00  3.03115e-01
  628  1.09863e-01  4.26290e-01  9.27529e-01  0.00000e+00  0.00000e+00  3.03099e-01
  629  1.10840e-01  4.26290e-01  9.27528e-01  0.00000e+00  0.00000e+00  3.03099e-01
  630  1.11816e-01  4.26315e-01  9.27469e-01  0.00000e+00  0.00000e+00  3.03124e-01
  631  1.12793e-01  4.26350e-01  9.27389e-01  0.00000e+00  0.00000e+00  3.03158e-01
  632  1.13770e-01  4.26354e-01  9.27379e-01  0.00000e+00  0.00000e+00  3.03163e-01
  633  1.14746e-01  4.26344e-01  9.27403e-01  0.00000e+00  0.00000e+00  3.03152e-01
  634  1.15723e-01  4.26299e-01  9.27508e-01  0.00000e+00  0.00000e+00  3.03108e-01
  635  1.16699e-01  4.26282e-01  9.27548e-01  0.00000e+00  0.00000e+00  3.03091e-01
  636  1.17676e-01  4.26283e-01  9.27546e-01  0.00000e+00  0.00000e+00  3.03092e-01
  637  1.18652e-01  4.26313e-01  9.27476e-01  0.00000e+00  0.00000e+00  3.03121e-01
  638  1.19629e-01  4.26348e-01  9.27395e-01  0.00000e+00  0.00000e+00  3.03156e-01
  639  1.20605e-01  4.26351e-01  9.27386e-01  0.00000e+00  0.00000e+00  3.03159e-01
  640  1.21582e-01  4.26340e-01  9.27413e-01  0.00000e+00  0.00000e+00  3.03148e-01
  641  1.22559e-01  4.26298e-01  9.27512e-01  0.00000e+00  0.00000e+00  3.03106e-01
  642  1.23535e-01  4.26285e-01  9.27541e-01  0.00000e+00  0.00000e+00  3.03094e-01
  643  1.24512e-01  4.26287e-01  9.27538e-01  0.00000e+00  0.00000e+00  3.03095e-01
  644  1.25488e-01  4.26318e-01  9.27465e-01  0.00000e+00  0.00000e+00  3.03126e-01
  645  1.26465e-01  4.26353e-01  9.27383e-01  0.00000e+00  0.00000e+00  3.03161e-01
  646  1.27441e-01  4.26357e-01  9.27373e-01  0.00000e+00  0.00000e+00  3.03165e-01
  647  1.28418e-01  4.26350e-01  9.27391e-01  0.00000e+00  0.00000e+00  3.03158e-01
  648  1.29395e-01  4.26309e-01  9.27485e-01  0.00000e+00  0.00000e+00  3.03117e-01
  649  1.30371e-01  4.26289e-01  9.27533e-01  0.00000e+00  0.00000e+00  3.03097e-01
  650  1.31348e-01  4.26288e-01  9.27535e-01  0.00000e+00  0.00000e+00  3.03096e-01
  651  1.32324e-01  4.26307e-01  9.27491e-01  0.00000e+00  0.00000e+00  3.03115e-01
  652  1.33301e-01  4.26351e-01  9.27388e-01  0.00000e+00  0.00000e+00  3.03159e-01
  653  1.34277e-01  4.26361e-01  9.27366e-01  0.00000e+00  0.00000e+00  3.03168e-01
  654  1.35254e-01  4.26358e-01  9.27372e-01  0.00000e+00  0.00000e+00  3.03165e-01
  655  1.36230e-01  4.26322e-01  9.27457e-01  0.00000e+00  0.00000e+00  3.03130e-01
  656  1.37207e-01  4.26289e-01  9.27533e-01  0.00000e+00  0.00000e+00  3.03097e-01
  657  1.38184e-01  4.26287e-01  9.27540e-01  0.00000e+00  0.00000e+00  3.03094e-01
  658  1.39160e-01  4.26301e-01  9.27506e-01  0.00000e+00  0.00000e+00  3.03109e-01
  659  1.40137e-01  4.26345e-01  9.27403e-01  0.00000e+00  0.00000e+00  3.03152e-01
  660  1.41113e-01  4.26356e-01  9.27378e-01  0.00000e+00  0.00000e+00  3.03163e-01
  661  1.42090e-01  4.26353e-01  9.27386e-01  0.00000e+00  0.00000e+00  3.03160e-01
  662  1.43066e-01  4.26314e-01  9.27477e-01  0.00000e+00  0.00000e+00  3.03121e-01
  663  1.44043e-01  4.26284e-01  9.27547e-01  0.00000e+00  0.00000e+00  3.03091e-01
  664  1.45020e-01  4.26282e-01  9.27552e-01  0.00000e+00  0.00000e+00  3.03089e-01
  665  1.45996e-01  4.26301e-01  9.27509e-01  0.00000e+00  0.00000e+00  3.03107e-01
  666  1.46973e-01  4.26347e-01  9.27402e-01  0.00000e+00  0.00000e+00  3.03153e-01
  667  1.47949e-01  4.26356e-01  9.27379e-01  0.00000e+00  0.00000e+00  3.03163e-01
  668  1.48926e-01  4.26353e-01  9.27387e-01  0.00000e+00  0.00000e+00  3.03159e-01
  669  1.49902e-01  4.26317e-01  9.27472e-01  0.00000e+00  0.00000e+00  3.03123e-01
  670  1.50879e-01  4.26289e-01  9.27535e-01  0.00000e+00  0.00000e+00  3.03097e-01
  671  1.51855e-01  4.26288e-01  9.27539e-01  0.00000e+00  0.00000e+00  3.03095e-01
  672  1.52832e-01  4.26303e-01  9.27505e-01  0.00000e+00  0.00000e+00  3.03109e-01
  673  1.53809e-01  4.26348e-01  9.27400e-01  0.00000e+00  0.00000e+00  3.03154e-01
  674  1.54785e-01  4.26362e-01  9.27370e-01  0.00000e+00  0.00000e+00  3.03167e-01
  675  1.55762e-01  4.26361e-01  9.27371e-01  0.00000e+00  0.00000e+00  3.03166e-01
  676  1.56738e-01  4.26335e-01  9.27433e-01  0.00000e+00  0.00000e+00  3.03140e-01
  677  1.57715e-01  4.26295e-01  9.27524e-01  0.00000e+00  0.00000e+00  3.03101e-01
  678  1.58691e-01  4.26289e-01  9.27537e-01  0.00000e+00  0.00000e+00  3.03096e-01
  679  1.59668e-01  4.26296e-01  9.27522e-01  0.00000e+00  0.00000e+00  3.03102e-01
  680  1.60645e-01  4.26339e-01  9.27421e-01  0.00000e+00  0.00000e+00  3.03145e-01
  681  1.61621e-01  4.26365e-01  9.27362e-01  0.00000e+00  0.00000e+00  3.03170e-01
  682  1.62598e-01  4.26367e-01  9.27359e-01  0.00000e+00  0.00000e+00  3.03171e-01
  683  1.63574e-01  4.26344e-01  9.27414e-01  0.00000e+00  0.00000e+00  3.03148e-01
  684  1.64551e-01  4.26294e-01  9.27531e-01  0.00000e+00  0.00000e+00  3.03098e-01
  685  1.65527e-01  4.26284e-01  9.27554e-01  0.00000e+00  0.00000e+00  3.03089e-01
  686  1.66504e-01  4.26289e-01  9.27542e-01  0.00000e+00  0.00000e+00  3.03094e-01
  687  1.67480e-01  4.26332e-01  9.27441e-01  0.00000e+00  0.00000e+00  3.03137e-01
  688  1.68457e-01  4.26356e-01  9.27380e-01  0.00000e+00  0.00000e+00  3.03163e-01
  689  1.69434e-01  4.26360e-01  9.27378e-01  0.00000e+00  0.00000e+00  3.03163e-01
  690  1.70410e-01  4.26336e-01  9.27435e-01  0.00000e+00  0.00000e+00  3.03139e-01
  691  1.71387e-01  4.26296e-01  9.27538e-01  0.00000e+00  0.00000e+00  3.03095e-01
  692  1.72363e-01  4.26289e-01  9.27554e-01  0.00000e+00  0.00000e+00  3.03089e-01
  693  1.73340e-01  4.26296e-01  9.27537e-01  0.00000e+00  0.00000e+00  3.03096e-01
  694  1.74316e-01  4.26340e-01  9.27430e-01  0.00000e+00  0.00000e+00  3.03141e-01
  695  1.75293e-01  4.26361e-01  9.27371e-01  0.00000e+00  0.00000e+00  3.03166e-01
  696  1.76270e-01  4.26359e-01  9.27368e-01  0.00000e+00  0.00000e+00  3.03168e-01
  697  1.77246e-01  4.26340e-01  9.27415e-01  0.00000e+00  0.00000e+00  3.03148e-01
  698  1.78223e-01  4.26291e-01  9.27519e-01  0.00000e+00  0.00000e+00  3.03104e-01
  699  1.79199e-01  4.26293e-01  9.27540e-01  0.00000e+00  0.00000e+00  3.03095e-01
  700  1.80176e-01  4.26301e-01  9.27534e-01  0.00000e+00  0.00000e+00  3.03097e-01
  701  1.81152e-01  4.26343e-01  9.27453e-01  0.00000e+00  0.00000e+00  3.03132e-01
  702  1.82129e-01  4.26382e-01  9.27367e-01  0.00000e+00  0.00000e+00  3.03168e-01
  703  1.83105e-01  4.26381e-01  9.27358e-01  0.00000e+00  0.00000e+00  3.03172e-01
  704  1.84082e-01  4.26366e-01  9.27380e-01  0.00000e+00  0.00000e+00  3.03163e-01
  705  1.85059e-01  4.26310e-01  9.27488e-01  0.00000e+00  0.00000e+00  3.03117e-01
  706  1.86035e-01  4.26283e-01  9.27540e-01  0.00000e+00  0.00000e+00  3.03095e-01
  707  1.87012e-01  4.26283e-01  9.27541e-01  0.00000e+00  0.00000e+00  3.03094e-01
  708  1.87988e-01  4.26313e-01  9.27479e-01  0.00000e+00  0.00000e+00  3.03121e-01
  709  1.88965e-01  4.26361e-01  9.27379e-01  0.00000e+00  0.00000e+00  3.03163e-01
  710  1.89941e-01  4.26384e-01  9.27364e-01  0.00000e+00  0.00000e+00  3.03169e-01
  711  1.90918e-01  4.26378e-01  9.27386e-01  0.00000e+00  0.00000e+00  3.03160e-01
  712  1.91895e-01  4.26330e-01  9.27505e-01  0.00000e+00  0.00000e+00  3.03110e-01
  713  1.92871e-01  4.26307e-01  9.27560e-01  0.00000e+00  0.00000e+00  3.03086e-01
  714  1.93848e-01  4.26294e-01  9.27560e-01  0.00000e+00  0.00000e+00  3.03086e-01
  715  1.94824e-01  4.26320e-01  9.27487e-01  0.00000e+00  0.00000e+00  3.03117e-01
  716  1.95801e-01  4.26357e-01  9.27383e-01  0.00000e+00  0.00000e+00  3.03162e-01
  717  1.96777e-01  4.26362e-01  9.27370e-01  0.00000e+00  0.00000e+00  3.03167e-01
  718  1.97754e-01  4.26353e-01  9.27391e-01  0.00000e+00  0.00000e+00  3.03158e-01
  719  1.98730e-01  4.26310e-01  9.27501e-01  0.00000e+00  0.00000e+00  3.03111e-01
  720  1.99707e-01  4.26311e-01  9.27548e-01  0.00000e+00  0.00000e+00  3.03092e-01
  721  2.00684e-01  4.26316e-01  9.27548e-01  0.00000e+00  0.00000e+00  3.03091e-01
  722  2.01660e-01  4.26348e-01  9.27487e-01  0.00000e+00  0.00000e+00  3.03118e-01
  723  2.02637e-01  4.26399e-01  9.27378e-01  0.00000e+00  0.00000e+00  3.03164e-01
  724  2.03613e-01  4.26398e-01  9.27359e-01  0.00000e+00  0.00000e+00  3.03172e-01
  725  2.04590e-01  4.26390e-01  9.27367e-01  0.00000e+00  0.00000e+00  3.03168e-01
  726  2.05566e-01  4.26347e-01  9.27457e-01  0.00000e+00  0.00000e+00  3.03130e-01
  727  2.06543e-01  4.26310e-01  9.27539e-01  0.00000e+00  0.00000e+00  3.03095e-01
  728  2.07520e-01  4.26310e-01  9.27547e-01  0.00000e+00  0.00000e+00  3.03092e-01
  729  2.08496e-01  4.26326e-01  9.27516e-01  0.00000e+00  0.00000e+00  3.03105e-01
  730  2.09473e-01  4.26384e-01  9.27395e-01  0.00000e+00  0.00000e+00  3.03156e-01
  731  2.10449e-01  4.26404e-01  9.27351e-01  0.00000e+00  0.00000e+00  3.03175e-01
  732  2.11426e-01  4.26412e-01  9.27352e-01  0.00000e+00  0.00000e+00  3.03175e-01
  733  2.12402e-01  4.26381e-01  9.27434e-01  0.00000e+00  0.00000e+00  3.03140e-01
  734  2.13379e-01  4.26336e-01  9.27547e-01  0.00000e+00  0.00000e+00  3.03092e-01
  735  2.14355e-01  4.26340e-01  9.27563e-01  0.00000e+00  0.00000e+00  3.03085e-01
  736  2.15332e-01  4.26361e-01  9.27538e-01  0.00000e+00  0.00000e+00  3.03096e-01
  737  2.16309e-01  4.26434e-01  9.27415e-01  0.00000e+00  0.00000e+00  3.03148e-01
  738  2.17285e-01  4.26466e-01  9.27369e-01  0.00000e+00  0.00000e+00  3.03168e-01
  739  2.18262e-01  4.26510e-01  9.27371e-01  0.00000e+00  0.00000e+00  3.03167e-01
  740  2.19238e-01  4.26492e-01  9.27455e-01  0.00000e+00  0.00000e+00  3.03131e-01
  741  2.20215e-01  4.26489e-01  9.27552e-01  0.00000e+00  0.00000e+00  3.03090e-01
  742  2.21191e-01  4.26505e-01  9.27564e-01  0.00000e+00  0.00000e+00  3.03085e-01
  743  2.22168e-01  4.26538e-01  9.27532e-01  0.00000e+00  0.00000e+00  3.03098e-01
  744  2.23145e-01  4.26618e-01  9.27408e-01  0.00000e+00  0.00000e+00  3.03152e-01
  745  2.24121e-01  4.26636e-01  9.27360e-01  0.00000e+00  0.00000e+00  3.03172e-01
  746  2.25098e-01  4.26632e-01  9.27361e-01  0.00000e+00  0.00000e+00  3.03172e-01
  747  2.26074e-01  4.26589e-01  9.27426e-01  0.00000e+00  0.00000e+00  3.03144e-01
  748  2.27051e-01  4.26486e-01  9.27531e-01  0.00000e+00  0.00000e+00  3.03099e-01
  749  2.28027e-01  4.25892e-01  9.27549e-01  0.00000e+00  0.00000e+00  3.03091e-01
  750  2.29004e-01  4.21272e-01  9.27536e-01  0.00000e+00  0.00000e+00  3.03097e-01
  751  2.29980e-01  4.04238e-01  9.27440e-01  0.00000e+00  0.00000e+00  3.03137e-01
  752  2.30957e-01  3.72285e-01  9.27353e-01  0.00000e+00  0.00000e+00  3.03172e-01
  753  2.31934e-01  3.32577e-01  9.27342e-01  0.00000e+00  0.00000e+00  3.03174e-01
  754  2.32910e-01  2.97284e-01  9.27354e-01  0.00000e+00  0.00000e+00  3.03169e-01
  755  2.33887e-01  2.75246e-01  9.27442e-01  0.00000e+00  0.00000e+00  3.03137e-01
  756  2.34863e-01  2.66400e-01  9.27548e-01  0.00000e+00  0.00000e+00  3.03101e-01
  757  2.35840e-01  2.64608e-01  9.27567e-01  0.00000e+00  0.00000e+00  3.03094e-01
  758  2.36816e-01  2.64448e-01  9.27565e-01  0.00000e+00  0.00000e+00  3.03094e-01
  759  2.37793e-01  2.64454e-01  9.27515e-01  0.00000e+00  0.00000e+00  3.03111e-01
  760  2.38770e-01  2.64501e-01  9.27394e-01  0.00000e+00  0.00000e+00  3.03151e-01
  761  2.39746e-01  2.64689e-01  9.27343e-01  0.00000e+00  0.00000e+00  3.03169e-01
  762  2.40723e-01  2.65015e-01  9.27341e-01  0.00000e+00  0.00000e+00  3.03170e-01
  763  2.41699e-01  2.65326e-01  9.27363e-01  0.00000e+00  0.00000e+00  3.03163e-01
  764  2.42676e-01  2.65458e-01  9.27476e-01  0.00000e+00  0.00000e+00  3.03125e-01
  765  2.43652e-01  2.65486e-01  9.27577e-01  0.00000e+00  0.00000e+00  3.03091e-01
  766  2.44629e-01  2.65504e-01  9.27589e-01  0.00000e+00  0.00000e+00  3.03086e-01
  767  2.45605e-01  2.65513e-01  9.27584e-01  0.00000e+00  0.00000e+00  3.03087e-01
  768  2.46582e-01  2.65531e-01  9.27512e-01  0.00000e+00  0.00000e+00  3.03111e-01
  769  2.47559e-01  2.65559e-01  9.27383e-01  0.00000e+00  0.00000e+00  3.03154e-01
  770  2.48535e-01  2.65556e-01  9.27345e-01  0.00000e+00  0.00000e+00  3.03168e-01
  771  2.49512e-01  2.65550e-01  9.27344e-01  0.00000e+00  0.00000e+00  3.03168e-01
  772  2.50488e-01  2.65536e-01  9.27373e-01  0.00000e+00  0.00000e+00  3.03159e-01
  773  2.51465e-01  2.65507e-01  9.27484e-01  0.00000e+00  0.00000e+00  3.03122e-01
  774  2.52441e-01  2.65488e-01  9.27562e-01  0.00000e+00  0.00000e+00  3.03095e-01
  775  2.53418e-01  2.65491e-01  9.27571e-01  0.00000e+00  0.00000e+00  3.03092e-01
  776  2.54395e-01  2.65500e-01  9.27566e-01  0.00000e+00  0.00000e+00  3.03094e-01
  777  2.55371e-01  2.65521e-01  9.27502e-01  0.00000e+00  0.00000e+00  3.03115e-01
  778  2.56348e-01  2.65552e-01  9.27382e-01  0.00000e+00  0.00000e+00  3.03156e-01
  779  2.57324e-01  2.65568e-01  9.27337e-01  0.00000e+00  0.00000e+00  3.03172e-01
  780  2.58301e-01  2.65572e-01  9.27335e-01  0.00000e+00  0.00000e+00  3.03173e-01
  781  2.59277e-01  2.65575e-01  9.27348e-01  0.00000e+00  0.00000e+00  3.03169e-01
  782  2.60254e-01  2.65562e-01  9.27434e-01  0.00000e+00  0.00000e+00  3.03140e-01
  783  2.61230e-01  2.65544e-01  9.27548e-01  0.00000e+00  0.00000e+00  3.03101e-01
  784  2.62207e-01  2.65544e-01  9.27574e-01  0.00000e+00  0.00000e+00  3.03092e-01
  785  2.63184e-01  2.65545e-01  9.27574e-01  0.00000e+00  0.00000e+00  3.03092e-01
  786  2.64160e-01  2.65553e-01  9.27534e-01  0.00000e+00  0.00000e+00  3.03105e-01
  787  2.65137e-01  2.65575e-01  9.27405e-01  0.00000e+00  0.00000e+00  3.03149e-01
  788  2.66113e-01  2.65583e-01  9.27325e-01  0.00000e+00  0.00000e+00  3.03176e-01
  789  2.67090e-01  2.65577e-01  9.27318e-01  0.00000e+00  0.00000e+00  3.03179e-01
  790  2.68066e-01  2.65569e-01  9.27330e-01  0.00000e+00  0.00000e+00  3.03175e-01
  791  2.69043e-01  2.65546e-01  9.27430e-01  0.00000e+00  0.00000e+00  3.03141e-01
  792  2.70020e-01  2.65516e-01  9.27571e-01  0.00000e+00  0.00000e+00  3.03093e-01
  793  2.70996e-01  2.65516e-01  9.27603e-01  0.00000e+00  0.00000e+00  3.03081e-01
  794  2.71973e-01  2.65519e-01  9.27603e-01  0.00000e+00  0.00000e+00  3.03081e-01
  795  2.72949e-01  2.65536e-01  9.27550e-01  0.00000e+00  0.00000e+00  3.03099e-01
  796  2.73926e-01  2.65574e-01  9.27405e-01  0.00000e+00  0.00000e+00  3.03148e-01
  797  2.74902e-01  2.65600e-01  9.27339e-01  0.00000e+00  0.00000e+00  3.03171e-01
  798  2.75879e-01  2.65608e-01  9.27334e-01  0.00000e+00  0.00000e+00  3.03173e-01
  799  2.76855e-01  2.65604e-01  9.27355e-01  0.00000e+00  0.00000e+00  3.03166e-01
  800  2.77832e-01  2.65579e-01  9.27471e-01  0.00000e+00  0.00000e+00  3.03126e-01
  801  2.78809e-01  2.65553e-01  9.27580e-01  0.00000e+00  0.00000e+00  3.03089e-01
  802  2.79785e-01  2.65543e-01  9.27595e-01  0.00000e+00  0.00000e+00  3.03083e-01
  803  2.80762e-01  2.65528e-01  9.27591e-01  0.00000e+00  0.00000e+00  3.03085e-01
  804  2.81738e-01  2.65538e-01  9.27524e-01  0.00000e+00  0.00000e+00  3.03108e-01
  805  2.82715e-01  2.65565e-01  9.27382e-01  0.00000e+00  0.00000e+00  3.03156e-01
  806  2.83691e-01  2.65577e-01  9.27327e-01  0.00000e+00  0.00000e+00  3.03176e-01
  807  2.84668e-01  2.65579e-01  9.27323e-01  0.00000e+00  0.00000e+00  3.03177e-01
  808  2.85645e-01  2.65579e-01  9.27337e-01  0.00000e+00  0.00000e+00  3.03173e-01
  809  2.86621e-01  2.65564e-01  9.27429e-01  0.00000e+00  0.00000e+00  3.03142e-01
  810  2.87598e-01  2.65543e-01  9.27552e-01  0.00000e+00  0.00000e+00  3.03099e-01
  811  2.88574e-01  2.65550e-01  9.27581e-01  0.00000e+00  0.00000e+00  3.03089e-01
  812  2.89551e-01  2.65556e-01  9.27583e-01  0.00000e+00  0.00000e+00  3.03088e-01
  813  2.90527e-01  2.65566e-01  9.27553e-01  0.00000e+00  0.00000e+00  3.03099e-01
  814  2.91504e-01  2.65593e-01  9.27430e-01  0.00000e+00  0.00000e+00  3.03142e-01
  815  2.92480e-01  2.65615e-01  9.27323e-01  0.00000e+00  0.00000e+00  3.03178e-01
  816  2.93457e-01  2.65608e-01  9.27308e-01  0.00000e+00  0.00000e+00  3.03184e-01
  817  2.94434e-01  2.65595e-01  9.27313e-01  0.00000e+00  0.00000e+00  3.03182e-01
  818  2.95410e-01  2.65569e-01  9.27387e-01  0.00000e+00  0.00000e+00  3.03157e-01
  819  2.96387e-01  2.65533e-01  9.27544e-01  0.00000e+00  0.00000e+00  3.03102e-01
  820  2.97363e-01  2.65520e-01  9.27606e-01  0.00000e+00  0.00000e+00  3.03081e-01
  821  2.98340e-01  2.65522e-01  9.27610e-01  0.00000e+00  0.00000e+00  3.03080e-01
  822  2.99316e-01  2.65534e-01  9.27576e-01  0.00000e+00  0.00000e+00  3.03091e-01
  823  3.00293e-01  2.65574e-01  9.27432e-01  0.00000e+00  0.00000e+00  3.03141e-01
  824  3.01270e-01  2.65600e-01  9.27329e-01  0.00000e+00  0.00000e+00  3.03177e-01
  825  3.02246e-01  2.65610e-01  9.27317e-01  0.00000e+00  0.00000e+00  3.03181e-01
  826  3.03223e-01  2.65612e-01  9.27328e-01  0.00000e+00  0.00000e+00  3.03177e-01
  827  3.04199e-01  2.65593e-01  9.27431e-01  0.00000e+00  0.00000e+00  3.03141e-01
  828  3.05176e-01  2.65559e-01  9.27582e-01  0.00000e+00  0.00000e+00  3.03089e-01
  829  3.06152e-01  2.65549e-01  9.27617e-01  0.00000e+00  0.00000e+00  3.03076e-01
  830  3.07129e-01  2.65533e-01  9.27617e-01  0.00000e+00  0.00000e+00  3.03076e-01
  831  3.08105e-01  2.65540e-01  9.27563e-01  0.00000e+00  0.00000e+00  3.03095e-01
  832  3.09082e-01  2.65565e-01  9.27405e-01  0.00000e+00  0.00000e+00  3.03149e-01
  833  3.10059e-01  2.65581e-01  9.27323e-01  0.00000e+00  0.00000e+00  3.03178e-01
  834  3.11035e-01  2.65583e-01  9.27316e-01  0.00000e+00  0.00000e+00  3.03180e-01
  835  3.12012e-01  2.65586e-01  9.27328e-01  0.00000e+00  0.00000e+00  3.03176e-01
  836  3.12988e-01  2.65575e-01  9.27423e-01  0.00000e+00  0.00000e+00  3.03142e-01
  837  3.13965e-01  2.65557e-01  9.27554e-01  0.00000e+00  0.00000e+00  3.03097e-01
  838  3.14941e-01  2.65559e-01  9.27586e-01  0.00000e+00  0.00000e+00  3.03086e-01
  839  3.15918e-01  2.65561e-01  9.27589e-01  0.00000e+00  0.00000e+00  3.03086e-01
  840  3.16895e-01  2.65566e-01  9.27563e-01  0.00000e+00  0.00000e+00  3.03096e-01
  841  3.17871e-01  2.65585e-01  9.27446e-01  0.00000e+00  0.00000e+00  3.03138e-01
  842  3.18848e-01  2.65603e-01  9.27330e-01  0.00000e+00  0.00000e+00  3.03178e-01
  843  3.19824e-01  2.65597e-01  9.27309e-01  0.00000e+00  0.00000e+00  3.03185e-01
  844  3.20801e-01  2.65593e-01  9.27309e-01  0.00000e+00  0.00000e+00  3.03184e-01
  845  3.21777e-01  2.65580e-01  9.27358e-01  0.00000e+00  0.00000e+00  3.03165e-01
  846  3.22754e-01  2.65549e-01  9.27509e-01  0.00000e+00  0.00000e+00  3.03113e-01
  847  3.23730e-01  2.65529e-01  9.27602e-01  0.00000e+00  0.00000e+00  3.03082e-01
  848  3.24707e-01  2.65531e-01  9.27613e-01  0.00000e+00  0.00000e+00  3.03080e-01
  849  3.25684e-01  2.65539e-01  9.27596e-01  0.00000e+00  0.00000e+00  3.03086e-01
  850  3.26660e-01  2.65572e-01  9.27470e-01  0.00000e+00  0.00000e+00  3.03131e-01
  851  3.27637e-01  2.65610e-01  9.27326e-01  0.00000e+00  0.00000e+00  3.03180e-01
  852  3.28613e-01  2.65624e-01  9.27300e-01  0.00000e+00  0.00000e+00  3.03188e-01
  853  3.29590e-01  2.65624e-01  9.27302e-01  0.00000e+00  0.00000e+00  3.03186e-01
  854  3.30566e-01  2.65606e-01  9.27376e-01  0.00000e+00  0.00000e+00  3.03159e-01
  855  3.31543e-01  2.65560e-01  9.27558e-01  0.00000e+00  0.00000e+00  3.03097e-01
  856  3.32520e-01  2.65526e-01  9.27637e-01  0.00000e+00  0.00000e+00  3.03069e-01
  857  3.33496e-01  2.65515e-01  9.27646e-01  0.00000e+00  0.00000e+00  3.03068e-01
  858  3.34473e-01  2.65523e-01  9.27610e-01  0.00000e+00  0.00000e+00  3.03082e-01
  859  3.35449e-01  2.65560e-01  9.27446e-01  0.00000e+00  0.00000e+00  3.03138e-01
  860  3.36426e-01  2.65590e-01  9.27321e-01  0.00000e+00  0.00000e+00  3.03181e-01
  861  3.37402e-01  2.65605e-01  9.27304e-01  0.00000e+00  0.00000e+00  3.03186e-01
  862  3.38379e-01  2.65614e-01  9.27311e-01  0.00000e+00  0.00000e+00  3.03182e-01
  863  3.39355e-01  2.65597e-01  9.27402e-01  0.00000e+00  0.00000e+00  3.03149e-01
  864  3.40332e-01  2.65564e-01  9.27558e-01  0.00000e+00  0.00000e+00  3.03096e-01
  865  3.41309e-01  2.65552e-01  9.27603e-01  0.00000e+00  0.00000e+00  3.03080e-01
  866  3.42285e-01  2.65549e-01  9.27609e-01  0.00000e+00  0.00000e+00  3.03081e-01
  867  3.43262e-01  2.65553e-01  9.27582e-01  0.00000e+00  0.00000e+00  3.03092e-01
  868  3.44238e-01  2.65572e-01  9.27455e-01  0.00000e+00  0.00000e+00  3.03137e-01
  869  3.45215e-01  2.65593e-01  9.27332e-01  0.00000e+00  0.00000e+00  3.03178e-01
  870  3.46191e-01  2.65594e-01  9.27308e-01  0.00000e+00  0.00000e+00  3.03185e-01
  871  3.47168e-01  2.65593e-01  9.27305e-01  0.00000e+00  0.00000e+00  3.03183e-01
  872  3.48145e-01  2.65584e-01  9.27342e-01  0.00000e+00  0.00000e+00  3.03169e-01
  873  3.49121e-01  2.65559e-01  9.27479e-01  0.00000e+00  0.00000e+00  3.03122e-01
  874  3.50098e-01  2.65536e-01  9.27601e-01  0.00000e+00  0.00000e+00  3.03081e-01
  875  3.51074e-01  2.65542e-01  9.27627e-01  0.00000e+00  0.00000e+00  3.03078e-01
  876  3.52051e-01  2.65550e-01  9.27621e-01  0.00000e+00  0.00000e+00  3.03082e-01
  877  3.53027e-01  2.65580e-01  9.27517e-01  0.00000e+00  0.00000e+00  3.03119e-01
  878  3.54004e-01  2.65621e-01  9.27335e-01  0.00000e+00  0.00000e+00  3.03180e-01
  879  3.54980e-01  2.65626e-01  9.27279e-01  0.00000e+00  0.00000e+00  3.03196e-01
  880  3.55957e-01  2.65621e-01  9.27270e-01  0.00000e+00  0.00000e+00  3.03194e-01
  881  3.56934e-01  2.65602e-01  9.27312e-01  0.00000e+00  0.00000e+00  3.03178e-01
  882  3.57910e-01  2.65551e-01  9.27497e-01  0.00000e+00  0.00000e+00  3.03116e-01
  883  3.58887e-01  2.65510e-01  9.27648e-01  0.00000e+00  0.00000e+00  3.03066e-01
  884  3.59863e-01  2.65512e-01  9.27676e-01  0.00000e+00  0.00000e+00  3.03062e-01
  885  3.60840e-01  2.65520e-01  9.27660e-01  0.00000e+00  0.00000e+00  3.03069e-01
  886  3.61816e-01  2.65561e-01  9.27512e-01  0.00000e+00  0.00000e+00  3.03122e-01
  887  3.62793e-01  2.65609e-01  9.27329e-01  0.00000e+00  0.00000e+00  3.03184e-01
  888  3.63770e-01  2.65627e-01  9.27289e-01  0.00000e+00  0.00000e+00  3.03192e-01
  889  3.64746e-01  2.65629e-01  9.27286e-01  0.00000e+00  0.00000e+00  3.03190e-01
  890  3.65723e-01  2.65611e-01  9.27360e-01  0.00000e+00  0.00000e+00  3.03162e-01
  891  3.66699e-01  2.65567e-01  9.27546e-01  0.00000e+00  0.00000e+00  3.03099e-01
  892  3.67676e-01  2.65536e-01  9.27632e-01  0.00000e+00  0.00000e+00  3.03071e-01
  893  3.68652e-01  2.65523e-01  9.27648e-01  0.00000e+00  0.00000e+00  3.03072e-01
  894  3.69629e-01  2.65528e-01  9.27625e-01  0.00000e+00  0.00000e+00  3.03082e-01
  895  3.70605e-01  2.65559e-01  9.27482e-01  0.00000e+00  0.00000e+00  3.03131e-01
  896  3.71582e-01  2.65594e-01  9.27330e-01  0.00000e+00  0.00000e+00  3.03182e-01
  897  3.72559e-01  2.65602e-01  9.27293e-01  0.00000e+00  0.00000e+00  3.03188e-01
  898  3.73535e-01  2.65609e-01  9.27289e-01  0.00000e+00  0.00000e+00  3.03186e-01
  899  3.74512e-01  2.65602e-01  9.27332e-01  0.00000e+00  0.00000e+00  3.03170e-01
  900  3.75488e-01  2.65578e-01  9.27461e-01  0.00000e+00  0.00000e+00  3.03127e-01
  901  3.76465e-01  2.65554e-01  9.27594e-01  0.00000e+00  0.00000e+00  3.03087e-01
  902  3.77441e-01  2.65549e-01  9.27637e-01  0.00000e+00  0.00000e+00  3.03078e-01
  903  3.78418e-01  2.65546e-01  9.27639e-01  0.00000e+00  0.00000e+00  3.03080e-01
  904  3.79395e-01  2.65561e-01  9.27562e-01  0.00000e+00  0.00000e+00  3.03106e-01
  905  3.80371e-01  2.65596e-01  9.27367e-01  0.00000e+00  0.00000e+00  3.03169e-01
  906  3.81348e-01  2.65610e-01  9.27268e-01  0.00000e+00  0.00000e+00  3.03198e-01
  907  3.82324e-01  2.65607e-01  9.27252e-01  0.00000e+00  0.00000e+00  3.03199e-01
  908  3.83301e-01  2.65603e-01  9.27268e-01  0.00000e+00  0.00000e+00  3.03193e-01
  909  3.84277e-01  2.65575e-01  9.27411e-01  0.00000e+00  0.00000e+00  3.03146e-01
  910  3.85254e-01  2.65529e-01  9.27645e-01  0.00000e+00  0.00000e+00  3.03072e-01
  911  3.86230e-01  2.65528e-01  9.27706e-01  0.00000e+00  0.00000e+00  3.03059e-01
  912  3.87207e-01  2.65533e-01  9.27699e-01  0.00000e+00  0.00000e+00  3.03063e-01
  913  3.88184e-01  2.65570e-01  9.27569e-01  0.00000e+00  0.00000e+00  3.03106e-01
  914  3.89160e-01  2.65614e-01  9.27352e-01  0.00000e+00  0.00000e+00  3.03175e-01
  915  3.90137e-01  2.65628e-01  9.27270e-01  0.00000e+00  0.00000e+00  3.03196e-01
  916  3.91113e-01  2.65622e-01  9.27258e-01  0.00000e+00  0.00000e+00  3.03196e-01
  917  3.92090e-01  2.65605e-01  9.27298e-01  0.00000e+00  0.00000e+00  3.03182e-01
  918  3.93066e-01  2.65553e-01  9.27507e-01  0.00000e+00  0.00000e+00  3.03115e-01
  919  3.94043e-01  2.65513e-01  9.27669e-01  0.00000e+00  0.00000e+00  3.03067e-01
  920  3.95020e-01  2.65516e-01  9.27695e-01  0.00000e+00  0.00000e+00  3.03064e-01
  921  3.95996e-01  2.65525e-01  9.27680e-01  0.00000e+00  0.00000e+00  3.03070e-01
  922  3.96973e-01  2.65561e-01  9.27543e-01  0.00000e+00  0.00000e+00  3.03114e-01
  923  3.97949e-01  2.65608e-01  9.27324e-01  0.00000e+00  0.00000e+00  3.03183e-01
  924  3.98926e-01  2.65626e-01  9.27266e-01  0.00000e+00  0.00000e+00  3.03196e-01
  925  3.99902e-01  2.65628e-01  9.27269e-01  0.00000e+00  0.00000e+00  3.03194e-01
  926  4.00879e-01  2.65611e-01  9.27350e-01  0.00000e+00  0.00000e+00  3.03166e-01
  927  4.01855e-01  2.65582e-01  9.27471e-01  0.00000e+00  0.00000e+00  3.03129e-01
  928  4.02832e-01  2.65556e-01  9.27565e-01  0.00000e+00  0.00000e+00  3.03104e-01
  929  4.03809e-01  2.65530e-01  9.27651e-01  0.00000e+00  0.00000e+00  3.03079e-01
  930  4.04785e-01  2.65525e-01  9.27660e-01  0.00000e+00  0.00000e+00  3.03075e-01
  931  4.05762e-01  2.65542e-01  9.27575e-01  0.00000e+00  0.00000e+00  3.03102e-01
  932  4.06738e-01  2.65582e-01  9.27384e-01  0.00000e+00  0.00000e+00  3.03162e-01
  933  4.07715e-01  2.65605e-01  9.27299e-01  0.00000e+00  0.00000e+00  3.03186e-01
  934  4.08691e-01  2.65620e-01  9.27255e-01  0.00000e+00  0.00000e+00  3.03197e-01
  935  4.09668e-01  2.65626e-01  9.27238e-01  0.00000e+00  0.00000e+00  3.03204e-01
  936  4.10645e-01  2.65612e-01  9.27311e-01  0.00000e+00  0.00000e+00  3.03182e-01
  937  4.11621e-01  2.65548e-01  9.27630e-01  0.00000e+00  0.00000e+00  3.03082e-01
  938  4.12598e-01  2.65527e-01  9.27743e-01  0.00000e+00  0.00000e+00  3.03049e-01
  939  4.13574e-01  2.65530e-01  9.27720e-01  0.00000e+00  0.00000e+00  3.03057e-01
  940  4.14551e-01  2.65563e-01  9.27541e-01  0.00000e+00  0.00000e+00  3.03117e-01
  941  4.15527e-01  2.65581e-01  9.27435e-01  0.00000e+00  0.00000e+00  3.03149e-01
  942  4.16504e-01  2.65600e-01  9.27325e-01  0.00000e+00  0.00000e+00  3.03181e-01
  943  4.17480e-01  2.65621e-01  9.27207e-01  0.00000e+00  0.00000e+00  3.03218e-01
  944  4.18457e-01  2.65621e-01  9.27215e-01  0.00000e+00  0.00000e+00  3.03215e-01
  945  4.19434e-01  2.65575e-01  9.27448e-01  0.00000e+00  0.00000e+00  3.03140e-01
  946  4.20410e-01  2.65528e-01  9.27690e-01  0.00000e+00  0.00000e+00  3.03063e-01
  947  4.21387e-01  2.65527e-01  9.27745e-01  0.00000e+00  0.00000e+00  3.03050e-01
  948  4.22363e-01  2.65542e-01  9.27692e-01  0.00000e+00  0.00000e+00  3.03068e-01
  949  4.23340e-01  2.65553e-01  9.27634e-01  0.00000e+00  0.00000e+00  3.03087e-01
  950  4.24316e-01  2.65590e-01  9.27430e-01  0.00000e+00  0.00000e+00  3.03152e-01
  951  4.25293e-01  2.65648e-01  9.27143e-01  0.00000e+00  0.00000e+00  3.03244e-01
  952  4.26270e-01  2.65618e-01  9.27305e-01  0.00000e+00  0.00000e+00  3.03188e-01
  953  4.27246e-01  2.65601e-01  9.27365e-01  0.00000e+00  0.00000e+00  3.03168e-01
  954  4.28223e-01  2.65578e-01  9.27414e-01  0.00000e+00  0.00000e+00  3.03153e-01
  955  4.29199e-01  2.65510e-01  9.27693e-01  0.00000e+00  0.00000e+00  3.03063e-01
  956  4.30176e-01  2.65613e-01  9.27247e-01  0.00000e+00  0.00000e+00  3.03215e-01
  957  4.31152e-01  2.65428e-01  9.28206e-01  0.00000e+00  0.00000e+00  3.02894e-01
  958  4.32129e-01  2.65518e-01  9.27725e-01  0.00000e+00  0.00000e+00  3.03055e-01
  959  4.33105e-01  2.65830e-01  9.26200e-01  0.00000e+00  0.00000e+00  3.03568e-01
  960  4.34082e-01  2.65139e-01  9.29661e-01  0.00000e+00  0.00000e+00  3.02424e-01
  961  4.35059e-01  2.66310e-01  9.24783e-01  0.00000e+00  0.00000e+00  3.04236e-01
  962  4.36035e-01  2.65449e-01  9.30073e-01  0.00000e+00  0.00000e+00  3.02887e-01
  963  4.37012e-01  2.64714e-01  9.14488e-01  0.00000e+00  0.00000e+00  3.01829e-01
  964  4.37988e-01  2.09652e-01  6.44766e-01  0.00000e+00  0.00000e+00  2.19580e-01
  965  4.38965e-01  1.29994e-01  4.47994e-02  0.00000e+00  0.00000e+00  1.05925e-01
  966  4.39941e-01  1.25017e-01  1.46558e-04  0.00000e+00  0.00000e+00  1.00019e-01
  967  4.40918e-01  1.25000e-01  3.68917e-07  0.00000e+00  0.00000e+00  1.00000e-01
  968  4.41895e-01  1.25000e-01  9.33940e-10  0.00000e+00  0.00000e+00  1.00000e-01
  969  4.42871e-01  1.25000e-01  2.42128e-12  0.00000e+00  0.00000e+00  1.00000e-01
  970  4.43848e-01  1.25000e-01  6.13728e-15  0.00000e+00  0.00000e+00  1.00000e-01
  971  4.44824e-01  1.25000e-01  5.22675e-17  0.00000e+00  0.00000e+00  1.00000e-01
  972  4.45801e-01  1.25000e-01  0.00000e+00  0.00000e+00  0.00000e+00  1.00000e-01
  973  4.46777e-01  1.25000e-01  0.00000e+00  0.00000e+00  0.00000e+00  1.00000e-01
  974  4.47754e-01  1.25000e-01  0.00000e+00  0.00000e+00  0.00000e+00  1.00000e-01
  975  4.48730e-01  1.25000e-01  0.00000e+00  0.00000e+00  0.00000e+00  1.00000e-01
  976  4.49707e-01  1.25000e-01  0.00000e+00  0.00000e+00  0.00000e+00  1.00000e-01
  977  4.50684e-01  1.25000e-01  0.00000e+00  0.00000e+00  0.00000e+00  1.00000e-01
  978  4.51660e-01  1.25000e-01  0.00000e+00  0.00000e+00  0.00000e+00  1.00000e-01
  979  4.52637e-01  1.25000e-01  0.00000e+00  0.00000e+00  0.00000e+00  1.00000e-01
  980  4.53613e-01  1.25000e-01  0.00000e+00  0.00000e+00  0.00000e+00  1.00000e-01
  981  4.54590e-01  1.25000e-01  0.00000e+00  0.00000e+00  0.00000e+00  1.00000e-01
  982  4.55566e-01  1.25000e-01  0.00000e+00  0.00000e+00  0.00000e+00  1.00000e-01
  983  4.56543e-01  1.25000e-01  0.00000e+00  0.00000e+00  0.00000e+00  1.00000e-01
  984  4.57520e-01  1.25000e-01  0.00000e+00  0.00000e+00  0.00000e+00  1.00000e-01
  985  4.58496e-01  1.25000e-01  0.00000e+00  0.00000e+00  0.00000e+00  1.00000e-01
  986  4.59473e-01  1.25000e-01  0.00000e+00  0.00000e+00  0.00000e+00  1.00000e-01
  987  4.60449e-01  1.25000e-01  0.00000e+00  0.00000e+00  0.00000e+00  1.00000e-01
  988  4.61426e-01  1.25000e-01  0.00000e+00  0.00000e+00  0.00000e+00  1.00000e-01
  989  4.62402e-01  1.25000e-01  0.00000e+00  0.00000e+00  0.00000e+00  1.00000e-01
  990  4.63379e-01  1.25000e-01  0.00000e+00  0.00000e+00  0.00000e+00  1.00000e-01
  991  4.64355e-01  1.25000e-01  0.00000e+00  0.00000e+00  0.00000e+00  1.00000e-01
  992  4.65332e-01  1.25000e-01  0.00000e+00  0.00000e+00  0.00000e+00  1.00000e-01
  993  4.66309e-01  1.25000e-01  0.00000e+00  0.00000e+00  0.00000e+00  1.00000e-01
  994  4.67285e-01  1.25000e-01  0.00000e+00  0.00000e+00  0.00000e+00  1.00000e-01
  995  4.68262e-01  1.25000e-01  0.00000e+00  0.00000e+00  0.00000e+00  1.00000e-01
  996  4.69238e-01  1.25000e-01  0.00000e+00  0.00000e+00  0.00000e+00  1.00000e-01
  997  4.70215e-01  1.25000e-01  0.00000e+00  0.00000e+00  0.00000e+00  1.00000e-01
  998  4.71191e-01  1.25000e-01  0.00000e+00  0.00000e+00  0.00000e+00  1.00000e-01
  999  4.72168e-01  1.25000e-01  0.00000e+00  0.00000e+00  0.00000e+00  1.00000e-01
 1000  4.73145e-01  1.25000e-01  0.00000e+00  0.00000e+00  0.00000e+00  1.00000e-01
 1001  4.74121e-01  1.25000e-01  0.00000e+00  0.00000e+00  0.00000e+00  1.00000e-01
 1002  4.75098e-01  1.25000e-01  0.00000e+00  0.00000e+00  0.00000e+00  1.00000e-01
 1003  4.76074e-01  1.25000e-01  0.00000e+00  0.00000e+00  0.00000e+00  1.00000e-01
 1004  4.77051e-01  1.25000e-01  0.00000e+00  0.00000e+00  0.00000e+00  1.00000e-01
 1005  4.78027e-01  1.25000e-01  0.00000e+00  0.00000e+00  0.00000e+00  1.00000e-01
 1006  4.79004e-01  1.25000e-01  0.00000e+00  0.00000e+00  0.00000e+00  1.00000e-01
 1007  4.79980e-01  1.25000e-01  0.00000e+00  0.00000e+00  0.00000e+00  1.00000e-01
 1008  4.80957e-01  1.25000e-01  0.00000e+00  0.00000e+00  0.00000e+00  1.00000e-01
 1009  4.81934e-01  1.25000e-01  0.00000e+00  0.00000e+00  0.00000e+00  1.00000e-01
 1010  4.82910e-01  1.25000e-01  0.00000e+00  0.00000e+00  0.00000e+00  1.00000e-01
 1011  4.83887e-01  1.25000e-01  0.00000e+00  0.00000e+00  0.00000e+00  1.00000e-01
 1012  4.84863e-01  1.25000e-01  0.00000e+00  0.00000e+00  0.00000e+00  1.00000e-01
 1013  4.85840e-01  1.25000e-01  0.00000e+00  0.00000e+00  0.00000e+00  1.00000e-01
 1014  4.86816e-01  1.25000e-01  0.00000e+00  0.00000e+00  0.00000e+00  1.00000e-01
 1015  4.87793e-01  1.25000e-01  0.00000e+00  0.00000e+00  0.00000e+00  1.00000e-01
 1016  4.88770e-01  1.25000e-01  0.00000e+00  0.00000e+00  0.00000e+00  1.00000e-01
 1017  4.89746e-01  1.25000e-01  0.00000e+00  0.00000e+00  0.00000e+00  1.00000e-01
 1018  4.90723e-01  1.25000e-01  0.00000e+00  0.00000e+00  0.00000e+00  1.00000e-01
 1019  4.91699e-01  1.25000e-01  0.00000e+00  0.00000e+00  0.00000e+00  1.00000e-01
 1020  4.92676e-01  1.25000e-01  0.00000e+00  0.00000e+00  0.00000e+00  1.00000e-01
 1021  4.93652e-01  1.25000e-01  0.00000e+00  0.00000e+00  0.00000e+00  1.00000e-01
 1022  4.94629e-01  1.25000e-01  0.00000e+00  0.00000e+00  0.00000e+00  1.00000e-01
 1023  4.95605e-01  1.25000e-01  0.00000e+00  0.00000e+00  0.00000e+00  1.00000e-01
 1024  4.96582e-01  1.25000e-01  0.00000e+00  0.00000e+00  0.00000e+00  1.00000e-01
 1025  4.97559e-01  1.25000e-01  0.00000e+00  0.00000e+00  0.00000e+00  1.00000e-01
 1026  4.98535e-01  1.25000e-01  0.00000e+00  0.00000e+00  0.00000e+00  1.00000e-01
 1027  4.99512e-01  1.25000e-01  0.00000e+00  0.00000e+00  0.00000e+00  1.00000e-01
