# Nx1 = 1024
# x1-size = 1
# PRIMITIVE vars at Time = 0.0700384, level= 0, domain= 0
# [1]=i-zone [2]=x1 [3]=d [4]=V1 [5]=V2 [6]=V3 [7]=P
    4 -4.99512e-01  1.00000e+00  0.00000e+00  0.00000e+00  0.00000e+00  1.00000e+00
    5 -4.98535e-01  1.00000e+00  0.00000e+00  0.00000e+00  0.00000e+00  1.00000e+00
    6 -4.97559e-01  1.00000e+00  0.00000e+00  0.00000e+00  0.00000e+00  1.00000e+00
    7 -4.96582e-01  1.00000e+00  0.00000e+00  0.00000e+00  0.00000e+00  1.00000e+00
    8 -4.95605e-01  1.00000e+00  0.00000e+00  0.00000e+00  0.00000e+00  1.00000e+00
    9 -4.94629e-01  1.00000e+00  0.00000e+00  0.00000e+00  0.00000e+00  1.00000e+00
   10 -4.93652e-01  1.00000e+00  0.00000e+00  0.00000e+00  0.00000e+00  1.00000e+00
   11 -4.92676e-01  1.00000e+00  0.00000e+00  0.00000e+00  0.00000e+00  1.00000e+00
   12 -4.91699e-01  1.00000e+00  0.00000e+00  0.00000e+00  0.00000e+00  1.00000e+00
   13 -4.90723e-01  1.00000e+00  0.00000e+00  0.00000e+00  0.00000e+00  1.00000e+00
   14 -4.89746e-01  1.00000e+00  0.00000e+00  0.00000e+00  0.00000e+00  1.00000e+00
   15 -4.88770e-01  1.00000e+00  0.00000e+00  0.00000e+00  0.00000e+00  1.00000e+00
   16 -4.87793e-01  1.00000e+00  0.00000e+00  0.00000e+00  0.00000e+00  1.00000e+00
   17 -4.86816e-01  1.00000e+00  0.00000e+00  0.00000e+00  0.00000e+00  1.00000e+00
   18 -4.85840e-01  1.00000e+00  0.00000e+00  0.00000e+00  0.00000e+00  1.00000e+00
   19 -4.84863e-01  1.00000e+00  0.00000e+00  0.00000e+00  0.00000e+00  1.00000e+00
   20 -4.83887e-01  1.00000e+00  0.00000e+00  0.00000e+00  0.00000e+00  1.00000e+00
   21 -4.82910e-01  1.00000e+00  0.00000e+00  0.00000e+00  0.00000e+00  1.00000e+00
   22 -4.81934e-01  1.00000e+00  0.00000e+00  0.00000e+00  0.00000e+00  1.00000e+00
   23 -4.80957e-01  1.00000e+00  0.00000e+00  0.00000e+00  0.00000e+00  1.00000e+00
   24 -4.79980e-01  1.00000e+00  0.00000e+00  0.00000e+00  0.00000e+00  1.00000e+00
   25 -4.79004e-01  1.00000e+00  0.00000e+00  0.00000e+00  0.00000e+00  1.00000e+00
   26 -4.78027e-01  1.00000e+00  0.00000e+00  0.00000e+00  0.00000e+00  1.00000e+00
   27 -4.77051e-01  1.00000e+00  0.00000e+00  0.00000e+00  0.00000e+00  1.00000e+00
   28 -4.76074e-01  1.00000e+00  0.00000e+00  0.00000e+00  0.00000e+00  1.00000e+00
   29 -4.75098e-01  1.00000e+00  0.00000e+00  0.00000e+00  0.00000e+00  1.00000e+00
   30 -4.74121e-01  1.00000e+00  0.00000e+00  0.00000e+00  0.00000e+00  1.00000e+00
   31 -4.73145e-01  1.00000e+00  0.00000e+00  0.00000e+00  0.00000e+00  1.00000e+00
   32 -4.72168e-01  1.00000e+00  0.00000e+00  0.00000e+00  0.00000e+00  1.00000e+00
   33 -4.71191e-01  1.00000e+00  0.00000e+00  0.00000e+00  0.00000e+00  1.00000e+00
   34 -4.70215e-01  1.00000e+00  0.00000e+00  0.00000e+00  0.00000e+00  1.00000e+00
   35 -4.69238e-01  1.00000e+00  0.00000e+00  0.00000e+00  0.00000e+00  1.00000e+00
   36 -4.68262e-01  1.00000e+00  0.00000e+00  0.00000e+00  0.00000e+00  1.00000e+00
   37 -4.67285e-01  1.00000e+00  0.00000e+00  0.00000e+00  0.00000e+00  1.00000e+00
   38 -4.66309e-01  1.00000e+00  0.00000e+00  0.00000e+00  0.00000e+00  1.00000e+00
   39 -4.65332e-01  1.00000e+00  0.00000e+00  0.00000e+00  0.00000e+00  1.00000e+00
   40 -4.64355e-01  1.00000e+00  0.00000e+00  0.00000e+00  0.00000e+00  1.00000e+00
   41 -4.63379e-01  1.00000e+00  0.00000e+00  0.00000e+00  0.00000e+00  1.00000e+00
   42 -4.62402e-01  1.00000e+00  0.00000e+00  0.00000e+00  0.00000e+00  1.00000e+00
   43 -4.61426e-01  1.00000e+00  0.00000e+00  0.00000e+00  0.00000e+00  1.00000e+00
   44 -4.60449e-01  1.00000e+00  0.00000e+00  0.00000e+00  0.00000e+00  1.00000e+00
   45 -4.59473e-01  1.00000e+00  0.00000e+00  0.00000e+00  0.00000e+00  1.00000e+00
   46 -4.58496e-01  1.00000e+00  0.00000e+00  0.00000e+00  0.00000e+00  1.00000e+00
   47 -4.57520e-01  1.00000e+00  0.00000e+00  0.00000e+00  0.00000e+00  1.00000e+00
   48 -4.56543e-01  1.00000e+00  0.00000e+00  0.00000e+00  0.00000e+00  1.00000e+00
   49 -4.55566e-01  1.00000e+00  0.00000e+00  0.00000e+00  0.00000e+00  1.00000e+00
   50 -4.54590e-01  1.00000e+00  0.00000e+00  0.00000e+00  0.00000e+00  1.00000e+00
   51 -4.53613e-01  1.00000e+00  0.00000e+00  0.00000e+00  0.00000e+00  1.00000e+00
   52 -4.52637e-01  1.00000e+00  0.00000e+00  0.00000e+00  0.00000e+00  1.00000e+00
   53 -4.51660e-01  1.00000e+00  0.00000e+00  0.00000e+00  0.00000e+00  1.00000e+00
   54 -4.50684e-01  1.00000e+00  0.00000e+00  0.00000e+00  0.00000e+00  1.00000e+00
   55 -4.49707e-01  1.00000e+00  0.00000e+00  0.00000e+00  0.00000e+00  1.00000e+00
   56 -4.48730e-01  1.00000e+00  0.00000e+00  0.00000e+00  0.00000e+00  1.00000e+00
   57 -4.47754e-01  1.00000e+00  0.00000e+00  0.00000e+00  0.00000e+00  1.00000e+00
   58 -4.46777e-01  1.00000e+00  0.00000e+00  0.00000e+00  0.00000e+00  1.00000e+00
   59 -4.45801e-01  1.00000e+00  0.00000e+00  0.00000e+00  0.00000e+00  1.00000e+00
   60 -4.44824e-01  1.00000e+00  0.00000e+00  0.00000e+00  0.00000e+00  1.00000e+00
   61 -4.43848e-01  1.00000e+00  0.00000e+00  0.00000e+00  0.00000e+00  1.00000e+00
   62 -4.42871e-01  1.00000e+00  0.00000e+00  0.00000e+00  0.00000e+00  1.00000e+00
   63 -4.41895e-01  1.00000e+00  0.00000e+00  0.00000e+00  0.00000e+00  1.00000e+00
   64 -4.40918e-01  1.00000e+00  0.00000e+00  0.00000e+00  0.00000e+00  1.00000e+00
   65 -4.39941e-01  1.00000e+00  0.00000e+00  0.00000e+00  0.00000e+00  1.00000e+00
   66 -4.38965e-01  1.00000e+00  0.00000e+00  0.00000e+00  0.00000e+00  1.00000e+00
   67 -4.37988e-01  1.00000e+00  0.00000e+00  0.00000e+00  0.00000e+00  1.00000e+00
   68 -4.37012e-01  1.00000e+00  0.00000e+00  0.00000e+00  0.00000e+00  1.00000e+00
   69 -4.36035e-01  1.00000e+00  0.00000e+00  0.00000e+00  0.00000e+00  1.00000e+00
   70 -4.35059e-01  1.00000e+00  0.00000e+00  0.00000e+00  0.00000e+00  1.00000e+00
   71 -4.34082e-01  1.00000e+00  0.00000e+00  0.00000e+00  0.00000e+00  1.00000e+00
   72 -4.33105e-01  1.00000e+00  0.00000e+00  0.00000e+00  0.00000e+00  1.00000e+00
   73 -4.32129e-01  1.00000e+00  0.00000e+00  0.00000e+00  0.00000e+00  1.00000e+00
   74 -4.31152e-01  1.00000e+00  0.00000e+00  0.00000e+00  0.00000e+00  1.00000e+00
   75 -4.30176e-01  1.00000e+00  0.00000e+00  0.00000e+00  0.00000e+00  1.00000e+00
   76 -4.29199e-01  1.00000e+00  0.00000e+00  0.00000e+00  0.00000e+00  1.00000e+00
   77 -4.28223e-01  1.00000e+00  0.00000e+00  0.00000e+00  0.00000e+00  1.00000e+00
   78 -4.27246e-01  1.00000e+00  0.00000e+00  0.00000e+00  0.00000e+00  1.00000e+00
   79 -4.26270e-01  1.00000e+00  0.00000e+00  0.00000e+00  0.00000e+00  1.00000e+00
   80 -4.25293e-01  1.00000e+00  0.00000e+00  0.00000e+00  0.00000e+00  1.00000e+00
   81 -4.24316e-01  1.00000e+00  0.00000e+00  0.00000e+00  0.00000e+00  1.00000e+00
   82 -4.23340e-01  1.00000e+00  0.00000e+00  0.00000e+00  0.00000e+00  1.00000e+00
   83 -4.22363e-01  1.00000e+00  0.00000e+00  0.00000e+00  0.00000e+00  1.00000e+00
   84 -4.21387e-01  1.00000e+00  0.00000e+00  0.00000e+00  0.00000e+00  1.00000e+00
   85 -4.20410e-01  1.00000e+00  0.00000e+00  0.00000e+00  0.00000e+00  1.00000e+00
   86 -4.19434e-01  1.00000e+00  0.00000e+00  0.00000e+00  0.00000e+00  1.00000e+00
   87 -4.18457e-01  1.00000e+00  0.00000e+00  0.00000e+00  0.00000e+00  1.00000e+00
   88 -4.17480e-01  1.00000e+00  0.00000e+00  0.00000e+00  0.00000e+00  1.00000e+00
   89 -4.16504e-01  1.00000e+00  0.00000e+00  0.00000e+00  0.00000e+00  1.00000e+00
   90 -4.15527e-01  1.00000e+00  0.00000e+00  0.00000e+00  0.00000e+00  1.00000e+00
   91 -4.14551e-01  1.00000e+00  0.00000e+00  0.00000e+00  0.00000e+00  1.00000e+00
   92 -4.13574e-01  1.00000e+00  0.00000e+00  0.00000e+00  0.00000e+00  1.00000e+00
   93 -4.12598e-01  1.00000e+00  0.00000e+00  0.00000e+00  0.00000e+00  1.00000e+00
   94 -4.11621e-01  1.00000e+00  0.00000e+00  0.00000e+00  0.00000e+00  1.00000e+00
   95 -4.10645e-01  1.00000e+00  0.00000e+00  0.00000e+00  0.00000e+00  1.00000e+00
   96 -4.09668e-01  1.00000e+00  0.00000e+00  0.00000e+00  0.00000e+00  1.00000e+00
   97 -4.08691e-01  1.00000e+00  0.00000e+00  0.00000e+00  0.00000e+00  1.00000e+00
   98 -4.07715e-01  1.00000e+00  0.00000e+00  0.00000e+00  0.00000e+00  1.00000e+00
   99 -4.06738e-01  1.00000e+00  0.00000e+00  0.00000e+00  0.00000e+00  1.00000e+00
  100 -4.05762e-01  1.00000e+00  0.00000e+00  0.00000e+00  0.00000e+00  1.00000e+00
  101 -4.04785e-01  1.00000e+00  0.00000e+00  0.00000e+00  0.00000e+00  1.00000e+00
  102 -4.03809e-01  1.00000e+00  0.00000e+00  0.00000e+00  0.00000e+00  1.00000e+00
  103 -4.02832e-01  1.00000e+00  0.00000e+00  0.00000e+00  0.00000e+00  1.00000e+00
  104 -4.01855e-01  1.00000e+00  0.00000e+00  0.00000e+00  0.00000e+00  1.00000e+00
  105 -4.00879e-01  1.00000e+00  0.00000e+00  0.00000e+00  0.00000e+00  1.00000e+00
  106 -3.99902e-01  1.00000e+00  0.00000e+00  0.00000e+00  0.00000e+00  1.00000e+00
  107 -3.98926e-01  1.00000e+00  0.00000e+00  0.00000e+00  0.00000e+00  1.00000e+00
  108 -3.97949e-01  1.00000e+00  0.00000e+00  0.00000e+00  0.00000e+00  1.00000e+00
  109 -3.96973e-01  1.00000e+00  0.00000e+00  0.00000e+00  0.00000e+00  1.00000e+00
  110 -3.95996e-01  1.00000e+00  0.00000e+00  0.00000e+00  0.00000e+00  1.00000e+00
  111 -3.95020e-01  1.00000e+00  0.00000e+00  0.00000e+00  0.00000e+00  1.00000e+00
  112 -3.94043e-01  1.00000e+00  0.00000e+00  0.00000e+00  0.00000e+00  1.00000e+00
  113 -3.93066e-01  1.00000e+00  0.00000e+00  0.00000e+00  0.00000e+00  1.00000e+00
  114 -3.92090e-01  1.00000e+00  0.00000e+00  0.00000e+00  0.00000e+00  1.00000e+00
  115 -3.91113e-01  1.00000e+00  0.00000e+00  0.00000e+00  0.00000e+00  1.00000e+00
  116 -3.90137e-01  1.00000e+00  0.00000e+00  0.00000e+00  0.00000e+00  1.00000e+00
  117 -3.89160e-01  1.00000e+00  0.00000e+00  0.00000e+00  0.00000e+00  1.00000e+00
  118 -3.88184e-01  1.00000e+00  0.00000e+00  0.00000e+00  0.00000e+00  1.00000e+00
  119 -3.87207e-01  1.00000e+00  0.00000e+00  0.00000e+00  0.00000e+00  1.00000e+00
  120 -3.86230e-01  1.00000e+00  0.00000e+00  0.00000e+00  0.00000e+00  1.00000e+00
  121 -3.85254e-01  1.00000e+00  0.00000e+00  0.00000e+00  0.00000e+00  1.00000e+00
  122 -3.84277e-01  1.00000e+00  0.00000e+00  0.00000e+00  0.00000e+00  1.00000e+00
  123 -3.83301e-01  1.00000e+00  0.00000e+00  0.00000e+00  0.00000e+00  1.00000e+00
  124 -3.82324e-01  1.00000e+00  0.00000e+00  0.00000e+00  0.00000e+00  1.00000e+00
  125 -3.81348e-01  1.00000e+00  0.00000e+00  0.00000e+00  0.00000e+00  1.00000e+00
  126 -3.80371e-01  1.00000e+00  0.00000e+00  0.00000e+00  0.00000e+00  1.00000e+00
  127 -3.79395e-01  1.00000e+00  0.00000e+00  0.00000e+00  0.00000e+00  1.00000e+00
  128 -3.78418e-01  1.00000e+00  0.00000e+00  0.00000e+00  0.00000e+00  1.00000e+00
  129 -3.77441e-01  1.00000e+00  0.00000e+00  0.00000e+00  0.00000e+00  1.00000e+00
  130 -3.76465e-01  1.00000e+00  0.00000e+00  0.00000e+00  0.00000e+00  1.00000e+00
  131 -3.75488e-01  1.00000e+00  0.00000e+00  0.00000e+00  0.00000e+00  1.00000e+00
  132 -3.74512e-01  1.00000e+00  0.00000e+00  0.00000e+00  0.00000e+00  1.00000e+00
  133 -3.73535e-01  1.00000e+00  0.00000e+00  0.00000e+00  0.00000e+00  1.00000e+00
  134 -3.72559e-01  1.00000e+00  0.00000e+00  0.00000e+00  0.00000e+00  1.00000e+00
  135 -3.71582e-01  1.00000e+00  0.00000e+00  0.00000e+00  0.00000e+00  1.00000e+00
  136 -3.70605e-01  1.00000e+00  0.00000e+00  0.00000e+00  0.00000e+00  1.00000e+00
  137 -3.69629e-01  1.00000e+00  0.00000e+00  0.00000e+00  0.00000e+00  1.00000e+00
  138 -3.68652e-01  1.00000e+00  0.00000e+00  0.00000e+00  0.00000e+00  1.00000e+00
  139 -3.67676e-01  1.00000e+00  0.00000e+00  0.00000e+00  0.00000e+00  1.00000e+00
  140 -3.66699e-01  1.00000e+00  0.00000e+00  0.00000e+00  0.00000e+00  1.00000e+00
  141 -3.65723e-01  1.00000e+00  0.00000e+00  0.00000e+00  0.00000e+00  1.00000e+00
  142 -3.64746e-01  1.00000e+00  0.00000e+00  0.00000e+00  0.00000e+00  1.00000e+00
  143 -3.63770e-01  1.00000e+00  0.00000e+00  0.00000e+00  0.00000e+00  1.00000e+00
  144 -3.62793e-01  1.00000e+00  0.00000e+00  0.00000e+00  0.00000e+00  1.00000e+00
  145 -3.61816e-01  1.00000e+00  0.00000e+00  0.00000e+00  0.00000e+00  1.00000e+00
  146 -3.60840e-01  1.00000e+00  0.00000e+00  0.00000e+00  0.00000e+00  1.00000e+00
  147 -3.59863e-01  1.00000e+00  0.00000e+00  0.00000e+00  0.00000e+00  1.00000e+00
  148 -3.58887e-01  1.00000e+00  0.00000e+00  0.00000e+00  0.00000e+00  1.00000e+00
  149 -3.57910e-01  1.00000e+00  0.00000e+00  0.00000e+00  0.00000e+00  1.00000e+00
  150 -3.56934e-01  1.00000e+00  0.00000e+00  0.00000e+00  0.00000e+00  1.00000e+00
  151 -3.55957e-01  1.00000e+00  0.00000e+00  0.00000e+00  0.00000e+00  1.00000e+00
  152 -3.54980e-01  1.00000e+00  0.00000e+00  0.00000e+00  0.00000e+00  1.00000e+00
  153 -3.54004e-01  1.00000e+00  0.00000e+00  0.00000e+00  0.00000e+00  1.00000e+00
  154 -3.53027e-01  1.00000e+00  0.00000e+00  0.00000e+00  0.00000e+00  1.00000e+00
  155 -3.52051e-01  1.00000e+00  0.00000e+00  0.00000e+00  0.00000e+00  1.00000e+00
  156 -3.51074e-01  1.00000e+00  0.00000e+00  0.00000e+00  0.00000e+00  1.00000e+00
  157 -3.50098e-01  1.00000e+00  0.00000e+00  0.00000e+00  0.00000e+00  1.00000e+00
  158 -3.49121e-01  1.00000e+00  0.00000e+00  0.00000e+00  0.00000e+00  1.00000e+00
  159 -3.48145e-01  1.00000e+00  0.00000e+00  0.00000e+00  0.00000e+00  1.00000e+00
  160 -3.47168e-01  1.00000e+00  0.00000e+00  0.00000e+00  0.00000e+00  1.00000e+00
  161 -3.46191e-01  1.00000e+00  0.00000e+00  0.00000e+00  0.00000e+00  1.00000e+00
  162 -3.45215e-01  1.00000e+00  0.00000e+00  0.00000e+00  0.00000e+00  1.00000e+00
  163 -3.44238e-01  1.00000e+00  0.00000e+00  0.00000e+00  0.00000e+00  1.00000e+00
  164 -3.43262e-01  1.00000e+00  0.00000e+00  0.00000e+00  0.00000e+00  1.00000e+00
  165 -3.42285e-01  1.00000e+00  0.00000e+00  0.00000e+00  0.00000e+00  1.00000e+00
  166 -3.41309e-01  1.00000e+00  0.00000e+00  0.00000e+00  0.00000e+00  1.00000e+00
  167 -3.40332e-01  1.00000e+00  0.00000e+00  0.00000e+00  0.00000e+00  1.00000e+00
  168 -3.39355e-01  1.00000e+00  0.00000e+00  0.00000e+00  0.00000e+00  1.00000e+00
  169 -3.38379e-01  1.00000e+00  0.00000e+00  0.00000e+00  0.00000e+00  1.00000e+00
  170 -3.37402e-01  1.00000e+00  0.00000e+00  0.00000e+00  0.00000e+00  1.00000e+00
  171 -3.36426e-01  1.00000e+00  0.00000e+00  0.00000e+00  0.00000e+00  1.00000e+00
  172 -3.35449e-01  1.00000e+00  0.00000e+00  0.00000e+00  0.00000e+00  1.00000e+00
  173 -3.34473e-01  1.00000e+00  0.00000e+00  0.00000e+00  0.00000e+00  1.00000e+00
  174 -3.33496e-01  1.00000e+00  0.00000e+00  0.00000e+00  0.00000e+00  1.00000e+00
  175 -3.32520e-01  1.00000e+00  0.00000e+00  0.00000e+00  0.00000e+00  1.00000e+00
  176 -3.31543e-01  1.00000e+00  0.00000e+00  0.00000e+00  0.00000e+00  1.00000e+00
  177 -3.30566e-01  1.00000e+00  0.00000e+00  0.00000e+00  0.00000e+00  1.00000e+00
  178 -3.29590e-01  1.00000e+00  0.00000e+00  0.00000e+00  0.00000e+00  1.00000e+00
  179 -3.28613e-01  1.00000e+00  0.00000e+00  0.00000e+00  0.00000e+00  1.00000e+00
  180 -3.27637e-01  1.00000e+00  0.00000e+00  0.00000e+00  0.00000e+00  1.00000e+00
  181 -3.26660e-01  1.00000e+00  0.00000e+00  0.00000e+00  0.00000e+00  1.00000e+00
  182 -3.25684e-01  1.00000e+00  0.00000e+00  0.00000e+00  0.00000e+00  1.00000e+00
  183 -3.24707e-01  1.00000e+00  0.00000e+00  0.00000e+00  0.00000e+00  1.00000e+00
  184 -3.23730e-01  1.00000e+00  0.00000e+00  0.00000e+00  0.00000e+00  1.00000e+00
  185 -3.22754e-01  1.00000e+00  0.00000e+00  0.00000e+00  0.00000e+00  1.00000e+00
  186 -3.21777e-01  1.00000e+00  0.00000e+00  0.00000e+00  0.00000e+00  1.00000e+00
  187 -3.20801e-01  1.00000e+00  0.00000e+00  0.00000e+00  0.00000e+00  1.00000e+00
  188 -3.19824e-01  1.00000e+00  0.00000e+00  0.00000e+00  0.00000e+00  1.00000e+00
  189 -3.18848e-01  1.00000e+00  0.00000e+00  0.00000e+00  0.00000e+00  1.00000e+00
  190 -3.17871e-01  1.00000e+00  0.00000e+00  0.00000e+00  0.00000e+00  1.00000e+00
  191 -3.16895e-01  1.00000e+00  0.00000e+00  0.00000e+00  0.00000e+00  1.00000e+00
  192 -3.15918e-01  1.00000e+00  0.00000e+00  0.00000e+00  0.00000e+00  1.00000e+00
  193 -3.14941e-01  1.00000e+00  0.00000e+00  0.00000e+00  0.00000e+00  1.00000e+00
  194 -3.13965e-01  1.00000e+00  0.00000e+00  0.00000e+00  0.00000e+00  1.00000e+00
  195 -3.12988e-01  1.00000e+00  0.00000e+00  0.00000e+00  0.00000e+00  1.00000e+00
  196 -3.12012e-01  1.00000e+00  0.00000e+00  0.00000e+00  0.00000e+00  1.00000e+00
  197 -3.11035e-01  1.00000e+00  0.00000e+00  0.00000e+00  0.00000e+00  1.00000e+00
  198 -3.10059e-01  1.00000e+00  0.00000e+00  0.00000e+00  0.00000e+00  1.00000e+00
  199 -3.09082e-01  1.00000e+00  0.00000e+00  0.00000e+00  0.00000e+00  1.00000e+00
  200 -3.08105e-01  1.00000e+00  0.00000e+00  0.00000e+00  0.00000e+00  1.00000e+00
  201 -3.07129e-01  1.00000e+00  0.00000e+00  0.00000e+00  0.00000e+00  1.00000e+00
  202 -3.06152e-01  1.00000e+00  0.00000e+00  0.00000e+00  0.00000e+00  1.00000e+00
  203 -3.05176e-01  1.00000e+00  0.00000e+00  0.00000e+00  0.00000e+00  1.00000e+00
  204 -3.04199e-01  1.00000e+00  0.00000e+00  0.00000e+00  0.00000e+00  1.00000e+00
  205 -3.03223e-01  1.00000e+00  0.00000e+00  0.00000e+00  0.00000e+00  1.00000e+00
  206 -3.02246e-01  1.00000e+00  0.00000e+00  0.00000e+00  0.00000e+00  1.00000e+00
  207 -3.01270e-01  1.00000e+00  0.00000e+00  0.00000e+00  0.00000e+00  1.00000e+00
  208 -3.00293e-01  1.00000e+00  0.00000e+00  0.00000e+00  0.00000e+00  1.00000e+00
  209 -2.99316e-01  1.00000e+00  0.00000e+00  0.00000e+00  0.00000e+00  1.00000e+00
  210 -2.98340e-01  1.00000e+00  0.00000e+00  0.00000e+00  0.00000e+00  1.00000e+00
  211 -2.97363e-01  1.00000e+00  0.00000e+00  0.00000e+00  0.00000e+00  1.00000e+00
  212 -2.96387e-01  1.00000e+00  0.00000e+00  0.00000e+00  0.00000e+00  1.00000e+00
  213 -2.95410e-01  1.00000e+00  0.00000e+00  0.00000e+00  0.00000e+00  1.00000e+00
  214 -2.94434e-01  1.00000e+00  0.00000e+00  0.00000e+00  0.00000e+00  1.00000e+00
  215 -2.93457e-01  1.00000e+00  0.00000e+00  0.00000e+00  0.00000e+00  1.00000e+00
  216 -2.92480e-01  1.00000e+00  0.00000e+00  0.00000e+00  0.00000e+00  1.00000e+00
  217 -2.91504e-01  1.00000e+00  0.00000e+00  0.00000e+00  0.00000e+00  1.00000e+00
  218 -2.90527e-01  1.00000e+00  0.00000e+00  0.00000e+00  0.00000e+00  1.00000e+00
  219 -2.89551e-01  1.00000e+00  0.00000e+00  0.00000e+00  0.00000e+00  1.00000e+00
  220 -2.88574e-01  1.00000e+00  0.00000e+00  0.00000e+00  0.00000e+00  1.00000e+00
  221 -2.87598e-01  1.00000e+00  0.00000e+00  0.00000e+00  0.00000e+00  1.00000e+00
  222 -2.86621e-01  1.00000e+00  0.00000e+00  0.00000e+00  0.00000e+00  1.00000e+00
  223 -2.85645e-01  1.00000e+00  0.00000e+00  0.00000e+00  0.00000e+00  1.00000e+00
  224 -2.84668e-01  1.00000e+00  0.00000e+00  0.00000e+00  0.00000e+00  1.00000e+00
  225 -2.83691e-01  1.00000e+00  0.00000e+00  0.00000e+00  0.00000e+00  1.00000e+00
  226 -2.82715e-01  1.00000e+00  0.00000e+00  0.00000e+00  0.00000e+00  1.00000e+00
  227 -2.81738e-01  1.00000e+00  0.00000e+00  0.00000e+00  0.00000e+00  1.00000e+00
  228 -2.80762e-01  1.00000e+00  0.00000e+00  0.00000e+00  0.00000e+00  1.00000e+00
  229 -2.79785e-01  1.00000e+00  0.00000e+00  0.00000e+00  0.00000e+00  1.00000e+00
  230 -2.78809e-01  1.00000e+00  0.00000e+00  0.00000e+00  0.00000e+00  1.00000e+00
  231 -2.77832e-01  1.00000e+00  0.00000e+00  0.00000e+00  0.00000e+00  1.00000e+00
  232 -2.76855e-01  1.00000e+00  0.00000e+00  0.00000e+00  0.00000e+00  1.00000e+00
  233 -2.75879e-01  1.00000e+00  0.00000e+00  0.00000e+00  0.00000e+00  1.00000e+00
  234 -2.74902e-01  1.00000e+00  0.00000e+00  0.00000e+00  0.00000e+00  1.00000e+00
  235 -2.73926e-01  1.00000e+00  0.00000e+00  0.00000e+00  0.00000e+00  1.00000e+00
  236 -2.72949e-01  1.00000e+00  0.00000e+00  0.00000e+00  0.00000e+00  1.00000e+00
  237 -2.71973e-01  1.00000e+00  0.00000e+00  0.00000e+00  0.00000e+00  1.00000e+00
  238 -2.70996e-01  1.00000e+00  0.00000e+00  0.00000e+00  0.00000e+00  1.00000e+00
  239 -2.70020e-01  1.00000e+00  0.00000e+00  0.00000e+00  0.00000e+00  1.00000e+00
  240 -2.69043e-01  1.00000e+00  0.00000e+00  0.00000e+00  0.00000e+00  1.00000e+00
  241 -2.68066e-01  1.00000e+00  0.00000e+00  0.00000e+00  0.00000e+00  1.00000e+00
  242 -2.67090e-01  1.00000e+00  0.00000e+00  0.00000e+00  0.00000e+00  1.00000e+00
  243 -2.66113e-01  1.00000e+00  0.00000e+00  0.00000e+00  0.00000e+00  1.00000e+00
  244 -2.65137e-01  1.00000e+00  0.00000e+00  0.00000e+00  0.00000e+00  1.00000e+00
  245 -2.64160e-01  1.00000e+00  0.00000e+00  0.00000e+00  0.00000e+00  1.00000e+00
  246 -2.63184e-01  1.00000e+00  0.00000e+00  0.00000e+00  0.00000e+00  1.00000e+00
  247 -2.62207e-01  1.00000e+00  0.00000e+00  0.00000e+00  0.00000e+00  1.00000e+00
  248 -2.61230e-01  1.00000e+00  0.00000e+00  0.00000e+00  0.00000e+00  1.00000e+00
  249 -2.60254e-01  1.00000e+00  0.00000e+00  0.00000e+00  0.00000e+00  1.00000e+00
  250 -2.59277e-01  1.00000e+00  0.00000e+00  0.00000e+00  0.00000e+00  1.00000e+00
  251 -2.58301e-01  1.00000e+00  0.00000e+00  0.00000e+00  0.00000e+00  1.00000e+00
  252 -2.57324e-01  1.00000e+00  0.00000e+00  0.00000e+00  0.00000e+00  1.00000e+00
  253 -2.56348e-01  1.00000e+00  0.00000e+00  0.00000e+00  0.00000e+00  1.00000e+00
  254 -2.55371e-01  1.00000e+00  0.00000e+00  0.00000e+00  0.00000e+00  1.00000e+00
  255 -2.54395e-01  1.00000e+00  0.00000e+00  0.00000e+00  0.00000e+00  1.00000e+00
  256 -2.53418e-01  1.00000e+00  0.00000e+00  0.00000e+00  0.00000e+00  1.00000e+00
  257 -2.52441e-01  1.00000e+00  0.00000e+00  0.00000e+00  0.00000e+00  1.00000e+00
  258 -2.51465e-01  1.00000e+00  0.00000e+00  0.00000e+00  0.00000e+00  1.00000e+00
  259 -2.50488e-01  1.00000e+00  0.00000e+00  0.00000e+00  0.00000e+00  1.00000e+00
  260 -2.49512e-01  1.00000e+00  0.00000e+00  0.00000e+00  0.00000e+00  1.00000e+00
  261 -2.48535e-01  1.00000e+00  0.00000e+00  0.00000e+00  0.00000e+00  1.00000e+00
  262 -2.47559e-01  1.00000e+00  0.00000e+00  0.00000e+00  0.00000e+00  1.00000e+00
  263 -2.46582e-01  1.00000e+00  0.00000e+00  0.00000e+00  0.00000e+00  1.00000e+00
  264 -2.45605e-01  1.00000e+00  0.00000e+00  0.00000e+00  0.00000e+00  1.00000e+00
  265 -2.44629e-01  1.00000e+00  0.00000e+00  0.00000e+00  0.00000e+00  1.00000e+00
  266 -2.43652e-01  1.00000e+00  0.00000e+00  0.00000e+00  0.00000e+00  1.00000e+00
  267 -2.42676e-01  1.00000e+00  0.00000e+00  0.00000e+00  0.00000e+00  1.00000e+00
  268 -2.41699e-01  1.00000e+00  0.00000e+00  0.00000e+00  0.00000e+00  1.00000e+00
  269 -2.40723e-01  1.00000e+00  0.00000e+00  0.00000e+00  0.00000e+00  1.00000e+00
  270 -2.39746e-01  1.00000e+00  0.00000e+00  0.00000e+00  0.00000e+00  1.00000e+00
  271 -2.38770e-01  1.00000e+00  0.00000e+00  0.00000e+00  0.00000e+00  1.00000e+00
  272 -2.37793e-01  1.00000e+00  0.00000e+00  0.00000e+00  0.00000e+00  1.00000e+00
  273 -2.36816e-01  1.00000e+00  0.00000e+00  0.00000e+00  0.00000e+00  1.00000e+00
  274 -2.35840e-01  1.00000e+00  0.00000e+00  0.00000e+00  0.00000e+00  1.00000e+00
  275 -2.34863e-01  1.00000e+00  0.00000e+00  0.00000e+00  0.00000e+00  1.00000e+00
  276 -2.33887e-01  1.00000e+00  0.00000e+00  0.00000e+00  0.00000e+00  1.00000e+00
  277 -2.32910e-01  1.00000e+00  0.00000e+00  0.00000e+00  0.00000e+00  1.00000e+00
  278 -2.31934e-01  1.00000e+00  0.00000e+00  0.00000e+00  0.00000e+00  1.00000e+00
  279 -2.30957e-01  1.00000e+00  0.00000e+00  0.00000e+00  0.00000e+00  1.00000e+00
  280 -2.29980e-01  1.00000e+00  0.00000e+00  0.00000e+00  0.00000e+00  1.00000e+00
  281 -2.29004e-01  1.00000e+00  0.00000e+00  0.00000e+00  0.00000e+00  1.00000e+00
  282 -2.28027e-01  1.00000e+00  0.00000e+00  0.00000e+00  0.00000e+00  1.00000e+00
  283 -2.27051e-01  1.00000e+00  0.00000e+00  0.00000e+00  0.00000e+00  1.00000e+00
  284 -2.26074e-01  1.00000e+00  0.00000e+00  0.00000e+00  0.00000e+00  1.00000e+00
  285 -2.25098e-01  1.00000e+00  0.00000e+00  0.00000e+00  0.00000e+00  1.00000e+00
  286 -2.24121e-01  1.00000e+00  0.00000e+00  0.00000e+00  0.00000e+00  1.00000e+00
  287 -2.23145e-01  1.00000e+00  0.00000e+00  0.00000e+00  0.00000e+00  1.00000e+00
  288 -2.22168e-01  1.00000e+00  0.00000e+00  0.00000e+00  0.00000e+00  1.00000e+00
  289 -2.21191e-01  1.00000e+00  0.00000e+00  0.00000e+00  0.00000e+00  1.00000e+00
  290 -2.20215e-01  1.00000e+00  0.00000e+00  0.00000e+00  0.00000e+00  1.00000e+00
  291 -2.19238e-01  1.00000e+00  0.00000e+00  0.00000e+00  0.00000e+00  1.00000e+00
  292 -2.18262e-01  1.00000e+00  0.00000e+00  0.00000e+00  0.00000e+00  1.00000e+00
  293 -2.17285e-01  1.00000e+00  0.00000e+00  0.00000e+00  0.00000e+00  1.00000e+00
  294 -2.16309e-01  1.00000e+00  0.00000e+00  0.00000e+00  0.00000e+00  1.00000e+00
  295 -2.15332e-01  1.00000e+00  0.00000e+00  0.00000e+00  0.00000e+00  1.00000e+00
  296 -2.14355e-01  1.00000e+00  0.00000e+00  0.00000e+00  0.00000e+00  1.00000e+00
  297 -2.13379e-01  1.00000e+00  0.00000e+00  0.00000e+00  0.00000e+00  1.00000e+00
  298 -2.12402e-01  1.00000e+00  0.00000e+00  0.00000e+00  0.00000e+00  1.00000e+00
  299 -2.11426e-01  1.00000e+00  0.00000e+00  0.00000e+00  0.00000e+00  1.00000e+00
  300 -2.10449e-01  1.00000e+00  0.00000e+00  0.00000e+00  0.00000e+00  1.00000e+00
  301 -2.09473e-01  1.00000e+00  0.00000e+00  0.00000e+00  0.00000e+00  1.00000e+00
  302 -2.08496e-01  1.00000e+00  0.00000e+00  0.00000e+00  0.00000e+00  1.00000e+00
  303 -2.07520e-01  1.00000e+00  0.00000e+00  0.00000e+00  0.00000e+00  1.00000e+00
  304 -2.06543e-01  1.00000e+00  0.00000e+00  0.00000e+00  0.00000e+00  1.00000e+00
  305 -2.05566e-01  1.00000e+00  0.00000e+00  0.00000e+00  0.00000e+00  1.00000e+00
  306 -2.04590e-01  1.00000e+00  0.00000e+00  0.00000e+00  0.00000e+00  1.00000e+00
  307 -2.03613e-01  1.00000e+00  0.00000e+00  0.00000e+00  0.00000e+00  1.00000e+00
  308 -2.02637e-01  1.00000e+00  0.00000e+00  0.00000e+00  0.00000e+00  1.00000e+00
  309 -2.01660e-01  1.00000e+00  0.00000e+00  0.00000e+00  0.00000e+00  1.00000e+00
  310 -2.00684e-01  1.00000e+00  0.00000e+00  0.00000e+00  0.00000e+00  1.00000e+00
  311 -1.99707e-01  1.00000e+00  0.00000e+00  0.00000e+00  0.00000e+00  1.00000e+00
  312 -1.98730e-01  1.00000e+00  0.00000e+00  0.00000e+00  0.00000e+00  1.00000e+00
  313 -1.97754e-01  1.00000e+00  0.00000e+00  0.00000e+00  0.00000e+00  1.00000e+00
  314 -1.96777e-01  1.00000e+00  0.00000e+00  0.00000e+00  0.00000e+00  1.00000e+00
  315 -1.95801e-01  1.00000e+00  0.00000e+00  0.00000e+00  0.00000e+00  1.00000e+00
  316 -1.94824e-01  1.00000e+00  0.00000e+00  0.00000e+00  0.00000e+00  1.00000e+00
  317 -1.93848e-01  1.00000e+00  0.00000e+00  0.00000e+00  0.00000e+00  1.00000e+00
  318 -1.92871e-01  1.00000e+00  0.00000e+00  0.00000e+00  0.00000e+00  1.00000e+00
  319 -1.91895e-01  1.00000e+00  0.00000e+00  0.00000e+00  0.00000e+00  1.00000e+00
  320 -1.90918e-01  1.00000e+00  0.00000e+00  0.00000e+00  0.00000e+00  1.00000e+00
  321 -1.89941e-01  1.00000e+00  0.00000e+00  0.00000e+00  0.00000e+00  1.00000e+00
  322 -1.88965e-01  1.00000e+00  0.00000e+00  0.00000e+00  0.00000e+00  1.00000e+00
  323 -1.87988e-01  1.00000e+00  0.00000e+00  0.00000e+00  0.00000e+00  1.00000e+00
  324 -1.87012e-01  1.00000e+00  0.00000e+00  0.00000e+00  0.00000e+00  1.00000e+00
  325 -1.86035e-01  1.00000e+00  0.00000e+00  0.00000e+00  0.00000e+00  1.00000e+00
  326 -1.85059e-01  1.00000e+00  0.00000e+00  0.00000e+00  0.00000e+00  1.00000e+00
  327 -1.84082e-01  1.00000e+00  0.00000e+00  0.00000e+00  0.00000e+00  1.00000e+00
  328 -1.83105e-01  1.00000e+00  0.00000e+00  0.00000e+00  0.00000e+00  1.00000e+00
  329 -1.82129e-01  1.00000e+00  0.00000e+00  0.00000e+00  0.00000e+00  1.00000e+00
  330 -1.81152e-01  1.00000e+00  0.00000e+00  0.00000e+00  0.00000e+00  1.00000e+00
  331 -1.80176e-01  1.00000e+00  0.00000e+00  0.00000e+00  0.00000e+00  1.00000e+00
  332 -1.79199e-01  1.00000e+00  0.00000e+00  0.00000e+00  0.00000e+00  1.00000e+00
  333 -1.78223e-01  1.00000e+00  0.00000e+00  0.00000e+00  0.00000e+00  1.00000e+00
  334 -1.77246e-01  1.00000e+00  0.00000e+00  0.00000e+00  0.00000e+00  1.00000e+00
  335 -1.76270e-01  1.00000e+00  0.00000e+00  0.00000e+00  0.00000e+00  1.00000e+00
  336 -1.75293e-01  1.00000e+00  0.00000e+00  0.00000e+00  0.00000e+00  1.00000e+00
  337 -1.74316e-01  1.00000e+00  0.00000e+00  0.00000e+00  0.00000e+00  1.00000e+00
  338 -1.73340e-01  1.00000e+00  0.00000e+00  0.00000e+00  0.00000e+00  1.00000e+00
  339 -1.72363e-01  1.00000e+00  0.00000e+00  0.00000e+00  0.00000e+00  1.00000e+00
  340 -1.71387e-01  1.00000e+00  0.00000e+00  0.00000e+00  0.00000e+00  1.00000e+00
  341 -1.70410e-01  1.00000e+00  8.08769e-17  0.00000e+00  0.00000e+00  1.00000e+00
  342 -1.69434e-01  1.00000e+00 -3.04638e-22  0.00000e+00  0.00000e+00  1.00000e+00
  343 -1.68457e-01  1.00000e+00  5.36999e-23  0.00000e+00  0.00000e+00  1.00000e+00
  344 -1.67480e-01  1.00000e+00 -1.59108e-22  0.00000e+00  0.00000e+00  1.00000e+00
  345 -1.66504e-01  1.00000e+00  4.59014e-22  0.00000e+00  0.00000e+00  1.00000e+00
  346 -1.65527e-01  1.00000e+00  1.27989e-21  0.00000e+00  0.00000e+00  1.00000e+00
  347 -1.64551e-01  1.00000e+00  1.90656e-21  0.00000e+00  0.00000e+00  1.00000e+00
  348 -1.63574e-01  1.00000e+00  8.08806e-17  0.00000e+00  0.00000e+00  1.00000e+00
  349 -1.62598e-01  1.00000e+00 -6.28615e-22  0.00000e+00  0.00000e+00  1.00000e+00
  350 -1.61621e-01  1.00000e+00  1.83873e-21  0.00000e+00  0.00000e+00  1.00000e+00
  351 -1.60645e-01  1.00000e+00 -5.80646e-22  0.00000e+00  0.00000e+00  1.00000e+00
  352 -1.59668e-01  1.00000e+00  3.98705e-22  0.00000e+00  0.00000e+00  1.00000e+00
  353 -1.58691e-01  1.00000e+00  2.47591e-22  0.00000e+00  0.00000e+00  1.00000e+00
  354 -1.57715e-01  1.00000e+00  1.12946e-21  0.00000e+00  0.00000e+00  1.00000e+00
  355 -1.56738e-01  1.00000e+00  1.30937e-21  0.00000e+00  0.00000e+00  1.00000e+00
  356 -1.55762e-01  1.00000e+00 -2.72735e-21  0.00000e+00  0.00000e+00  1.00000e+00
  357 -1.54785e-01  1.00000e+00 -1.76593e-21  0.00000e+00  0.00000e+00  1.00000e+00
  358 -1.53809e-01  1.00000e+00 -3.19601e-21  0.00000e+00  0.00000e+00  1.00000e+00
  359 -1.52832e-01  1.00000e+00 -1.00551e-21  0.00000e+00  0.00000e+00  1.00000e+00
  360 -1.51855e-01  1.00000e+00 -1.31049e-21  0.00000e+00  0.00000e+00  1.00000e+00
  361 -1.50879e-01  1.00000e+00 -1.12594e-21  0.00000e+00  0.00000e+00  1.00000e+00
  362 -1.49902e-01  1.00000e+00 -2.94458e-21  0.00000e+00  0.00000e+00  1.00000e+00
  363 -1.48926e-01  1.00000e+00 -2.31344e-21  0.00000e+00  0.00000e+00  1.00000e+00
  364 -1.47949e-01  1.00000e+00 -2.75358e-21  0.00000e+00  0.00000e+00  1.00000e+00
  365 -1.46973e-01  1.00000e+00 -1.71598e-21  0.00000e+00  0.00000e+00  1.00000e+00
  366 -1.45996e-01  1.00000e+00 -2.75267e-22  0.00000e+00  0.00000e+00  1.00000e+00
  367 -1.45020e-01  1.00000e+00  9.39526e-22  0.00000e+00  0.00000e+00  1.00000e+00
  368 -1.44043e-01  1.00000e+00  1.31769e-21  0.00000e+00  0.00000e+00  1.00000e+00
  369 -1.43066e-01  1.00000e+00  8.08766e-17  0.00000e+00  0.00000e+00  1.00000e+00
  370 -1.42090e-01  1.00000e+00  5.43893e-22  0.00000e+00  0.00000e+00  1.00000e+00
  371 -1.41113e-01  1.00000e+00  6.70821e-23  0.00000e+00  0.00000e+00  1.00000e+00
  372 -1.40137e-01  1.00000e+00  7.07385e-22  0.00000e+00  0.00000e+00  1.00000e+00
  373 -1.39160e-01  1.00000e+00  5.99520e-22  0.00000e+00  0.00000e+00  1.00000e+00
  374 -1.38184e-01  1.00000e+00  1.36392e-21  0.00000e+00  0.00000e+00  1.00000e+00
  375 -1.37207e-01  1.00000e+00  8.08778e-17  0.00000e+00  0.00000e+00  1.00000e+00
  376 -1.36230e-01  1.00000e+00  6.68116e-22  0.00000e+00  0.00000e+00  1.00000e+00
  377 -1.35254e-01  1.00000e+00 -1.34524e-21  0.00000e+00  0.00000e+00  1.00000e+00
  378 -1.34277e-01  1.00000e+00 -2.06461e-21  0.00000e+00  0.00000e+00  1.00000e+00
  379 -1.33301e-01  1.00000e+00 -1.65047e-21  0.00000e+00  0.00000e+00  1.00000e+00
  380 -1.32324e-01  1.00000e+00  8.08771e-17  0.00000e+00  0.00000e+00  1.00000e+00
  381 -1.31348e-01  1.00000e+00 -6.62191e-22  0.00000e+00  0.00000e+00  1.00000e+00
  382 -1.30371e-01  1.00000e+00 -3.96622e-22  0.00000e+00  0.00000e+00  1.00000e+00
  383 -1.29395e-01  1.00000e+00 -6.16869e-21  0.00000e+00  0.00000e+00  1.00000e+00
  384 -1.28418e-01  1.00000e+00  8.08752e-17  0.00000e+00  0.00000e+00  1.00000e+00
  385 -1.27441e-01  1.00000e+00 -4.73350e-21  0.00000e+00  0.00000e+00  1.00000e+00
  386 -1.26465e-01  1.00000e+00 -1.76361e-21  0.00000e+00  0.00000e+00  1.00000e+00
  387 -1.25488e-01  1.00000e+00  2.44772e-21  0.00000e+00  0.00000e+00  1.00000e+00
  388 -1.24512e-01  1.00000e+00  1.38443e-21  0.00000e+00  0.00000e+00  1.00000e+00
  389 -1.23535e-01  1.00000e+00  3.72189e-22  0.00000e+00  0.00000e+00  1.00000e+00
  390 -1.22559e-01  1.00000e+00 -1.39232e-21  0.00000e+00  0.00000e+00  1.00000e+00
  391 -1.21582e-01  1.00000e+00 -3.57776e-22  0.00000e+00  0.00000e+00  1.00000e+00
  392 -1.20605e-01  1.00000e+00 -2.71644e-21  0.00000e+00  0.00000e+00  1.00000e+00
  393 -1.19629e-01  1.00000e+00  3.80185e-22  0.00000e+00  0.00000e+00  1.00000e+00
  394 -1.18652e-01  1.00000e+00 -3.86149e-21  0.00000e+00  0.00000e+00  1.00000e+00
  395 -1.17676e-01  1.00000e+00 -3.32695e-21  0.00000e+00  0.00000e+00  1.00000e+00
  396 -1.16699e-01  1.00000e+00 -6.32112e-21  0.00000e+00  0.00000e+00  1.00000e+00
  397 -1.15723e-01  1.00000e+00  8.08721e-17  0.00000e+00  0.00000e+00  1.00000e+00
  398 -1.14746e-01  1.00000e+00 -4.04261e-21  0.00000e+00  0.00000e+00  1.00000e+00
  399 -1.13770e-01  1.00000e+00 -4.56355e-21  0.00000e+00  0.00000e+00  1.00000e+00
  400 -1.12793e-01  1.00000e+00 -5.72573e-21  0.00000e+00  0.00000e+00  1.00000e+00
  401 -1.11816e-01  1.00000e+00  8.08720e-17  0.00000e+00  0.00000e+00  1.00000e+00
  402 -1.10840e-01  1.00000e+00 -3.60768e-21  0.00000e+00  0.00000e+00  1.00000e+00
  403 -1.09863e-01  1.00000e+00 -3.76496e-21  0.00000e+00  0.00000e+00  1.00000e+00
  404 -1.08887e-01  1.00000e+00  1.28244e-21  0.00000e+00  0.00000e+00  1.00000e+00
  405 -1.07910e-01  1.00000e+00 -1.20977e-21  0.00000e+00  0.00000e+00  1.00000e+00
  406 -1.06934e-01  1.00000e+00  4.27225e-21  0.00000e+00  0.00000e+00  1.00000e+00
  407 -1.05957e-01  1.00000e+00  1.64271e-21  0.00000e+00  0.00000e+00  1.00000e+00
  408 -1.04980e-01  1.00000e+00  3.76028e-21  0.00000e+00  0.00000e+00  1.00000e+00
  409 -1.04004e-01  1.00000e+00 -3.80406e-21  0.00000e+00  0.00000e+00  1.00000e+00
  410 -1.03027e-01  1.00000e+00 -2.73920e-21  0.00000e+00  0.00000e+00  1.00000e+00
  411 -1.02051e-01  1.00000e+00 -5.04237e-21  0.00000e+00  0.00000e+00  1.00000e+00
  412 -1.01074e-01  1.00000e+00  8.08719e-17  0.00000e+00  0.00000e+00  1.00000e+00
  413 -1.00098e-01  1.00000e+00 -3.96688e-21  0.00000e+00  0.00000e+00  1.00000e+00
  414 -9.91211e-02  1.00000e+00 -9.46764e-21  0.00000e+00  0.00000e+00  1.00000e+00
  415 -9.81445e-02  1.00000e+00 -7.15377e-21  0.00000e+00  0.00000e+00  1.00000e+00
  416 -9.71680e-02  1.00000e+00  1.21306e-16  0.00000e+00  0.00000e+00  1.00000e+00
  417 -9.61914e-02  1.00000e+00  1.90060e-15  0.00000e+00  0.00000e+00  1.00000e+00
  418 -9.52148e-02  1.00000e+00  2.24029e-14  0.00000e+00  0.00000e+00  1.00000e+00
  419 -9.42383e-02  1.00000e+00  2.43156e-13  0.00000e+00  0.00000e+00  1.00000e+00
  420 -9.32617e-02  1.00000e+00  2.64956e-12  0.00000e+00  0.00000e+00  1.00000e+00
  421 -9.22852e-02  1.00000e+00  2.87859e-11  0.00000e+00  0.00000e+00  1.00000e+00
  422 -9.13086e-02  1.00000e+00  3.12283e-10  0.00000e+00  0.00000e+00  1.00000e+00
  423 -9.03320e-02  1.00000e+00  3.38399e-09  0.00000e+00  0.00000e+00  1.00000e+00
  424 -8.93555e-02  1.00000e+00  3.66233e-08  0.00000e+00  0.00000e+00  1.00000e+00
  425 -8.83789e-02  1.00000e+00  3.95646e-07  0.00000e+00  0.00000e+00  1.00000e+00
  426 -8.74023e-02  9.99996e-01  4.27897e-06  0.00000e+00  0.00000e+00  9.99995e-01
  427 -8.64258e-02  9.99961e-01  4.57730e-05  0.00000e+00  0.00000e+00  9.99946e-01
  428 -8.54492e-02  9.99629e-01  4.38826e-04  0.00000e+00  0.00000e+00  9.99481e-01
  429 -8.44727e-02  9.98078e-01  2.27587e-03  0.00000e+00  0.00000e+00  9.97311e-01
  430 -8.34961e-02  9.94461e-01  6.56971e-03  0.00000e+00  0.00000e+00  9.92255e-01
  431 -8.25195e-02  9.88720e-01  1.34120e-02  0.00000e+00  0.00000e+00  9.84245e-01
  432 -8.15430e-02  9.81421e-01  2.21551e-02  0.00000e+00  0.00000e+00  9.74089e-01
  433 -8.05664e-02  9.73220e-01  3.20418e-02  0.00000e+00  0.00000e+00  9.62712e-01
  434 -7.95898e-02  9.64563e-01  4.25477e-02  0.00000e+00  0.00000e+00  9.50746e-01
  435 -7.86133e-02  9.55692e-01  5.33932e-02  0.00000e+00  0.00000e+00  9.38526e-01
  436 -7.76367e-02  9.46719e-01  6.44440e-02  0.00000e+00  0.00000e+00  9.26213e-01
  437 -7.66602e-02  9.37703e-01  7.56332e-02  0.00000e+00  0.00000e+00  9.13888e-01
  438 -7.56836e-02  9.28675e-01  8.69226e-02  0.00000e+00  0.00000e+00  9.01594e-01
  439 -7.47070e-02  9.19658e-01  9.82874e-02  0.00000e+00  0.00000e+00  8.89362e-01
  440 -7.37305e-02  9.10665e-01  1.09710e-01  0.00000e+00  0.00000e+00  8.77210e-01
  441 -7.27539e-02  9.01707e-01  1.21179e-01  0.00000e+00  0.00000e+00  8.65154e-01
  442 -7.17773e-02  8.92792e-01  1.32685e-01  0.00000e+00  0.00000e+00  8.53202e-01
  443 -7.08008e-02  8.83924e-01  1.44220e-01  0.00000e+00  0.00000e+00  8.41361e-01
  444 -6.98242e-02  8.75108e-01  1.55779e-01  0.00000e+00  0.00000e+00  8.29637e-01
  445 -6.88477e-02  8.66348e-01  1.67359e-01  0.00000e+00  0.00000e+00  8.18033e-01
  446 -6.78711e-02  8.57645e-01  1.78956e-01  0.00000e+00  0.00000e+00  8.06551e-01
  447 -6.68945e-02  8.49002e-01  1.90566e-01  0.00000e+00  0.00000e+00  7.95195e-01
  448 -6.59180e-02  8.40420e-01  2.02188e-01  0.00000e+00  0.00000e+00  7.83965e-01
  449 -6.49414e-02  8.31901e-01  2.13821e-01  0.00000e+00  0.00000e+00  7.72861e-01
  450 -6.39648e-02  8.23445e-01  2.25461e-01  0.00000e+00  0.00000e+00  7.61885e-01
  451 -6.29883e-02  8.15053e-01  2.37107e-01  0.00000e+00  0.00000e+00  7.51037e-01
  452 -6.20117e-02  8.06726e-01  2.48759e-01  0.00000e+00  0.00000e+00  7.40317e-01
  453 -6.10352e-02  7.98464e-01  2.60416e-01  0.00000e+00  0.00000e+00  7.29724e-01
  454 -6.00586e-02  7.90268e-01  2.72075e-01  0.00000e+00  0.00000e+00  7.19259e-01
  455 -5.90820e-02  7.82137e-01  2.83737e-01  0.00000e+00  0.00000e+00  7.08921e-01
  456 -5.81055e-02  7.74073e-01  2.95400e-01  0.00000e+00  0.00000e+00  6.98709e-01
  457 -5.71289e-02  7.66075e-01  3.07064e-01  0.00000e+00  0.00000e+00  6.88622e-01
  458 -5.61523e-02  7.58143e-01  3.18727e-01  0.00000e+00  0.00000e+00  6.78661e-01
  459 -5.51758e-02  7.50278e-01  3.30390e-01  0.00000e+00  0.00000e+00  6.68825e-01
  460 -5.41992e-02  7.42479e-01  3.42051e-01  0.00000e+00  0.00000e+00  6.59112e-01
  461 -5.32227e-02  7.34747e-01  3.53710e-01  0.00000e+00  0.00000e+00  6.49522e-01
  462 -5.22461e-02  7.27081e-01  3.65366e-01  0.00000e+00  0.00000e+00  6.40054e-01
  463 -5.12695e-02  7.19481e-01  3.77019e-01  0.00000e+00  0.00000e+00  6.30708e-01
  464 -5.02930e-02  7.11948e-01  3.88668e-01  0.00000e+00  0.00000e+00  6.21482e-01
  465 -4.93164e-02  7.04481e-01  4.00312e-01  0.00000e+00  0.00000e+00  6.12375e-01
  466 -4.83398e-02  6.97080e-01  4.11951e-01  0.00000e+00  0.00000e+00  6.03387e-01
  467 -4.73633e-02  6.89745e-01  4.23584e-01  0.00000e+00  0.00000e+00  5.94517e-01
  468 -4.63867e-02  6.82476e-01  4.35210e-01  0.00000e+00  0.00000e+00  5.85764e-01
  469 -4.54102e-02  6.75272e-01  4.46829e-01  0.00000e+00  0.00000e+00  5.77127e-01
  470 -4.44336e-02  6.68135e-01  4.58441e-01  0.00000e+00  0.00000e+00  5.68604e-01
  471 -4.34570e-02  6.61063e-01  4.70044e-01  0.00000e+00  0.00000e+00  5.60197e-01
  472 -4.24805e-02  6.54057e-01  4.81637e-01  0.00000e+00  0.00000e+00  5.51902e-01
  473 -4.15039e-02  6.47117e-01  4.93220e-01  0.00000e+00  0.00000e+00  5.43721e-01
  474 -4.05273e-02  6.40242e-01  5.04792e-01  0.00000e+00  0.00000e+00  5.35651e-01
  475 -3.95508e-02  6.33433e-01  5.16352e-01  0.00000e+00  0.00000e+00  5.27692e-01
  476 -3.85742e-02  6.26689e-01  5.27898e-01  0.00000e+00  0.00000e+00  5.19844e-01
  477 -3.75977e-02  6.20012e-01  5.39430e-01  0.00000e+00  0.00000e+00  5.12106e-01
  478 -3.66211e-02  6.13400e-01  5.50947e-01  0.00000e+00  0.00000e+00  5.04477e-01
  479 -3.56445e-02  6.06855e-01  5.62447e-01  0.00000e+00  0.00000e+00  4.96957e-01
  480 -3.46680e-02  6.00376e-01  5.73928e-01  0.00000e+00  0.00000e+00  4.89544e-01
  481 -3.36914e-02  5.93963e-01  5.85389e-01  0.00000e+00  0.00000e+00  4.82240e-01
  482 -3.27148e-02  5.87618e-01  5.96828e-01  0.00000e+00  0.00000e+00  4.75043e-01
  483 -3.17383e-02  5.81340e-01  6.08243e-01  0.00000e+00  0.00000e+00  4.67952e-01
  484 -3.07617e-02  5.75130e-01  6.19632e-01  0.00000e+00  0.00000e+00  4.60969e-01
  485 -2.97852e-02  5.68988e-01  6.30994e-01  0.00000e+00  0.00000e+00  4.54092e-01
  486 -2.88086e-02  5.62915e-01  6.42324e-01  0.00000e+00  0.00000e+00  4.47321e-01
  487 -2.78320e-02  5.56912e-01  6.53622e-01  0.00000e+00  0.00000e+00  4.40656e-01
  488 -2.68555e-02  5.50978e-01  6.64884e-01  0.00000e+00  0.00000e+00  4.34097e-01
  489 -2.58789e-02  5.45115e-01  6.76108e-01  0.00000e+00  0.00000e+00  4.27644e-01
  490 -2.49023e-02  5.39324e-01  6.87290e-01  0.00000e+00  0.00000e+00  4.21297e-01
  491 -2.39258e-02  5.33604e-01  6.98429e-01  0.00000e+00  0.00000e+00  4.15054e-01
  492 -2.29492e-02  5.27956e-01  7.09522e-01  0.00000e+00  0.00000e+00  4.08917e-01
  493 -2.19727e-02  5.22380e-01  7.20566e-01  0.00000e+00  0.00000e+00  4.02884e-01
  494 -2.09961e-02  5.16876e-01  7.31561e-01  0.00000e+00  0.00000e+00  3.96953e-01
  495 -2.00195e-02  5.11443e-01  7.42507e-01  0.00000e+00  0.00000e+00  3.91124e-01
  496 -1.90430e-02  5.06080e-01  7.53405e-01  0.00000e+00  0.00000e+00  3.85393e-01
  497 -1.80664e-02  5.00783e-01  7.64257e-01  0.00000e+00  0.00000e+00  3.79758e-01
  498 -1.70898e-02  4.95551e-01  7.75069e-01  0.00000e+00  0.00000e+00  3.74214e-01
  499 -1.61133e-02  4.90377e-01  7.85848e-01  0.00000e+00  0.00000e+00  3.68756e-01
  500 -1.51367e-02  4.85258e-01  7.96605e-01  0.00000e+00  0.00000e+00  3.63378e-01
  501 -1.41602e-02  4.80187e-01  8.07350e-01  0.00000e+00  0.00000e+00  3.58073e-01
  502 -1.31836e-02  4.75158e-01  8.18098e-01  0.00000e+00  0.00000e+00  3.52833e-01
  503 -1.22070e-02  4.70163e-01  8.28863e-01  0.00000e+00  0.00000e+00  3.47651e-01
  504 -1.12305e-02  4.65195e-01  8.39658e-01  0.00000e+00  0.00000e+00  3.42520e-01
  505 -1.02539e-02  4.60251e-01  8.50496e-01  0.00000e+00  0.00000e+00  3.37434e-01
  506 -9.27734e-03  4.55327e-01  8.61382e-01  0.00000e+00  0.00000e+00  3.32391e-01
  507 -8.30078e-03  4.50424e-01  8.72317e-01  0.00000e+00  0.00000e+00  3.27390e-01
  508 -7.32422e-03  4.45545e-01  8.83291e-01  0.00000e+00  0.00000e+00  3.22437e-01
  509 -6.34766e-03  4.40706e-01  8.94272e-01  0.00000e+00  0.00000e+00  3.17544e-01
  510 -5.37109e-03  4.35942e-01  9.05177e-01  0.00000e+00  0.00000e+00  3.12749e-01
  511 -4.39453e-03  4.31367e-01  9.15738e-01  0.00000e+00  0.00000e+00  3.08163e-01
  512 -3.41797e-03  4.27362e-01  9.25054e-01  0.00000e+00  0.00000e+00  3.04164e-01
  513 -2.44141e-03  4.24918e-01  9.30769e-01  0.00000e+00  0.00000e+00  3.01730e-01
  514 -1.46484e-03  4.24483e-01  9.31792e-01  0.00000e+00  0.00000e+00  3.01297e-01
  515 -4.88281e-04  4.24546e-01  9.31644e-01  0.00000e+00  0.00000e+00  3.01359e-01
  516  4.88281e-04  4.25368e-01  9.29716e-01  0.00000e+00  0.00000e+00  3.02177e-01
  517  1.46484e-03  4.25725e-01  9.28880e-01  0.00000e+00  0.00000e+00  3.02532e-01
  518  2.44141e-03  4.25766e-01  9.28786e-01  0.00000e+00  0.00000e+00  3.02572e-01
  519  3.41797e-03  4.25778e-01  9.28756e-01  0.00000e+00  0.00000e+00  3.02584e-01
  520  4.39453e-03  4.25792e-01  9.28725e-01  0.00000e+00  0.00000e+00  3.02598e-01
  521  5.37109e-03  4.25820e-01  9.28659e-01  0.00000e+00  0.00000e+00  3.02626e-01
  522  6.34766e-03  4.25937e-01  9.28386e-01  0.00000e+00  0.00000e+00  3.02742e-01
  523  7.32422e-03  4.26076e-01  9.28061e-01  0.00000e+00  0.00000e+00  3.02880e-01
  524  8.30078e-03  4.26154e-01  9.27880e-01  0.00000e+00  0.00000e+00  3.02957e-01
  525  9.27734e-03  4.26192e-01  9.27791e-01  0.00000e+00  0.00000e+00  3.02995e-01
  526  1.02539e-02  4.26198e-01  9.27780e-01  0.00000e+00  0.00000e+00  3.03000e-01
  527  1.12305e-02  4.26193e-01  9.27793e-01  0.00000e+00  0.00000e+00  3.02995e-01
  528  1.22070e-02  4.26173e-01  9.27841e-01  0.00000e+00  0.00000e+00  3.02974e-01
  529  1.31836e-02  4.26172e-01  9.27844e-01  0.00000e+00  0.00000e+00  3.02973e-01
  530  1.41602e-02  4.26212e-01  9.27751e-01  0.00000e+00  0.00000e+00  3.03013e-01
  531  1.51367e-02  4.26327e-01  9.27483e-01  0.00000e+00  0.00000e+00  3.03127e-01
  532  1.61133e-02  4.26363e-01  9.27399e-01  0.00000e+00  0.00000e+00  3.03163e-01
  533  1.70898e-02  4.26363e-01  9.27401e-01  0.00000e+00  0.00000e+00  3.03162e-01
  534  1.80664e-02  4.26312e-01  9.27523e-01  0.00000e+00  0.00000e+00  3.03110e-01
  535  1.90430e-02  4.26261e-01  9.27644e-01  0.00000e+00  0.00000e+00  3.03059e-01
  536  2.00195e-02  4.26257e-01  9.27654e-01  0.00000e+00  0.00000e+00  3.03055e-01
  537  2.09961e-02  4.26276e-01  9.27612e-01  0.00000e+00  0.00000e+00  3.03073e-01
  538  2.19727e-02  4.26348e-01  9.27446e-01  0.00000e+00  0.00000e+00  3.03144e-01
  539  2.29492e-02  4.26373e-01  9.27388e-01  0.00000e+00  0.00000e+00  3.03169e-01
  540  2.39258e-02  4.26372e-01  9.27392e-01  0.00000e+00  0.00000e+00  3.03167e-01
  541  2.49023e-02  4.26326e-01  9.27502e-01  0.00000e+00  0.00000e+00  3.03120e-01
  542  2.58789e-02  4.26271e-01  9.27631e-01  0.00000e+00  0.00000e+00  3.03066e-01
  543  2.68555e-02  4.26266e-01  9.27648e-01  0.00000e+00  0.00000e+00  3.03059e-01
  544  2.78320e-02  4.26280e-01  9.27617e-01  0.00000e+00  0.00000e+00  3.03072e-01
  545  2.88086e-02  4.26354e-01  9.27446e-01  0.00000e+00  0.00000e+00  3.03145e-01
  546  2.97852e-02  4.26385e-01  9.27375e-01  0.00000e+00  0.00000e+00  3.03175e-01
  547  3.07617e-02  4.26389e-01  9.27376e-01  0.00000e+00  0.00000e+00  3.03176e-01
  548  3.17383e-02  4.26354e-01  9.27459e-01  0.00000e+00  0.00000e+00  3.03141e-01
  549  3.27148e-02  4.26278e-01  9.27638e-01  0.00000e+00  0.00000e+00  3.03065e-01
  550  3.36914e-02  4.26265e-01  9.27675e-01  0.00000e+00  0.00000e+00  3.03049e-01
  551  3.46680e-02  4.26285e-01  9.27630e-01  0.00000e+00  0.00000e+00  3.03068e-01
  552  3.56445e-02  4.26381e-01  9.27412e-01  0.00000e+00  0.00000e+00  3.03161e-01
  553  3.66211e-02  4.26411e-01  9.27342e-01  0.00000e+00  0.00000e+00  3.03191e-01
  554  3.75977e-02  4.26416e-01  9.27343e-01  0.00000e+00  0.00000e+00  3.03191e-01
  555  3.85742e-02  4.26366e-01  9.27466e-01  0.00000e+00  0.00000e+00  3.03139e-01
  556  3.95508e-02  4.26278e-01  9.27672e-01  0.00000e+00  0.00000e+00  3.03052e-01
  557  4.05273e-02  4.26270e-01  9.27701e-01  0.00000e+00  0.00000e+00  3.03040e-01
  558  4.15039e-02  4.26304e-01  9.27626e-01  0.00000e+00  0.00000e+00  3.03072e-01
  559  4.24805e-02  4.26411e-01  9.27388e-01  0.00000e+00  0.00000e+00  3.03173e-01
  560  4.34570e-02  4.26436e-01  9.27336e-01  0.00000e+00  0.00000e+00  3.03196e-01
  561  4.44336e-02  4.26432e-01  9.27349e-01  0.00000e+00  0.00000e+00  3.03191e-01
  562  4.54102e-02  4.26363e-01  9.27528e-01  0.00000e+00  0.00000e+00  3.03115e-01
  563  4.63867e-02  4.26310e-01  9.27672e-01  0.00000e+00  0.00000e+00  3.03054e-01
  564  4.73633e-02  4.26315e-01  9.27681e-01  0.00000e+00  0.00000e+00  3.03051e-01
  565  4.83398e-02  4.26369e-01  9.27582e-01  0.00000e+00  0.00000e+00  3.03093e-01
  566  4.93164e-02  4.26470e-01  9.27374e-01  0.00000e+00  0.00000e+00  3.03182e-01
  567  5.02930e-02  4.26495e-01  9.27338e-01  0.00000e+00  0.00000e+00  3.03198e-01
  568  5.12695e-02  4.26492e-01  9.27366e-01  0.00000e+00  0.00000e+00  3.03186e-01
  569  5.22461e-02  4.26425e-01  9.27552e-01  0.00000e+00  0.00000e+00  3.03108e-01
  570  5.32227e-02  4.26433e-01  9.27643e-01  0.00000e+00  0.00000e+00  3.03069e-01
  571  5.41992e-02  4.26457e-01  9.27648e-01  0.00000e+00  0.00000e+00  3.03068e-01
  572  5.51758e-02  4.26520e-01  9.27560e-01  0.00000e+00  0.00000e+00  3.03106e-01
  573  5.61523e-02  4.26612e-01  9.27389e-01  0.00000e+00  0.00000e+00  3.03179e-01
  574  5.71289e-02  4.26612e-01  9.27358e-01  0.00000e+00  0.00000e+00  3.03193e-01
  575  5.81055e-02  4.26599e-01  9.27370e-01  0.00000e+00  0.00000e+00  3.03188e-01
  576  5.90820e-02  4.26531e-01  9.27485e-01  0.00000e+00  0.00000e+00  3.03139e-01
  577  6.00586e-02  4.26456e-01  9.27624e-01  0.00000e+00  0.00000e+00  3.03080e-01
  578  6.10352e-02  4.26323e-01  9.27652e-01  0.00000e+00  0.00000e+00  3.03070e-01
  579  6.20117e-02  4.25228e-01  9.27608e-01  0.00000e+00  0.00000e+00  3.03090e-01
  580  6.29883e-02  4.16276e-01  9.27412e-01  0.00000e+00  0.00000e+00  3.03173e-01
  581  6.39648e-02  3.84654e-01  9.27331e-01  0.00000e+00  0.00000e+00  3.03207e-01
  582  6.49414e-02  3.34682e-01  9.27327e-01  0.00000e+00  0.00000e+00  3.03206e-01
  583  6.59180e-02  2.90714e-01  9.27387e-01  0.00000e+00  0.00000e+00  3.03183e-01
  584  6.68945e-02  2.69036e-01  9.27594e-01  0.00000e+00  0.00000e+00  3.03110e-01
  585  6.78711e-02  2.64055e-01  9.27707e-01  0.00000e+00  0.00000e+00  3.03071e-01
  586  6.88477e-02  2.63632e-01  9.27712e-01  0.00000e+00  0.00000e+00  3.03067e-01
  587  6.98242e-02  2.63638e-01  9.27651e-01  0.00000e+00  0.00000e+00  3.03087e-01
  588  7.08008e-02  2.63823e-01  9.27450e-01  0.00000e+00  0.00000e+00  3.03155e-01
  589  7.17773e-02  2.64430e-01  9.27319e-01  0.00000e+00  0.00000e+00  3.03200e-01
  590  7.27539e-02  2.65076e-01  9.27303e-01  0.00000e+00  0.00000e+00  3.03209e-01
  591  7.37305e-02  2.65401e-01  9.27312e-01  0.00000e+00  0.00000e+00  3.03207e-01
  592  7.47070e-02  2.65455e-01  9.27445e-01  0.00000e+00  0.00000e+00  3.03164e-01
  593  7.56836e-02  2.65443e-01  9.27692e-01  0.00000e+00  0.00000e+00  3.03081e-01
  594  7.66602e-02  2.65461e-01  9.27745e-01  0.00000e+00  0.00000e+00  3.03062e-01
  595  7.76367e-02  2.65473e-01  9.27740e-01  0.00000e+00  0.00000e+00  3.03063e-01
  596  7.86133e-02  2.65508e-01  9.27628e-01  0.00000e+00  0.00000e+00  3.03100e-01
  597  7.95898e-02  2.65561e-01  9.27407e-01  0.00000e+00  0.00000e+00  3.03175e-01
  598  8.05664e-02  2.65584e-01  9.27311e-01  0.00000e+00  0.00000e+00  3.03209e-01
  599  8.15430e-02  2.65583e-01  9.27308e-01  0.00000e+00  0.00000e+00  3.03214e-01
  600  8.25195e-02  2.65573e-01  9.27355e-01  0.00000e+00  0.00000e+00  3.03200e-01
  601  8.34961e-02  2.65528e-01  9.27565e-01  0.00000e+00  0.00000e+00  3.03130e-01
  602  8.44727e-02  2.65492e-01  9.27711e-01  0.00000e+00  0.00000e+00  3.03082e-01
  603  8.54492e-02  2.65488e-01  9.27726e-01  0.00000e+00  0.00000e+00  3.03075e-01
  604  8.64258e-02  2.65489e-01  9.27717e-01  0.00000e+00  0.00000e+00  3.03077e-01
  605  8.74023e-02  2.65515e-01  9.27598e-01  0.00000e+00  0.00000e+00  3.03117e-01
  606  8.83789e-02  2.65568e-01  9.27365e-01  0.00000e+00  0.00000e+00  3.03196e-01
  607  8.93555e-02  2.65584e-01  9.27320e-01  0.00000e+00  0.00000e+00  3.03216e-01
  608  9.03320e-02  2.65597e-01  9.27337e-01  0.00000e+00  0.00000e+00  3.03213e-01
  609  9.13086e-02  2.65582e-01  9.27445e-01  0.00000e+00  0.00000e+00  3.03180e-01
  610  9.22852e-02  2.65566e-01  9.27539e-01  0.00000e+00  0.00000e+00  3.03150e-01
  611  9.32617e-02  2.65548e-01  9.27629e-01  0.00000e+00  0.00000e+00  3.03120e-01
  612  9.42383e-02  2.65525e-01  9.27727e-01  0.00000e+00  0.00000e+00  3.03086e-01
  613  9.52148e-02  2.65527e-01  9.27731e-01  0.00000e+00  0.00000e+00  3.03085e-01
  614  9.61914e-02  2.65558e-01  9.27600e-01  0.00000e+00  0.00000e+00  3.03130e-01
  615  9.71680e-02  2.65597e-01  9.27425e-01  0.00000e+00  0.00000e+00  3.03191e-01
  616  9.81445e-02  2.65611e-01  9.27387e-01  0.00000e+00  0.00000e+00  3.03208e-01
  617  9.91211e-02  2.65621e-01  9.27358e-01  0.00000e+00  0.00000e+00  3.03222e-01
  618  1.00098e-01  2.65620e-01  9.27345e-01  0.00000e+00  0.00000e+00  3.03230e-01
  619  1.01074e-01  2.65594e-01  9.27438e-01  0.00000e+00  0.00000e+00  3.03200e-01
  620  1.02051e-01  2.65519e-01  9.27761e-01  0.00000e+00  0.00000e+00  3.03092e-01
  621  1.03027e-01  2.65505e-01  9.27843e-01  0.00000e+00  0.00000e+00  3.03065e-01
  622  1.04004e-01  2.65525e-01  9.27758e-01  0.00000e+00  0.00000e+00  3.03094e-01
  623  1.04980e-01  2.65574e-01  9.27564e-01  0.00000e+00  0.00000e+00  3.03161e-01
  624  1.05957e-01  2.65592e-01  9.27530e-01  0.00000e+00  0.00000e+00  3.03178e-01
  625  1.06934e-01  2.65620e-01  9.27427e-01  0.00000e+00  0.00000e+00  3.03220e-01
  626  1.07910e-01  2.65655e-01  9.27289e-01  0.00000e+00  0.00000e+00  3.03273e-01
  627  1.08887e-01  2.65646e-01  9.27348e-01  0.00000e+00  0.00000e+00  3.03258e-01
  628  1.09863e-01  2.65599e-01  9.27588e-01  0.00000e+00  0.00000e+00  3.03180e-01
  629  1.10840e-01  2.65527e-01  9.27931e-01  0.00000e+00  0.00000e+00  3.03066e-01
  630  1.11816e-01  2.65517e-01  9.27980e-01  0.00000e+00  0.00000e+00  3.03051e-01
  631  1.12793e-01  2.65605e-01  9.27592e-01  0.00000e+00  0.00000e+00  3.03185e-01
  632  1.13770e-01  2.65548e-01  9.27920e-01  0.00000e+00  0.00000e+00  3.03081e-01
  633  1.14746e-01  2.65637e-01  9.27504e-01  0.00000e+00  0.00000e+00  3.03226e-01
  634  1.15723e-01  2.65706e-01  9.27015e-01  0.00000e+00  0.00000e+00  3.03397e-01
  635  1.16699e-01  2.65482e-01  9.28088e-01  0.00000e+00  0.00000e+00  3.03046e-01
  636  1.17676e-01  2.65846e-01  9.26468e-01  0.00000e+00  0.00000e+00  3.03599e-01
  637  1.18652e-01  2.65419e-01  9.28592e-01  0.00000e+00  0.00000e+00  3.02881e-01
  638  1.19629e-01  2.65502e-01  9.28526e-01  0.00000e+00  0.00000e+00  3.03014e-01
  639  1.20605e-01  2.66109e-01  9.26266e-01  0.00000e+00  0.00000e+00  3.04073e-01
  640  1.21582e-01  2.64608e-01  9.25666e-01  0.00000e+00  0.00000e+00  3.01758e-01
  641  1.22559e-01  2.23348e-01  7.03870e-01  0.00000e+00  0.00000e+00  2.38296e-01
  642  1.23535e-01  1.30242e-01  4.54111e-02  0.00000e+00  0.00000e+00  1.06109e-01
  643  1.24512e-01  1.25016e-01  1.37152e-04  0.00000e+00  0.00000e+00  1.00018e-01
  644  1.25488e-01  1.25000e-01  3.51623e-07  0.00000e+00  0.00000e+00  1.00000e-01
  645  1.26465e-01  1.25000e-01  8.98509e-10  0.00000e+00  0.00000e+00  1.00000e-01
  646  1.27441e-01  1.25000e-01  2.25934e-12  0.00000e+00  0.00000e+00  1.00000e-01
  647  1.28418e-01  1.25000e-01  5.78270e-15  0.00000e+00  0.00000e+00  1.00000e-01
  648  1.29395e-01  1.25000e-01  0.00000e+00  0.00000e+00  0.00000e+00  1.00000e-01
  649  1.30371e-01  1.25000e-01  0.00000e+00  0.00000e+00  0.00000e+00  1.00000e-01
  650  1.31348e-01  1.25000e-01  0.00000e+00  0.00000e+00  0.00000e+00  1.00000e-01
  651  1.32324e-01  1.25000e-01  0.00000e+00  0.00000e+00  0.00000e+00  1.00000e-01
  652  1.33301e-01  1.25000e-01  0.00000e+00  0.00000e+00  0.00000e+00  1.00000e-01
  653  1.34277e-01  1.25000e-01  0.00000e+00  0.00000e+00  0.00000e+00  1.00000e-01
  654  1.35254e-01  1.25000e-01  0.00000e+00  0.00000e+00  0.00000e+00  1.00000e-01
  655  1.36230e-01  1.25000e-01  0.00000e+00  0.00000e+00  0.00000e+00  1.00000e-01
  656  1.37207e-01  1.25000e-01  0.00000e+00  0.00000e+00  0.00000e+00  1.00000e-01
  657  1.38184e-01  1.25000e-01  0.00000e+00  0.00000e+00  0.00000e+00  1.00000e-01
  658  1.39160e-01  1.25000e-01  0.00000e+00  0.00000e+00  0.00000e+00  1.00000e-01
  659  1.40137e-01  1.25000e-01  0.00000e+00  0.00000e+00  0.00000e+00  1.00000e-01
  660  1.41113e-01  1.25000e-01  0.00000e+00  0.00000e+00  0.00000e+00  1.00000e-01
  661  1.42090e-01  1.25000e-01  0.00000e+00  0.00000e+00  0.00000e+00  1.00000e-01
  662  1.43066e-01  1.25000e-01  0.00000e+00  0.00000e+00  0.00000e+00  1.00000e-01
  663  1.44043e-01  1.25000e-01  0.00000e+00  0.00000e+00  0.00000e+00  1.00000e-01
  664  1.45020e-01  1.25000e-01  0.00000e+00  0.00000e+00  0.00000e+00  1.00000e-01
  665  1.45996e-01  1.25000e-01  0.00000e+00  0.00000e+00  0.00000e+00  1.00000e-01
  666  1.46973e-01  1.25000e-01  0.00000e+00  0.00000e+00  0.00000e+00  1.00000e-01
  667  1.47949e-01  1.25000e-01  0.00000e+00  0.00000e+00  0.00000e+00  1.00000e-01
  668  1.48926e-01  1.25000e-01  0.00000e+00  0.00000e+00  0.00000e+00  1.00000e-01
  669  1.49902e-01  1.25000e-01  0.00000e+00  0.00000e+00  0.00000e+00  1.00000e-01
  670  1.50879e-01  1.25000e-01  0.00000e+00  0.00000e+00  0.00000e+00  1.00000e-01
  671  1.51855e-01  1.25000e-01  0.00000e+00  0.00000e+00  0.00000e+00  1.00000e-01
  672  1.52832e-01  1.25000e-01  0.00000e+00  0.00000e+00  0.00000e+00  1.00000e-01
  673  1.53809e-01  1.25000e-01  0.00000e+00  0.00000e+00  0.00000e+00  1.00000e-01
  674  1.54785e-01  1.25000e-01  0.00000e+00  0.00000e+00  0.00000e+00  1.00000e-01
  675  1.55762e-01  1.25000e-01  0.00000e+00  0.00000e+00  0.00000e+00  1.00000e-01
  676  1.56738e-01  1.25000e-01  0.00000e+00  0.00000e+00  0.00000e+00  1.00000e-01
  677  1.57715e-01  1.25000e-01  0.00000e+00  0.00000e+00  0.00000e+00  1.00000e-01
  678  1.58691e-01  1.25000e-01  0.00000e+00  0.00000e+00  0.00000e+00  1.00000e-01
  679  1.59668e-01  1.25000e-01  0.00000e+00  0.00000e+00  0.00000e+00  1.00000e-01
  680  1.60645e-01  1.25000e-01  0.00000e+00  0.00000e+00  0.00000e+00  1.00000e-01
  681  1.61621e-01  1.25000e-01  0.00000e+00  0.00000e+00  0.00000e+00  1.00000e-01
  682  1.62598e-01  1.25000e-01  0.00000e+00  0.00000e+00  0.00000e+00  1.00000e-01
  683  1.63574e-01  1.25000e-01  0.00000e+00  0.00000e+00  0.00000e+00  1.00000e-01
  684  1.64551e-01  1.25000e-01  0.00000e+00  0.00000e+00  0.00000e+00  1.00000e-01
  685  1.65527e-01  1.25000e-01  0.00000e+00  0.00000e+00  0.00000e+00  1.00000e-01
  686  1.66504e-01  1.25000e-01  0.00000e+00  0.00000e+00  0.00000e+00  1.00000e-01
  687  1.67480e-01  1.25000e-01  0.00000e+00  0.00000e+00  0.00000e+00  1.00000e-01
  688  1.68457e-01  1.25000e-01  0.00000e+00  0.00000e+00  0.00000e+00  1.00000e-01
  689  1.69434e-01  1.25000e-01  0.00000e+00  0.00000e+00  0.00000e+00  1.00000e-01
  690  1.70410e-01  1.25000e-01  0.00000e+00  0.00000e+00  0.00000e+00  1.00000e-01
  691  1.71387e-01  1.25000e-01  0.00000e+00  0.00000e+00  0.00000e+00  1.00000e-01
  692  1.72363e-01  1.25000e-01  0.00000e+00  0.00000e+00  0.00000e+00  1.00000e-01
  693  1.73340e-01  1.25000e-01  0.00000e+00  0.00000e+00  0.00000e+00  1.00000e-01
  694  1.74316e-01  1.25000e-01  0.00000e+00  0.00000e+00  0.00000e+00  1.00000e-01
  695  1.75293e-01  1.25000e-01  0.00000e+00  0.00000e+00  0.00000e+00  1.00000e-01
  696  1.76270e-01  1.25000e-01  0.00000e+00  0.00000e+00  0.00000e+00  1.00000e-01
  697  1.77246e-01  1.25000e-01  0.00000e+00  0.00000e+00  0.00000e+00  1.00000e-01
  698  1.78223e-01  1.25000e-01  0.00000e+00  0.00000e+00  0.00000e+00  1.00000e-01
  699  1.79199e-01  1.25000e-01  0.00000e+00  0.00000e+00  0.00000e+00  1.00000e-01
  700  1.80176e-01  1.25000e-01  0.00000e+00  0.00000e+00  0.00000e+00  1.00000e-01
  701  1.81152e-01  1.25000e-01  0.00000e+00  0.00000e+00  0.00000e+00  1.00000e-01
  702  1.82129e-01  1.25000e-01  0.00000e+00  0.00000e+00  0.00000e+00  1.00000e-01
  703  1.83105e-01  1.25000e-01  0.00000e+00  0.00000e+00  0.00000e+00  1.00000e-01
  704  1.84082e-01  1.25000e-01  0.00000e+00  0.00000e+00  0.00000e+00  1.00000e-01
  705  1.85059e-01  1.25000e-01  0.00000e+00  0.00000e+00  0.00000e+00  1.00000e-01
  706  1.86035e-01  1.25000e-01  0.00000e+00  0.00000e+00  0.00000e+00  1.00000e-01
  707  1.87012e-01  1.25000e-01  0.00000e+00  0.00000e+00  0.00000e+00  1.00000e-01
  708  1.87988e-01  1.25000e-01  0.00000e+00  0.00000e+00  0.00000e+00  1.00000e-01
  709  1.88965e-01  1.25000e-01  0.00000e+00  0.00000e+00  0.00000e+00  1.00000e-01
  710  1.89941e-01  1.25000e-01  0.00000e+00  0.00000e+00  0.00000e+00  1.00000e-01
  711  1.90918e-01  1.25000e-01  0.00000e+00  0.00000e+00  0.00000e+00  1.00000e-01
  712  1.91895e-01  1.25000e-01  0.00000e+00  0.00000e+00  0.00000e+00  1.00000e-01
  713  1.92871e-01  1.25000e-01  0.00000e+00  0.00000e+00  0.00000e+00  1.00000e-01
  714  1.93848e-01  1.25000e-01  0.00000e+00  0.00000e+00  0.00000e+00  1.00000e-01
  715  1.94824e-01  1.25000e-01  0.00000e+00  0.00000e+00  0.00000e+00  1.00000e-01
  716  1.95801e-01  1.25000e-01  0.00000e+00  0.00000e+00  0.00000e+00  1.00000e-01
  717  1.96777e-01  1.25000e-01  0.00000e+00  0.00000e+00  0.00000e+00  1.00000e-01
  718  1.97754e-01  1.25000e-01  0.00000e+00  0.00000e+00  0.00000e+00  1.00000e-01
  719  1.98730e-01  1.25000e-01  0.00000e+00  0.00000e+00  0.00000e+00  1.00000e-01
  720  1.99707e-01  1.25000e-01  0.00000e+00  0.00000e+00  0.00000e+00  1.00000e-01
  721  2.00684e-01  1.25000e-01  0.00000e+00  0.00000e+00  0.00000e+00  1.00000e-01
  722  2.01660e-01  1.25000e-01  0.00000e+00  0.00000e+00  0.00000e+00  1.00000e-01
  723  2.02637e-01  1.25000e-01  0.00000e+00  0.00000e+00  0.00000e+00  1.00000e-01
  724  2.03613e-01  1.25000e-01  0.00000e+00  0.00000e+00  0.00000e+00  1.00000e-01
  725  2.04590e-01  1.25000e-01  0.00000e+00  0.00000e+00  0.00000e+00  1.00000e-01
  726  2.05566e-01  1.25000e-01  0.00000e+00  0.00000e+00  0.00000e+00  1.00000e-01
  727  2.06543e-01  1.25000e-01  0.00000e+00  0.00000e+00  0.00000e+00  1.00000e-01
  728  2.07520e-01  1.25000e-01  0.00000e+00  0.00000e+00  0.00000e+00  1.00000e-01
  729  2.08496e-01  1.25000e-01  0.00000e+00  0.00000e+00  0.00000e+00  1.00000e-01
  730  2.09473e-01  1.25000e-01  0.00000e+00  0.00000e+00  0.00000e+00  1.00000e-01
  731  2.10449e-01  1.25000e-01  0.00000e+00  0.00000e+00  0.00000e+00  1.00000e-01
  732  2.11426e-01  1.25000e-01  0.00000e+00  0.00000e+00  0.00000e+00  1.00000e-01
  733  2.12402e-01  1.25000e-01  0.00000e+00  0.00000e+00  0.00000e+00  1.00000e-01
  734  2.13379e-01  1.25000e-01  0.00000e+00  0.00000e+00  0.00000e+00  1.00000e-01
  735  2.14355e-01  1.25000e-01  0.00000e+00  0.00000e+00  0.00000e+00  1.00000e-01
  736  2.15332e-01  1.25000e-01  0.00000e+00  0.00000e+00  0.00000e+00  1.00000e-01
  737  2.16309e-01  1.25000e-01  0.00000e+00  0.00000e+00  0.00000e+00  1.00000e-01
  738  2.17285e-01  1.25000e-01  0.00000e+00  0.00000e+00  0.00000e+00  1.00000e-01
  739  2.18262e-01  1.25000e-01  0.00000e+00  0.00000e+00  0.00000e+00  1.00000e-01
  740  2.19238e-01  1.25000e-01  0.00000e+00  0.00000e+00  0.00000e+00  1.00000e-01
  741  2.20215e-01  1.25000e-01  0.00000e+00  0.00000e+00  0.00000e+00  1.00000e-01
  742  2.21191e-01  1.25000e-01  0.00000e+00  0.00000e+00  0.00000e+00  1.00000e-01
  743  2.22168e-01  1.25000e-01  0.00000e+00  0.00000e+00  0.00000e+00  1.00000e-01
  744  2.23145e-01  1.25000e-01  0.00000e+00  0.00000e+00  0.00000e+00  1.00000e-01
  745  2.24121e-01  1.25000e-01  0.00000e+00  0.00000e+00  0.00000e+00  1.00000e-01
  746  2.25098e-01  1.25000e-01  0.00000e+00  0.00000e+00  0.00000e+00  1.00000e-01
  747  2.26074e-01  1.25000e-01  0.00000e+00  0.00000e+00  0.00000e+00  1.00000e-01
  748  2.27051e-01  1.25000e-01  0.00000e+00  0.00000e+00  0.00000e+00  1.00000e-01
  749  2.28027e-01  1.25000e-01  0.00000e+00  0.00000e+00  0.00000e+00  1.00000e-01
  750  2.29004e-01  1.25000e-01  0.00000e+00  0.00000e+00  0.00000e+00  1.00000e-01
  751  2.29980e-01  1.25000e-01  0.00000e+00  0.00000e+00  0.00000e+00  1.00000e-01
  752  2.30957e-01  1.25000e-01  0.00000e+00  0.00000e+00  0.00000e+00  1.00000e-01
  753  2.31934e-01  1.25000e-01  0.00000e+00  0.00000e+00  0.00000e+00  1.00000e-01
  754  2.32910e-01  1.25000e-01  0.00000e+00  0.00000e+00  0.00000e+00  1.00000e-01
  755  2.33887e-01  1.25000e-01  0.00000e+00  0.00000e+00  0.00000e+00  1.00000e-01
  756  2.34863e-01  1.25000e-01  0.00000e+00  0.00000e+00  0.00000e+00  1.00000e-01
  757  2.35840e-01  1.25000e-01  0.00000e+00  0.00000e+00  0.00000e+00  1.00000e-01
  758  2.36816e-01  1.25000e-01  0.00000e+00  0.00000e+00  0.00000e+00  1.00000e-01
  759  2.37793e-01  1.25000e-01  0.00000e+00  0.00000e+00  0.00000e+00  1.00000e-01
  760  2.38770e-01  1.25000e-01  0.00000e+00  0.00000e+00  0.00000e+00  1.00000e-01
  761  2.39746e-01  1.25000e-01  0.00000e+00  0.00000e+00  0.00000e+00  1.00000e-01
  762  2.40723e-01  1.25000e-01  0.00000e+00  0.00000e+00  0.00000e+00  1.00000e-01
  763  2.41699e-01  1.25000e-01  0.00000e+00  0.00000e+00  0.00000e+00  1.00000e-01
  764  2.42676e-01  1.25000e-01  0.00000e+00  0.00000e+00  0.00000e+00  1.00000e-01
  765  2.43652e-01  1.25000e-01  0.00000e+00  0.00000e+00  0.00000e+00  1.00000e-01
  766  2.44629e-01  1.25000e-01  0.00000e+00  0.00000e+00  0.00000e+00  1.00000e-01
  767  2.45605e-01  1.25000e-01  0.00000e+00  0.00000e+00  0.00000e+00  1.00000e-01
  768  2.46582e-01  1.25000e-01  0.00000e+00  0.00000e+00  0.00000e+00  1.00000e-01
  769  2.47559e-01  1.25000e-01  0.00000e+00  0.00000e+00  0.00000e+00  1.00000e-01
  770  2.48535e-01  1.25000e-01  0.00000e+00  0.00000e+00  0.00000e+00  1.00000e-01
  771  2.49512e-01  1.25000e-01  0.00000e+00  0.00000e+00  0.00000e+00  1.00000e-01
  772  2.50488e-01  1.25000e-01  0.00000e+00  0.00000e+00  0.00000e+00  1.00000e-01
  773  2.51465e-01  1.25000e-01  0.00000e+00  0.00000e+00  0.00000e+00  1.00000e-01
  774  2.52441e-01  1.25000e-01  0.00000e+00  0.00000e+00  0.00000e+00  1.00000e-01
  775  2.53418e-01  1.25000e-01  0.00000e+00  0.00000e+00  0.00000e+00  1.00000e-01
  776  2.54395e-01  1.25000e-01  0.00000e+00  0.00000e+00  0.00000e+00  1.00000e-01
  777  2.55371e-01  1.25000e-01  0.00000e+00  0.00000e+00  0.00000e+00  1.00000e-01
  778  2.56348e-01  1.25000e-01  0.00000e+00  0.00000e+00  0.00000e+00  1.00000e-01
  779  2.57324e-01  1.25000e-01  0.00000e+00  0.00000e+00  0.00000e+00  1.00000e-01
  780  2.58301e-01  1.25000e-01  0.00000e+00  0.00000e+00  0.00000e+00  1.00000e-01
  781  2.59277e-01  1.25000e-01  0.00000e+00  0.00000e+00  0.00000e+00  1.00000e-01
  782  2.60254e-01  1.25000e-01  0.00000e+00  0.00000e+00  0.00000e+00  1.00000e-01
  783  2.61230e-01  1.25000e-01  0.00000e+00  0.00000e+00  0.00000e+00  1.00000e-01
  784  2.62207e-01  1.25000e-01  0.00000e+00  0.00000e+00  0.00000e+00  1.00000e-01
  785  2.63184e-01  1.25000e-01  0.00000e+00  0.00000e+00  0.00000e+00  1.00000e-01
  786  2.64160e-01  1.25000e-01  0.00000e+00  0.00000e+00  0.00000e+00  1.00000e-01
  787  2.65137e-01  1.25000e-01  0.00000e+00  0.00000e+00  0.00000e+00  1.00000e-01
  788  2.66113e-01  1.25000e-01  0.00000e+00  0.00000e+00  0.00000e+00  1.00000e-01
  789  2.67090e-01  1.25000e-01  0.00000e+00  0.00000e+00  0.00000e+00  1.00000e-01
  790  2.68066e-01  1.25000e-01  0.00000e+00  0.00000e+00  0.00000e+00  1.00000e-01
  791  2.69043e-01  1.25000e-01  0.00000e+00  0.00000e+00  0.00000e+00  1.00000e-01
  792  2.70020e-01  1.25000e-01  0.00000e+00  0.00000e+00  0.00000e+00  1.00000e-01
  793  2.70996e-01  1.25000e-01  0.00000e+00  0.00000e+00  0.00000e+00  1.00000e-01
  794  2.71973e-01  1.25000e-01  0.00000e+00  0.00000e+00  0.00000e+00  1.00000e-01
  795  2.72949e-01  1.25000e-01  0.00000e+00  0.00000e+00  0.00000e+00  1.00000e-01
  796  2.73926e-01  1.25000e-01  0.00000e+00  0.00000e+00  0.00000e+00  1.00000e-01
  797  2.74902e-01  1.25000e-01  0.00000e+00  0.00000e+00  0.00000e+00  1.00000e-01
  798  2.75879e-01  1.25000e-01  0.00000e+00  0.00000e+00  0.00000e+00  1.00000e-01
  799  2.76855e-01  1.25000e-01  0.00000e+00  0.00000e+00  0.00000e+00  1.00000e-01
  800  2.77832e-01  1.25000e-01  0.00000e+00  0.00000e+00  0.00000e+00  1.00000e-01
  801  2.78809e-01  1.25000e-01  0.00000e+00  0.00000e+00  0.00000e+00  1.00000e-01
  802  2.79785e-01  1.25000e-01  0.00000e+00  0.00000e+00  0.00000e+00  1.00000e-01
  803  2.80762e-01  1.25000e-01  0.00000e+00  0.00000e+00  0.00000e+00  1.00000e-01
  804  2.81738e-01  1.25000e-01  0.00000e+00  0.00000e+00  0.00000e+00  1.00000e-01
  805  2.82715e-01  1.25000e-01  0.00000e+00  0.00000e+00  0.00000e+00  1.00000e-01
  806  2.83691e-01  1.25000e-01  0.00000e+00  0.00000e+00  0.00000e+00  1.00000e-01
  807  2.84668e-01  1.25000e-01  0.00000e+00  0.00000e+00  0.00000e+00  1.00000e-01
  808  2.85645e-01  1.25000e-01  0.00000e+00  0.00000e+00  0.00000e+00  1.00000e-01
  809  2.86621e-01  1.25000e-01  0.00000e+00  0.00000e+00  0.00000e+00  1.00000e-01
  810  2.87598e-01  1.25000e-01  0.00000e+00  0.00000e+00  0.00000e+00  1.00000e-01
  811  2.88574e-01  1.25000e-01  0.00000e+00  0.00000e+00  0.00000e+00  1.00000e-01
  812  2.89551e-01  1.25000e-01  0.00000e+00  0.00000e+00  0.00000e+00  1.00000e-01
  813  2.90527e-01  1.25000e-01  0.00000e+00  0.00000e+00  0.00000e+00  1.00000e-01
  814  2.91504e-01  1.25000e-01  0.00000e+00  0.00000e+00  0.00000e+00  1.00000e-01
  815  2.92480e-01  1.25000e-01  0.00000e+00  0.00000e+00  0.00000e+00  1.00000e-01
  816  2.93457e-01  1.25000e-01  0.00000e+00  0.00000e+00  0.00000e+00  1.00000e-01
  817  2.94434e-01  1.25000e-01  0.00000e+00  0.00000e+00  0.00000e+00  1.00000e-01
  818  2.95410e-01  1.25000e-01  0.00000e+00  0.00000e+00  0.00000e+00  1.00000e-01
  819  2.96387e-01  1.25000e-01  0.00000e+00  0.00000e+00  0.00000e+00  1.00000e-01
  820  2.97363e-01  1.25000e-01  0.00000e+00  0.00000e+00  0.00000e+00  1.00000e-01
  821  2.98340e-01  1.25000e-01  0.00000e+00  0.00000e+00  0.00000e+00  1.00000e-01
  822  2.99316e-01  1.25000e-01  0.00000e+00  0.00000e+00  0.00000e+00  1.00000e-01
  823  3.00293e-01  1.25000e-01  0.00000e+00  0.00000e+00  0.00000e+00  1.00000e-01
  824  3.01270e-01  1.25000e-01  0.00000e+00  0.00000e+00  0.00000e+00  1.00000e-01
  825  3.02246e-01  1.25000e-01  0.00000e+00  0.00000e+00  0.00000e+00  1.00000e-01
  826  3.03223e-01  1.25000e-01  0.00000e+00  0.00000e+00  0.00000e+00  1.00000e-01
  827  3.04199e-01  1.25000e-01  0.00000e+00  0.00000e+00  0.00000e+00  1.00000e-01
  828  3.05176e-01  1.25000e-01  0.00000e+00  0.00000e+00  0.00000e+00  1.00000e-01
  829  3.06152e-01  1.25000e-01  0.00000e+00  0.00000e+00  0.00000e+00  1.00000e-01
  830  3.07129e-01  1.25000e-01  0.00000e+00  0.00000e+00  0.00000e+00  1.00000e-01
  831  3.08105e-01  1.25000e-01  0.00000e+00  0.00000e+00  0.00000e+00  1.00000e-01
  832  3.09082e-01  1.25000e-01  0.00000e+00  0.00000e+00  0.00000e+00  1.00000e-01
  833  3.10059e-01  1.25000e-01  0.00000e+00  0.00000e+00  0.00000e+00  1.00000e-01
  834  3.11035e-01  1.25000e-01  0.00000e+00  0.00000e+00  0.00000e+00  1.00000e-01
  835  3.12012e-01  1.25000e-01  0.00000e+00  0.00000e+00  0.00000e+00  1.00000e-01
  836  3.12988e-01  1.25000e-01  0.00000e+00  0.00000e+00  0.00000e+00  1.00000e-01
  837  3.13965e-01  1.25000e-01  0.00000e+00  0.00000e+00  0.00000e+00  1.00000e-01
  838  3.14941e-01  1.25000e-01  0.00000e+00  0.00000e+00  0.00000e+00  1.00000e-01
  839  3.15918e-01  1.25000e-01  0.00000e+00  0.00000e+00  0.00000e+00  1.00000e-01
  840  3.16895e-01  1.25000e-01  0.00000e+00  0.00000e+00  0.00000e+00  1.00000e-01
  841  3.17871e-01  1.25000e-01  0.00000e+00  0.00000e+00  0.00000e+00  1.00000e-01
  842  3.18848e-01  1.25000e-01  0.00000e+00  0.00000e+00  0.00000e+00  1.00000e-01
  843  3.19824e-01  1.25000e-01  0.00000e+00  0.00000e+00  0.00000e+00  1.00000e-01
  844  3.20801e-01  1.25000e-01  0.00000e+00  0.00000e+00  0.00000e+00  1.00000e-01
  845  3.21777e-01  1.25000e-01  0.00000e+00  0.00000e+00  0.00000e+00  1.00000e-01
  846  3.22754e-01  1.25000e-01  0.00000e+00  0.00000e+00  0.00000e+00  1.00000e-01
  847  3.23730e-01  1.25000e-01  0.00000e+00  0.00000e+00  0.00000e+00  1.00000e-01
  848  3.24707e-01  1.25000e-01  0.00000e+00  0.00000e+00  0.00000e+00  1.00000e-01
  849  3.25684e-01  1.25000e-01  0.00000e+00  0.00000e+00  0.00000e+00  1.00000e-01
  850  3.26660e-01  1.25000e-01  0.00000e+00  0.00000e+00  0.00000e+00  1.00000e-01
  851  3.27637e-01  1.25000e-01  0.00000e+00  0.00000e+00  0.00000e+00  1.00000e-01
  852  3.28613e-01  1.25000e-01  0.00000e+00  0.00000e+00  0.00000e+00  1.00000e-01
  853  3.29590e-01  1.25000e-01  0.00000e+00  0.00000e+00  0.00000e+00  1.00000e-01
  854  3.30566e-01  1.25000e-01  0.00000e+00  0.00000e+00  0.00000e+00  1.00000e-01
  855  3.31543e-01  1.25000e-01  0.00000e+00  0.00000e+00  0.00000e+00  1.00000e-01
  856  3.32520e-01  1.25000e-01  0.00000e+00  0.00000e+00  0.00000e+00  1.00000e-01
  857  3.33496e-01  1.25000e-01  0.00000e+00  0.00000e+00  0.00000e+00  1.00000e-01
  858  3.34473e-01  1.25000e-01  0.00000e+00  0.00000e+00  0.00000e+00  1.00000e-01
  859  3.35449e-01  1.25000e-01  0.00000e+00  0.00000e+00  0.00000e+00  1.00000e-01
  860  3.36426e-01  1.25000e-01  0.00000e+00  0.00000e+00  0.00000e+00  1.00000e-01
  861  3.37402e-01  1.25000e-01  0.00000e+00  0.00000e+00  0.00000e+00  1.00000e-01
  862  3.38379e-01  1.25000e-01  0.00000e+00  0.00000e+00  0.00000e+00  1.00000e-01
  863  3.39355e-01  1.25000e-01  0.00000e+00  0.00000e+00  0.00000e+00  1.00000e-01
  864  3.40332e-01  1.25000e-01  0.00000e+00  0.00000e+00  0.00000e+00  1.00000e-01
  865  3.41309e-01  1.25000e-01  0.00000e+00  0.00000e+00  0.00000e+00  1.00000e-01
  866  3.42285e-01  1.25000e-01  0.00000e+00  0.00000e+00  0.00000e+00  1.00000e-01
  867  3.43262e-01  1.25000e-01  0.00000e+00  0.00000e+00  0.00000e+00  1.00000e-01
  868  3.44238e-01  1.25000e-01  0.00000e+00  0.00000e+00  0.00000e+00  1.00000e-01
  869  3.45215e-01  1.25000e-01  0.00000e+00  0.00000e+00  0.00000e+00  1.00000e-01
  870  3.46191e-01  1.25000e-01  0.00000e+00  0.00000e+00  0.00000e+00  1.00000e-01
  871  3.47168e-01  1.25000e-01  0.00000e+00  0.00000e+00  0.00000e+00  1.00000e-01
  872  3.48145e-01  1.25000e-01  0.00000e+00  0.00000e+00  0.00000e+00  1.00000e-01
  873  3.49121e-01  1.25000e-01  0.00000e+00  0.00000e+00  0.00000e+00  1.00000e-01
  874  3.50098e-01  1.25000e-01  0.00000e+00  0.00000e+00  0.00000e+00  1.00000e-01
  875  3.51074e-01  1.25000e-01  0.00000e+00  0.00000e+00  0.00000e+00  1.00000e-01
  876  3.52051e-01  1.25000e-01  0.00000e+00  0.00000e+00  0.00000e+00  1.00000e-01
  877  3.53027e-01  1.25000e-01  0.00000e+00  0.00000e+00  0.00000e+00  1.00000e-01
  878  3.54004e-01  1.25000e-01  0.00000e+00  0.00000e+00  0.00000e+00  1.00000e-01
  879  3.54980e-01  1.25000e-01  0.00000e+00  0.00000e+00  0.00000e+00  1.00000e-01
  880  3.55957e-01  1.25000e-01  0.00000e+00  0.00000e+00  0.00000e+00  1.00000e-01
  881  3.56934e-01  1.25000e-01  0.00000e+00  0.00000e+00  0.00000e+00  1.00000e-01
  882  3.57910e-01  1.25000e-01  0.00000e+00  0.00000e+00  0.00000e+00  1.00000e-01
  883  3.58887e-01  1.25000e-01  0.00000e+00  0.00000e+00  0.00000e+00  1.00000e-01
  884  3.59863e-01  1.25000e-01  0.00000e+00  0.00000e+00  0.00000e+00  1.00000e-01
  885  3.60840e-01  1.25000e-01  0.00000e+00  0.00000e+00  0.00000e+00  1.00000e-01
  886  3.61816e-01  1.25000e-01  0.00000e+00  0.00000e+00  0.00000e+00  1.00000e-01
  887  3.62793e-01  1.25000e-01  0.00000e+00  0.00000e+00  0.00000e+00  1.00000e-01
  888  3.63770e-01  1.25000e-01  0.00000e+00  0.00000e+00  0.00000e+00  1.00000e-01
  889  3.64746e-01  1.25000e-01  0.00000e+00  0.00000e+00  0.00000e+00  1.00000e-01
  890  3.65723e-01  1.25000e-01  0.00000e+00  0.00000e+00  0.00000e+00  1.00000e-01
  891  3.66699e-01  1.25000e-01  0.00000e+00  0.00000e+00  0.00000e+00  1.00000e-01
  892  3.67676e-01  1.25000e-01  0.00000e+00  0.00000e+00  0.00000e+00  1.00000e-01
  893  3.68652e-01  1.25000e-01  0.00000e+00  0.00000e+00  0.00000e+00  1.00000e-01
  894  3.69629e-01  1.25000e-01  0.00000e+00  0.00000e+00  0.00000e+00  1.00000e-01
  895  3.70605e-01  1.25000e-01  0.00000e+00  0.00000e+00  0.00000e+00  1.00000e-01
  896  3.71582e-01  1.25000e-01  0.00000e+00  0.00000e+00  0.00000e+00  1.00000e-01
  897  3.72559e-01  1.25000e-01  0.00000e+00  0.00000e+00  0.00000e+00  1.00000e-01
  898  3.73535e-01  1.25000e-01  0.00000e+00  0.00000e+00  0.00000e+00  1.00000e-01
  899  3.74512e-01  1.25000e-01  0.00000e+00  0.00000e+00  0.00000e+00  1.00000e-01
  900  3.75488e-01  1.25000e-01  0.00000e+00  0.00000e+00  0.00000e+00  1.00000e-01
  901  3.76465e-01  1.25000e-01  0.00000e+00  0.00000e+00  0.00000e+00  1.00000e-01
  902  3.77441e-01  1.25000e-01  0.00000e+00  0.00000e+00  0.00000e+00  1.00000e-01
  903  3.78418e-01  1.25000e-01  0.00000e+00  0.00000e+00  0.00000e+00  1.00000e-01
  904  3.79395e-01  1.25000e-01  0.00000e+00  0.00000e+00  0.00000e+00  1.00000e-01
  905  3.80371e-01  1.25000e-01  0.00000e+00  0.00000e+00  0.00000e+00  1.00000e-01
  906  3.81348e-01  1.25000e-01  0.00000e+00  0.00000e+00  0.00000e+00  1.00000e-01
  907  3.82324e-01  1.25000e-01  0.00000e+00  0.00000e+00  0.00000e+00  1.00000e-01
  908  3.83301e-01  1.25000e-01  0.00000e+00  0.00000e+00  0.00000e+00  1.00000e-01
  909  3.84277e-01  1.25000e-01  0.00000e+00  0.00000e+00  0.00000e+00  1.00000e-01
  910  3.85254e-01  1.25000e-01  0.00000e+00  0.00000e+00  0.00000e+00  1.00000e-01
  911  3.86230e-01  1.25000e-01  0.00000e+00  0.00000e+00  0.00000e+00  1.00000e-01
  912  3.87207e-01  1.25000e-01  0.00000e+00  0.00000e+00  0.00000e+00  1.00000e-01
  913  3.88184e-01  1.25000e-01  0.00000e+00  0.00000e+00  0.00000e+00  1.00000e-01
  914  3.89160e-01  1.25000e-01  0.00000e+00  0.00000e+00  0.00000e+00  1.00000e-01
  915  3.90137e-01  1.25000e-01  0.00000e+00  0.00000e+00  0.00000e+00  1.00000e-01
  916  3.91113e-01  1.25000e-01  0.00000e+00  0.00000e+00  0.00000e+00  1.00000e-01
  917  3.92090e-01  1.25000e-01  0.00000e+00  0.00000e+00  0.00000e+00  1.00000e-01
  918  3.93066e-01  1.25000e-01  0.00000e+00  0.00000e+00  0.00000e+00  1.00000e-01
  919  3.94043e-01  1.25000e-01  0.00000e+00  0.00000e+00  0.00000e+00  1.00000e-01
  920  3.95020e-01  1.25000e-01  0.00000e+00  0.00000e+00  0.00000e+00  1.00000e-01
  921  3.95996e-01  1.25000e-01  0.00000e+00  0.00000e+00  0.00000e+00  1.00000e-01
  922  3.96973e-01  1.25000e-01  0.00000e+00  0.00000e+00  0.00000e+00  1.00000e-01
  923  3.97949e-01  1.25000e-01  0.00000e+00  0.00000e+00  0.00000e+00  1.00000e-01
  924  3.98926e-01  1.25000e-01  0.00000e+00  0.00000e+00  0.00000e+00  1.00000e-01
  925  3.99902e-01  1.25000e-01  0.00000e+00  0.00000e+00  0.00000e+00  1.00000e-01
  926  4.00879e-01  1.25000e-01  0.00000e+00  0.00000e+00  0.00000e+00  1.00000e-01
  927  4.01855e-01  1.25000e-01  0.00000e+00  0.00000e+00  0.00000e+00  1.00000e-01
  928  4.02832e-01  1.25000e-01  0.00000e+00  0.00000e+00  0.00000e+00  1.00000e-01
  929  4.03809e-01  1.25000e-01  0.00000e+00  0.00000e+00  0.00000e+00  1.00000e-01
  930  4.04785e-01  1.25000e-01  0.00000e+00  0.00000e+00  0.00000e+00  1.00000e-01
  931  4.05762e-01  1.25000e-01  0.00000e+00  0.00000e+00  0.00000e+00  1.00000e-01
  932  4.06738e-01  1.25000e-01  0.00000e+00  0.00000e+00  0.00000e+00  1.00000e-01
  933  4.07715e-01  1.25000e-01  0.00000e+00  0.00000e+00  0.00000e+00  1.00000e-01
  934  4.08691e-01  1.25000e-01  0.00000e+00  0.00000e+00  0.00000e+00  1.00000e-01
  935  4.09668e-01  1.25000e-01  0.00000e+00  0.00000e+00  0.00000e+00  1.00000e-01
  936  4.10645e-01  1.25000e-01  0.00000e+00  0.00000e+00  0.00000e+00  1.00000e-01
  937  4.11621e-01  1.25000e-01  0.00000e+00  0.00000e+00  0.00000e+00  1.00000e-01
  938  4.12598e-01  1.25000e-01  0.00000e+00  0.00000e+00  0.00000e+00  1.00000e-01
  939  4.13574e-01  1.25000e-01  0.00000e+00  0.00000e+00  0.00000e+00  1.00000e-01
  940  4.14551e-01  1.25000e-01  0.00000e+00  0.00000e+00  0.00000e+00  1.00000e-01
  941  4.15527e-01  1.25000e-01  0.00000e+00  0.00000e+00  0.00000e+00  1.00000e-01
  942  4.16504e-01  1.25000e-01  0.00000e+00  0.00000e+00  0.00000e+00  1.00000e-01
  943  4.17480e-01  1.25000e-01  0.00000e+00  0.00000e+00  0.00000e+00  1.00000e-01
  944  4.18457e-01  1.25000e-01  0.00000e+00  0.00000e+00  0.00000e+00  1.00000e-01
  945  4.19434e-01  1.25000e-01  0.00000e+00  0.00000e+00  0.00000e+00  1.00000e-01
  946  4.20410e-01  1.25000e-01  0.00000e+00  0.00000e+00  0.00000e+00  1.00000e-01
  947  4.21387e-01  1.25000e-01  0.00000e+00  0.00000e+00  0.00000e+00  1.00000e-01
  948  4.22363e-01  1.25000e-01  0.00000e+00  0.00000e+00  0.00000e+00  1.00000e-01
  949  4.23340e-01  1.25000e-01  0.00000e+00  0.00000e+00  0.00000e+00  1.00000e-01
  950  4.24316e-01  1.25000e-01  0.00000e+00  0.00000e+00  0.00000e+00  1.00000e-01
  951  4.25293e-01  1.25000e-01  0.00000e+00  0.00000e+00  0.00000e+00  1.00000e-01
  952  4.26270e-01  1.25000e-01  0.00000e+00  0.00000e+00  0.00000e+00  1.00000e-01
  953  4.27246e-01  1.25000e-01  0.00000e+00  0.00000e+00  0.00000e+00  1.00000e-01
  954  4.28223e-01  1.25000e-01  0.00000e+00  0.00000e+00  0.00000e+00  1.00000e-01
  955  4.29199e-01  1.25000e-01  0.00000e+00  0.00000e+00  0.00000e+00  1.00000e-01
  956  4.30176e-01  1.25000e-01  0.00000e+00  0.00000e+00  0.00000e+00  1.00000e-01
  957  4.31152e-01  1.25000e-01  0.00000e+00  0.00000e+00  0.00000e+00  1.00000e-01
  958  4.32129e-01  1.25000e-01  0.00000e+00  0.00000e+00  0.00000e+00  1.00000e-01
  959  4.33105e-01  1.25000e-01  0.00000e+00  0.00000e+00  0.00000e+00  1.00000e-01
  960  4.34082e-01  1.25000e-01  0.00000e+00  0.00000e+00  0.00000e+00  1.00000e-01
  961  4.35059e-01  1.25000e-01  0.00000e+00  0.00000e+00  0.00000e+00  1.00000e-01
  962  4.36035e-01  1.25000e-01  0.00000e+00  0.00000e+00  0.00000e+00  1.00000e-01
  963  4.37012e-01  1.25000e-01  0.00000e+00  0.00000e+00  0.00000e+00  1.00000e-01
  964  4.37988e-01  1.25000e-01  0.00000e+00  0.00000e+00  0.00000e+00  1.00000e-01
  965  4.38965e-01  1.25000e-01  0.00000e+00  0.00000e+00  0.00000e+00  1.00000e-01
  966  4.39941e-01  1.25000e-01  0.00000e+00  0.00000e+00  0.00000e+00  1.00000e-01
  967  4.40918e-01  1.25000e-01  0.00000e+00  0.00000e+00  0.00000e+00  1.00000e-01
  968  4.41895e-01  1.25000e-01  0.00000e+00  0.00000e+00  0.00000e+00  1.00000e-01
  969  4.42871e-01  1.25000e-01  0.00000e+00  0.00000e+00  0.00000e+00  1.00000e-01
  970  4.43848e-01  1.25000e-01  0.00000e+00  0.00000e+00  0.00000e+00  1.00000e-01
  971  4.44824e-01  1.25000e-01  0.00000e+00  0.00000e+00  0.00000e+00  1.00000e-01
  972  4.45801e-01  1.25000e-01  0.00000e+00  0.00000e+00  0.00000e+00  1.00000e-01
  973  4.46777e-01  1.25000e-01  0.00000e+00  0.00000e+00  0.00000e+00  1.00000e-01
  974  4.47754e-01  1.25000e-01  0.00000e+00  0.00000e+00  0.00000e+00  1.00000e-01
  975  4.48730e-01  1.25000e-01  0.00000e+00  0.00000e+00  0.00000e+00  1.00000e-01
  976  4.49707e-01  1.25000e-01  0.00000e+00  0.00000e+00  0.00000e+00  1.00000e-01
  977  4.50684e-01  1.25000e-01  0.00000e+00  0.00000e+00  0.00000e+00  1.00000e-01
  978  4.51660e-01  1.25000e-01  0.00000e+00  0.00000e+00  0.00000e+00  1.00000e-01
  979  4.52637e-01  1.25000e-01  0.00000e+00  0.00000e+00  0.00000e+00  1.00000e-01
  980  4.53613e-01  1.25000e-01  0.00000e+00  0.00000e+00  0.00000e+00  1.00000e-01
  981  4.54590e-01  1.25000e-01  0.00000e+00  0.00000e+00  0.00000e+00  1.00000e-01
  982  4.55566e-01  1.25000e-01  0.00000e+00  0.00000e+00  0.00000e+00  1.00000e-01
  983  4.56543e-01  1.25000e-01  0.00000e+00  0.00000e+00  0.00000e+00  1.00000e-01
  984  4.57520e-01  1.25000e-01  0.00000e+00  0.00000e+00  0.00000e+00  1.00000e-01
  985  4.58496e-01  1.25000e-01  0.00000e+00  0.00000e+00  0.00000e+00  1.00000e-01
  986  4.59473e-01  1.25000e-01  0.00000e+00  0.00000e+00  0.00000e+00  1.00000e-01
  987  4.60449e-01  1.25000e-01  0.00000e+00  0.00000e+00  0.00000e+00  1.00000e-01
  988  4.61426e-01  1.25000e-01  0.00000e+00  0.00000e+00  0.00000e+00  1.00000e-01
  989  4.62402e-01  1.25000e-01  0.00000e+00  0.00000e+00  0.00000e+00  1.00000e-01
  990  4.63379e-01  1.25000e-01  0.00000e+00  0.00000e+00  0.00000e+00  1.00000e-01
  991  4.64355e-01  1.25000e-01  0.00000e+00  0.00000e+00  0.00000e+00  1.00000e-01
  992  4.65332e-01  1.25000e-01  0.00000e+00  0.00000e+00  0.00000e+00  1.00000e-01
  993  4.66309e-01  1.25000e-01  0.00000e+00  0.00000e+00  0.00000e+00  1.00000e-01
  994  4.67285e-01  1.25000e-01  0.00000e+00  0.00000e+00  0.00000e+00  1.00000e-01
  995  4.68262e-01  1.25000e-01  0.00000e+00  0.00000e+00  0.00000e+00  1.00000e-01
  996  4.69238e-01  1.25000e-01  0.00000e+00  0.00000e+00  0.00000e+00  1.00000e-01
  997  4.70215e-01  1.25000e-01  0.00000e+00  0.00000e+00  0.00000e+00  1.00000e-01
  998  4.71191e-01  1.25000e-01  0.00000e+00  0.00000e+00  0.00000e+00  1.00000e-01
  999  4.72168e-01  1.25000e-01  0.00000e+00  0.00000e+00  0.00000e+00  1.00000e-01
 1000  4.73145e-01  1.25000e-01  0.00000e+00  0.00000e+00  0.00000e+00  1.00000e-01
 1001  4.74121e-01  1.25000e-01  0.00000e+00  0.00000e+00  0.00000e+00  1.00000e-01
 1002  4.75098e-01  1.25000e-01  0.00000e+00  0.00000e+00  0.00000e+00  1.00000e-01
 1003  4.76074e-01  1.25000e-01  0.00000e+00  0.00000e+00  0.00000e+00  1.00000e-01
 1004  4.77051e-01  1.25000e-01  0.00000e+00  0.00000e+00  0.00000e+00  1.00000e-01
 1005  4.78027e-01  1.25000e-01  0.00000e+00  0.00000e+00  0.00000e+00  1.00000e-01
 1006  4.79004e-01  1.25000e-01  0.00000e+00  0.00000e+00  0.00000e+00  1.00000e-01
 1007  4.79980e-01  1.25000e-01  0.00000e+00  0.00000e+00  0.00000e+00  1.00000e-01
 1008  4.80957e-01  1.25000e-01  0.00000e+00  0.00000e+00  0.00000e+00  1.00000e-01
 1009  4.81934e-01  1.25000e-01  0.00000e+00  0.00000e+00  0.00000e+00  1.00000e-01
 1010  4.82910e-01  1.25000e-01  0.00000e+00  0.00000e+00  0.00000e+00  1.00000e-01
 1011  4.83887e-01  1.25000e-01  0.00000e+00  0.00000e+00  0.00000e+00  1.00000e-01
 1012  4.84863e-01  1.25000e-01  0.00000e+00  0.00000e+00  0.00000e+00  1.00000e-01
 1013  4.85840e-01  1.25000e-01  0.00000e+00  0.00000e+00  0.00000e+00  1.00000e-01
 1014  4.86816e-01  1.25000e-01  0.00000e+00  0.00000e+00  0.00000e+00  1.00000e-01
 1015  4.87793e-01  1.25000e-01  0.00000e+00  0.00000e+00  0.00000e+00  1.00000e-01
 1016  4.88770e-01  1.25000e-01  0.00000e+00  0.00000e+00  0.00000e+00  1.00000e-01
 1017  4.89746e-01  1.25000e-01  0.00000e+00  0.00000e+00  0.00000e+00  1.00000e-01
 1018  4.90723e-01  1.25000e-01  0.00000e+00  0.00000e+00  0.00000e+00  1.00000e-01
 1019  4.91699e-01  1.25000e-01  0.00000e+00  0.00000e+00  0.00000e+00  1.00000e-01
 1020  4.92676e-01  1.25000e-01  0.00000e+00  0.00000e+00  0.00000e+00  1.00000e-01
 1021  4.93652e-01  1.25000e-01  0.00000e+00  0.00000e+00  0.00000e+00  1.00000e-01
 1022  4.94629e-01  1.25000e-01  0.00000e+00  0.00000e+00  0.00000e+00  1.00000e-01
 1023  4.95605e-01  1.25000e-01  0.00000e+00  0.00000e+00  0.00000e+00  1.00000e-01
 1024  4.96582e-01  1.25000e-01  0.00000e+00  0.00000e+00  0.00000e+00  1.00000e-01
 1025  4.97559e-01  1.25000e-01  0.00000e+00  0.00000e+00  0.00000e+00  1.00000e-01
 1026  4.98535e-01  1.25000e-01  0.00000e+00  0.00000e+00  0.00000e+00  1.00000e-01
 1027  4.99512e-01  1.25000e-01  0.00000e+00  0.00000e+00  0.00000e+00  1.00000e-01
