# Nx1 = 1024
# x1-size = 1
# PRIMITIVE vars at Time = 0.170034, level= 0, domain= 0
# [1]=i-zone [2]=x1 [3]=d [4]=V1 [5]=V2 [6]=V3 [7]=P
    4 -4.99512e-01  1.00000e+00  0.00000e+00  0.00000e+00  0.00000e+00  1.00000e+00
    5 -4.98535e-01  1.00000e+00  0.00000e+00  0.00000e+00  0.00000e+00  1.00000e+00
    6 -4.97559e-01  1.00000e+00  0.00000e+00  0.00000e+00  0.00000e+00  1.00000e+00
    7 -4.96582e-01  1.00000e+00  0.00000e+00  0.00000e+00  0.00000e+00  1.00000e+00
    8 -4.95605e-01  1.00000e+00  0.00000e+00  0.00000e+00  0.00000e+00  1.00000e+00
    9 -4.94629e-01  1.00000e+00  0.00000e+00  0.00000e+00  0.00000e+00  1.00000e+00
   10 -4.93652e-01  1.00000e+00  0.00000e+00  0.00000e+00  0.00000e+00  1.00000e+00
   11 -4.92676e-01  1.00000e+00  0.00000e+00  0.00000e+00  0.00000e+00  1.00000e+00
   12 -4.91699e-01  1.00000e+00  0.00000e+00  0.00000e+00  0.00000e+00  1.00000e+00
   13 -4.90723e-01  1.00000e+00  0.00000e+00  0.00000e+00  0.00000e+00  1.00000e+00
   14 -4.89746e-01  1.00000e+00  0.00000e+00  0.00000e+00  0.00000e+00  1.00000e+00
   15 -4.88770e-01  1.00000e+00  0.00000e+00  0.00000e+00  0.00000e+00  1.00000e+00
   16 -4.87793e-01  1.00000e+00  0.00000e+00  0.00000e+00  0.00000e+00  1.00000e+00
   17 -4.86816e-01  1.00000e+00  0.00000e+00  0.00000e+00  0.00000e+00  1.00000e+00
   18 -4.85840e-01  1.00000e+00  0.00000e+00  0.00000e+00  0.00000e+00  1.00000e+00
   19 -4.84863e-01  1.00000e+00  0.00000e+00  0.00000e+00  0.00000e+00  1.00000e+00
   20 -4.83887e-01  1.00000e+00  0.00000e+00  0.00000e+00  0.00000e+00  1.00000e+00
   21 -4.82910e-01  1.00000e+00  0.00000e+00  0.00000e+00  0.00000e+00  1.00000e+00
   22 -4.81934e-01  1.00000e+00  0.00000e+00  0.00000e+00  0.00000e+00  1.00000e+00
   23 -4.80957e-01  1.00000e+00  0.00000e+00  0.00000e+00  0.00000e+00  1.00000e+00
   24 -4.79980e-01  1.00000e+00  0.00000e+00  0.00000e+00  0.00000e+00  1.00000e+00
   25 -4.79004e-01  1.00000e+00  0.00000e+00  0.00000e+00  0.00000e+00  1.00000e+00
   26 -4.78027e-01  1.00000e+00  0.00000e+00  0.00000e+00  0.00000e+00  1.00000e+00
   27 -4.77051e-01  1.00000e+00  0.00000e+00  0.00000e+00  0.00000e+00  1.00000e+00
   28 -4.76074e-01  1.00000e+00  0.00000e+00  0.00000e+00  0.00000e+00  1.00000e+00
   29 -4.75098e-01  1.00000e+00  0.00000e+00  0.00000e+00  0.00000e+00  1.00000e+00
   30 -4.74121e-01  1.00000e+00  0.00000e+00  0.00000e+00  0.00000e+00  1.00000e+00
   31 -4.73145e-01  1.00000e+00  0.00000e+00  0.00000e+00  0.00000e+00  1.00000e+00
   32 -4.72168e-01  1.00000e+00  0.00000e+00  0.00000e+00  0.00000e+00  1.00000e+00
   33 -4.71191e-01  1.00000e+00  0.00000e+00  0.00000e+00  0.00000e+00  1.00000e+00
   34 -4.70215e-01  1.00000e+00  0.00000e+00  0.00000e+00  0.00000e+00  1.00000e+00
   35 -4.69238e-01  1.00000e+00  0.00000e+00  0.00000e+00  0.00000e+00  1.00000e+00
   36 -4.68262e-01  1.00000e+00  0.00000e+00  0.00000e+00  0.00000e+00  1.00000e+00
   37 -4.67285e-01  1.00000e+00  0.00000e+00  0.00000e+00  0.00000e+00  1.00000e+00
   38 -4.66309e-01  1.00000e+00  0.00000e+00  0.00000e+00  0.00000e+00  1.00000e+00
   39 -4.65332e-01  1.00000e+00  0.00000e+00  0.00000e+00  0.00000e+00  1.00000e+00
   40 -4.64355e-01  1.00000e+00  0.00000e+00  0.00000e+00  0.00000e+00  1.00000e+00
   41 -4.63379e-01  1.00000e+00  0.00000e+00  0.00000e+00  0.00000e+00  1.00000e+00
   42 -4.62402e-01  1.00000e+00  0.00000e+00  0.00000e+00  0.00000e+00  1.00000e+00
   43 -4.61426e-01  1.00000e+00  0.00000e+00  0.00000e+00  0.00000e+00  1.00000e+00
   44 -4.60449e-01  1.00000e+00  0.00000e+00  0.00000e+00  0.00000e+00  1.00000e+00
   45 -4.59473e-01  1.00000e+00  0.00000e+00  0.00000e+00  0.00000e+00  1.00000e+00
   46 -4.58496e-01  1.00000e+00  0.00000e+00  0.00000e+00  0.00000e+00  1.00000e+00
   47 -4.57520e-01  1.00000e+00  0.00000e+00  0.00000e+00  0.00000e+00  1.00000e+00
   48 -4.56543e-01  1.00000e+00  0.00000e+00  0.00000e+00  0.00000e+00  1.00000e+00
   49 -4.55566e-01  1.00000e+00  0.00000e+00  0.00000e+00  0.00000e+00  1.00000e+00
   50 -4.54590e-01  1.00000e+00  0.00000e+00  0.00000e+00  0.00000e+00  1.00000e+00
   51 -4.53613e-01  1.00000e+00  0.00000e+00  0.00000e+00  0.00000e+00  1.00000e+00
   52 -4.52637e-01  1.00000e+00  0.00000e+00  0.00000e+00  0.00000e+00  1.00000e+00
   53 -4.51660e-01  1.00000e+00  0.00000e+00  0.00000e+00  0.00000e+00  1.00000e+00
   54 -4.50684e-01  1.00000e+00  0.00000e+00  0.00000e+00  0.00000e+00  1.00000e+00
   55 -4.49707e-01  1.00000e+00  0.00000e+00  0.00000e+00  0.00000e+00  1.00000e+00
   56 -4.48730e-01  1.00000e+00  0.00000e+00  0.00000e+00  0.00000e+00  1.00000e+00
   57 -4.47754e-01  1.00000e+00  0.00000e+00  0.00000e+00  0.00000e+00  1.00000e+00
   58 -4.46777e-01  1.00000e+00  0.00000e+00  0.00000e+00  0.00000e+00  1.00000e+00
   59 -4.45801e-01  1.00000e+00  0.00000e+00  0.00000e+00  0.00000e+00  1.00000e+00
   60 -4.44824e-01  1.00000e+00  8.09403e-17  0.00000e+00  0.00000e+00  1.00000e+00
   61 -4.43848e-01  1.00000e+00  8.52982e-22  0.00000e+00  0.00000e+00  1.00000e+00
   62 -4.42871e-01  1.00000e+00  8.98778e-23  0.00000e+00  0.00000e+00  1.00000e+00
   63 -4.41895e-01  1.00000e+00 -4.01056e-22  0.00000e+00  0.00000e+00  1.00000e+00
   64 -4.40918e-01  1.00000e+00 -3.37134e-20  0.00000e+00  0.00000e+00  1.00000e+00
   65 -4.39941e-01  1.00000e+00  4.51101e-21  0.00000e+00  0.00000e+00  1.00000e+00
   66 -4.38965e-01  1.00000e+00  2.68354e-20  0.00000e+00  0.00000e+00  1.00000e+00
   67 -4.37988e-01  1.00000e+00  8.09375e-17  0.00000e+00  0.00000e+00  1.00000e+00
   68 -4.37012e-01  1.00000e+00 -2.55936e-22  0.00000e+00  0.00000e+00  1.00000e+00
   69 -4.36035e-01  1.00000e+00 -7.45597e-22  0.00000e+00  0.00000e+00  1.00000e+00
   70 -4.35059e-01  1.00000e+00 -1.39971e-21  0.00000e+00  0.00000e+00  1.00000e+00
   71 -4.34082e-01  1.00000e+00 -3.42917e-20  0.00000e+00  0.00000e+00  1.00000e+00
   72 -4.33105e-01  1.00000e+00  4.33798e-21  0.00000e+00  0.00000e+00  1.00000e+00
   73 -4.32129e-01  1.00000e+00  2.67920e-20  0.00000e+00  0.00000e+00  1.00000e+00
   74 -4.31152e-01  1.00000e+00 -2.87340e-21  0.00000e+00  0.00000e+00  1.00000e+00
   75 -4.30176e-01  1.00000e+00 -1.29721e-20  0.00000e+00  0.00000e+00  1.00000e+00
   76 -4.29199e-01  1.00000e+00  4.73124e-21  0.00000e+00  0.00000e+00  1.00000e+00
   77 -4.28223e-01  1.00000e+00  6.78901e-21  0.00000e+00  0.00000e+00  1.00000e+00
   78 -4.27246e-01  1.00000e+00 -2.12569e-20  0.00000e+00  0.00000e+00  1.00000e+00
   79 -4.26270e-01  1.00000e+00 -3.51774e-22  0.00000e+00  0.00000e+00  1.00000e+00
   80 -4.25293e-01  1.00000e+00  2.51658e-20  0.00000e+00  0.00000e+00  1.00000e+00
   81 -4.24316e-01  1.00000e+00  1.06373e-21  0.00000e+00  0.00000e+00  1.00000e+00
   82 -4.23340e-01  1.00000e+00 -1.18715e-20  0.00000e+00  0.00000e+00  1.00000e+00
   83 -4.22363e-01  1.00000e+00  5.37314e-21  0.00000e+00  0.00000e+00  1.00000e+00
   84 -4.21387e-01  1.00000e+00  7.37348e-21  0.00000e+00  0.00000e+00  1.00000e+00
   85 -4.20410e-01  1.00000e+00 -2.20858e-20  0.00000e+00  0.00000e+00  1.00000e+00
   86 -4.19434e-01  1.00000e+00 -4.43811e-21  0.00000e+00  0.00000e+00  1.00000e+00
   87 -4.18457e-01  1.00000e+00  2.42997e-20  0.00000e+00  0.00000e+00  1.00000e+00
   88 -4.17480e-01  1.00000e+00  8.09397e-17  0.00000e+00  0.00000e+00  1.00000e+00
   89 -4.16504e-01  1.00000e+00 -3.72158e-20  0.00000e+00  0.00000e+00  1.00000e+00
   90 -4.15527e-01  1.00000e+00  4.80183e-21  0.00000e+00  0.00000e+00  1.00000e+00
   91 -4.14551e-01  1.00000e+00  3.12564e-20  0.00000e+00  0.00000e+00  1.00000e+00
   92 -4.13574e-01  1.00000e+00 -3.54184e-20  0.00000e+00  0.00000e+00  1.00000e+00
   93 -4.12598e-01  1.00000e+00  2.19380e-22  0.00000e+00  0.00000e+00  1.00000e+00
   94 -4.11621e-01  1.00000e+00  8.09666e-17  0.00000e+00  0.00000e+00  1.00000e+00
   95 -4.10645e-01  1.00000e+00 -2.68375e-21  0.00000e+00  0.00000e+00  1.00000e+00
   96 -4.09668e-01  1.00000e+00 -3.82296e-20  0.00000e+00  0.00000e+00  1.00000e+00
   97 -4.08691e-01  1.00000e+00  4.82824e-21  0.00000e+00  0.00000e+00  1.00000e+00
   98 -4.07715e-01  1.00000e+00 -1.03845e-21  0.00000e+00  0.00000e+00  1.00000e+00
   99 -4.06738e-01  1.00000e+00  8.09462e-17  0.00000e+00  0.00000e+00  1.00000e+00
  100 -4.05762e-01  1.00000e+00 -5.11487e-21  0.00000e+00  0.00000e+00  1.00000e+00
  101 -4.04785e-01  1.00000e+00  1.90720e-21  0.00000e+00  0.00000e+00  1.00000e+00
  102 -4.03809e-01  1.00000e+00  2.86006e-20  0.00000e+00  0.00000e+00  1.00000e+00
  103 -4.02832e-01  1.00000e+00  8.08947e-17  0.00000e+00  0.00000e+00  1.00000e+00
  104 -4.01855e-01  1.00000e+00  9.80387e-21  0.00000e+00  0.00000e+00  1.00000e+00
  105 -4.00879e-01  1.00000e+00  3.24510e-20  0.00000e+00  0.00000e+00  1.00000e+00
  106 -3.99902e-01  1.00000e+00 -2.35733e-20  0.00000e+00  0.00000e+00  1.00000e+00
  107 -3.98926e-01  1.00000e+00 -6.87667e-20  0.00000e+00  0.00000e+00  1.00000e+00
  108 -3.97949e-01  1.00000e+00  3.16893e-20  0.00000e+00  0.00000e+00  1.00000e+00
  109 -3.96973e-01  1.00000e+00  4.36311e-20  0.00000e+00  0.00000e+00  1.00000e+00
  110 -3.95996e-01  1.00000e+00  1.91058e-21  0.00000e+00  0.00000e+00  1.00000e+00
  111 -3.95020e-01  1.00000e+00 -8.68023e-21  0.00000e+00  0.00000e+00  1.00000e+00
  112 -3.94043e-01  1.00000e+00 -1.95436e-20  0.00000e+00  0.00000e+00  1.00000e+00
  113 -3.93066e-01  1.00000e+00  3.61787e-21  0.00000e+00  0.00000e+00  1.00000e+00
  114 -3.92090e-01  1.00000e+00  2.85528e-21  0.00000e+00  0.00000e+00  1.00000e+00
  115 -3.91113e-01  1.00000e+00  4.61718e-21  0.00000e+00  0.00000e+00  1.00000e+00
  116 -3.90137e-01  1.00000e+00  8.09530e-17  0.00000e+00  0.00000e+00  1.00000e+00
  117 -3.89160e-01  1.00000e+00 -5.55695e-20  0.00000e+00  0.00000e+00  1.00000e+00
  118 -3.88184e-01  1.00000e+00 -2.02388e-20  0.00000e+00  0.00000e+00  1.00000e+00
  119 -3.87207e-01  1.00000e+00  6.78245e-20  0.00000e+00  0.00000e+00  1.00000e+00
  120 -3.86230e-01  1.00000e+00  8.09191e-17  0.00000e+00  0.00000e+00  1.00000e+00
  121 -3.85254e-01  1.00000e+00 -2.09473e-20  0.00000e+00  0.00000e+00  1.00000e+00
  122 -3.84277e-01  1.00000e+00  1.77560e-20  0.00000e+00  0.00000e+00  1.00000e+00
  123 -3.83301e-01  1.00000e+00 -4.20033e-21  0.00000e+00  0.00000e+00  1.00000e+00
  124 -3.82324e-01  1.00000e+00 -2.59595e-20  0.00000e+00  0.00000e+00  1.00000e+00
  125 -3.81348e-01  1.00000e+00 -3.93621e-21  0.00000e+00  0.00000e+00  1.00000e+00
  126 -3.80371e-01  1.00000e+00  3.03614e-20  0.00000e+00  0.00000e+00  1.00000e+00
  127 -3.79395e-01  1.00000e+00  2.53915e-20  0.00000e+00  0.00000e+00  1.00000e+00
  128 -3.78418e-01  1.00000e+00 -7.34678e-20  0.00000e+00  0.00000e+00  1.00000e+00
  129 -3.77441e-01  1.00000e+00 -2.95627e-21  0.00000e+00  0.00000e+00  1.00000e+00
  130 -3.76465e-01  1.00000e+00  6.34936e-20  0.00000e+00  0.00000e+00  1.00000e+00
  131 -3.75488e-01  1.00000e+00  8.09273e-17  0.00000e+00  0.00000e+00  1.00000e+00
  132 -3.74512e-01  1.00000e+00 -6.88376e-20  0.00000e+00  0.00000e+00  1.00000e+00
  133 -3.73535e-01  1.00000e+00  1.56353e-20  0.00000e+00  0.00000e+00  1.00000e+00
  134 -3.72559e-01  1.00000e+00  6.57504e-21  0.00000e+00  0.00000e+00  1.00000e+00
  135 -3.71582e-01  1.00000e+00 -4.15086e-20  0.00000e+00  0.00000e+00  1.00000e+00
  136 -3.70605e-01  1.00000e+00  3.36426e-20  0.00000e+00  0.00000e+00  1.00000e+00
  137 -3.69629e-01  1.00000e+00  8.09818e-17  0.00000e+00  0.00000e+00  1.00000e+00
  138 -3.68652e-01  1.00000e+00  9.11996e-21  0.00000e+00  0.00000e+00  1.00000e+00
  139 -3.67676e-01  1.00000e+00 -4.92138e-20  0.00000e+00  0.00000e+00  1.00000e+00
  140 -3.66699e-01  1.00000e+00  3.29158e-20  0.00000e+00  0.00000e+00  1.00000e+00
  141 -3.65723e-01  1.00000e+00  3.46050e-21  0.00000e+00  0.00000e+00  1.00000e+00
  142 -3.64746e-01  1.00000e+00 -3.56023e-21  0.00000e+00  0.00000e+00  1.00000e+00
  143 -3.63770e-01  1.00000e+00 -3.98257e-20  0.00000e+00  0.00000e+00  1.00000e+00
  144 -3.62793e-01  1.00000e+00  6.05639e-21  0.00000e+00  0.00000e+00  1.00000e+00
  145 -3.61816e-01  1.00000e+00  4.33168e-21  0.00000e+00  0.00000e+00  1.00000e+00
  146 -3.60840e-01  1.00000e+00 -8.97811e-21  0.00000e+00  0.00000e+00  1.00000e+00
  147 -3.59863e-01  1.00000e+00  2.49788e-20  0.00000e+00  0.00000e+00  1.00000e+00
  148 -3.58887e-01  1.00000e+00  8.09421e-17  0.00000e+00  0.00000e+00  1.00000e+00
  149 -3.57910e-01  1.00000e+00 -5.06126e-20  0.00000e+00  0.00000e+00  1.00000e+00
  150 -3.56934e-01  1.00000e+00 -1.06716e-20  0.00000e+00  0.00000e+00  1.00000e+00
  151 -3.55957e-01  1.00000e+00  6.62384e-20  0.00000e+00  0.00000e+00  1.00000e+00
  152 -3.54980e-01  1.00000e+00 -3.66464e-20  0.00000e+00  0.00000e+00  1.00000e+00
  153 -3.54004e-01  1.00000e+00 -3.25627e-20  0.00000e+00  0.00000e+00  1.00000e+00
  154 -3.53027e-01  1.00000e+00  8.09503e-17  0.00000e+00  0.00000e+00  1.00000e+00
  155 -3.52051e-01  1.00000e+00  2.80838e-20  0.00000e+00  0.00000e+00  1.00000e+00
  156 -3.51074e-01  1.00000e+00 -2.02412e-20  0.00000e+00  0.00000e+00  1.00000e+00
  157 -3.50098e-01  1.00000e+00  2.65616e-20  0.00000e+00  0.00000e+00  1.00000e+00
  158 -3.49121e-01  1.00000e+00 -7.67073e-21  0.00000e+00  0.00000e+00  1.00000e+00
  159 -3.48145e-01  1.00000e+00 -2.05210e-20  0.00000e+00  0.00000e+00  1.00000e+00
  160 -3.47168e-01  1.00000e+00 -3.64371e-20  0.00000e+00  0.00000e+00  1.00000e+00
  161 -3.46191e-01  1.00000e+00  4.02987e-21  0.00000e+00  0.00000e+00  1.00000e+00
  162 -3.45215e-01  1.00000e+00  6.22208e-20  0.00000e+00  0.00000e+00  1.00000e+00
  163 -3.44238e-01  1.00000e+00  3.22678e-21  0.00000e+00  0.00000e+00  1.00000e+00
  164 -3.43262e-01  1.00000e+00 -6.91454e-20  0.00000e+00  0.00000e+00  1.00000e+00
  165 -3.42285e-01  1.00000e+00 -4.72074e-21  0.00000e+00  0.00000e+00  1.00000e+00
  166 -3.41309e-01  1.00000e+00  8.09471e-17  0.00000e+00  0.00000e+00  1.00000e+00
  167 -3.40332e-01  1.00000e+00 -6.22611e-21  0.00000e+00  0.00000e+00  1.00000e+00
  168 -3.39355e-01  1.00000e+00  3.04052e-21  0.00000e+00  0.00000e+00  1.00000e+00
  169 -3.38379e-01  1.00000e+00  5.29263e-22  0.00000e+00  0.00000e+00  1.00000e+00
  170 -3.37402e-01  1.00000e+00 -1.38027e-20  0.00000e+00  0.00000e+00  1.00000e+00
  171 -3.36426e-01  1.00000e+00 -3.23576e-20  0.00000e+00  0.00000e+00  1.00000e+00
  172 -3.35449e-01  1.00000e+00  2.31931e-20  0.00000e+00  0.00000e+00  1.00000e+00
  173 -3.34473e-01  1.00000e+00  3.99638e-20  0.00000e+00  0.00000e+00  1.00000e+00
  174 -3.33496e-01  1.00000e+00  3.83690e-20  0.00000e+00  0.00000e+00  1.00000e+00
  175 -3.32520e-01  1.00000e+00  8.08952e-17  0.00000e+00  0.00000e+00  1.00000e+00
  176 -3.31543e-01  1.00000e+00  1.72557e-20  0.00000e+00  0.00000e+00  1.00000e+00
  177 -3.30566e-01  1.00000e+00 -2.95225e-20  0.00000e+00  0.00000e+00  1.00000e+00
  178 -3.29590e-01  1.00000e+00 -8.22659e-23  0.00000e+00  0.00000e+00  1.00000e+00
  179 -3.28613e-01  1.00000e+00 -2.99820e-20  0.00000e+00  0.00000e+00  1.00000e+00
  180 -3.27637e-01  1.00000e+00  6.09327e-21  0.00000e+00  0.00000e+00  1.00000e+00
  181 -3.26660e-01  1.00000e+00  1.19517e-20  0.00000e+00  0.00000e+00  1.00000e+00
  182 -3.25684e-01  1.00000e+00 -1.41926e-20  0.00000e+00  0.00000e+00  1.00000e+00
  183 -3.24707e-01  1.00000e+00 -2.87970e-21  0.00000e+00  0.00000e+00  1.00000e+00
  184 -3.23730e-01  1.00000e+00 -4.16763e-21  0.00000e+00  0.00000e+00  1.00000e+00
  185 -3.22754e-01  1.00000e+00 -3.84398e-21  0.00000e+00  0.00000e+00  1.00000e+00
  186 -3.21777e-01  1.00000e+00  4.76900e-21  0.00000e+00  0.00000e+00  1.00000e+00
  187 -3.20801e-01  1.00000e+00  8.09875e-17  0.00000e+00  0.00000e+00  1.00000e+00
  188 -3.19824e-01  1.00000e+00 -3.15244e-20  0.00000e+00  0.00000e+00  1.00000e+00
  189 -3.18848e-01  1.00000e+00 -1.51881e-20  0.00000e+00  0.00000e+00  1.00000e+00
  190 -3.17871e-01  1.00000e+00 -9.86374e-21  0.00000e+00  0.00000e+00  1.00000e+00
  191 -3.16895e-01  1.00000e+00 -1.52517e-21  0.00000e+00  0.00000e+00  1.00000e+00
  192 -3.15918e-01  1.00000e+00 -9.27903e-21  0.00000e+00  0.00000e+00  1.00000e+00
  193 -3.14941e-01  1.00000e+00  1.46565e-20  0.00000e+00  0.00000e+00  1.00000e+00
  194 -3.13965e-01  1.00000e+00 -6.53267e-21  0.00000e+00  0.00000e+00  1.00000e+00
  195 -3.12988e-01  1.00000e+00 -2.40453e-20  0.00000e+00  0.00000e+00  1.00000e+00
  196 -3.12012e-01  1.00000e+00 -2.80214e-20  0.00000e+00  0.00000e+00  1.00000e+00
  197 -3.11035e-01  1.00000e+00  4.95829e-20  0.00000e+00  0.00000e+00  1.00000e+00
  198 -3.10059e-01  1.00000e+00  5.93044e-20  0.00000e+00  0.00000e+00  1.00000e+00
  199 -3.09082e-01  1.00000e+00 -1.93560e-20  0.00000e+00  0.00000e+00  1.00000e+00
  200 -3.08105e-01  1.00000e+00 -4.29236e-20  0.00000e+00  0.00000e+00  1.00000e+00
  201 -3.07129e-01  1.00000e+00 -7.68221e-21  0.00000e+00  0.00000e+00  1.00000e+00
  202 -3.06152e-01  1.00000e+00 -8.05297e-21  0.00000e+00  0.00000e+00  1.00000e+00
  203 -3.05176e-01  1.00000e+00 -5.40961e-21  0.00000e+00  0.00000e+00  1.00000e+00
  204 -3.04199e-01  1.00000e+00 -1.49610e-20  0.00000e+00  0.00000e+00  1.00000e+00
  205 -3.03223e-01  1.00000e+00 -1.72959e-20  0.00000e+00  0.00000e+00  1.00000e+00
  206 -3.02246e-01  1.00000e+00 -3.34284e-21  0.00000e+00  0.00000e+00  1.00000e+00
  207 -3.01270e-01  1.00000e+00 -9.54837e-21  0.00000e+00  0.00000e+00  1.00000e+00
  208 -3.00293e-01  1.00000e+00  3.65576e-20  0.00000e+00  0.00000e+00  1.00000e+00
  209 -2.99316e-01  1.00000e+00  4.15270e-20  0.00000e+00  0.00000e+00  1.00000e+00
  210 -2.98340e-01  1.00000e+00  1.51443e-20  0.00000e+00  0.00000e+00  1.00000e+00
  211 -2.97363e-01  1.00000e+00 -4.27143e-20  0.00000e+00  0.00000e+00  1.00000e+00
  212 -2.96387e-01  1.00000e+00  1.05683e-20  0.00000e+00  0.00000e+00  1.00000e+00
  213 -2.95410e-01  1.00000e+00  8.09063e-17  0.00000e+00  0.00000e+00  1.00000e+00
  214 -2.94434e-01  1.00000e+00  6.25757e-21  0.00000e+00  0.00000e+00  1.00000e+00
  215 -2.93457e-01  1.00000e+00 -1.70760e-20  0.00000e+00  0.00000e+00  1.00000e+00
  216 -2.92480e-01  1.00000e+00 -3.11472e-20  0.00000e+00  0.00000e+00  1.00000e+00
  217 -2.91504e-01  1.00000e+00 -1.08878e-20  0.00000e+00  0.00000e+00  1.00000e+00
  218 -2.90527e-01  1.00000e+00  2.55658e-20  0.00000e+00  0.00000e+00  1.00000e+00
  219 -2.89551e-01  1.00000e+00  1.23217e-20  0.00000e+00  0.00000e+00  1.00000e+00
  220 -2.88574e-01  1.00000e+00  9.17195e-21  0.00000e+00  0.00000e+00  1.00000e+00
  221 -2.87598e-01  1.00000e+00  2.00118e-20  0.00000e+00  0.00000e+00  1.00000e+00
  222 -2.86621e-01  1.00000e+00 -2.52310e-20  0.00000e+00  0.00000e+00  1.00000e+00
  223 -2.85645e-01  1.00000e+00  2.47918e-20  0.00000e+00  0.00000e+00  1.00000e+00
  224 -2.84668e-01  1.00000e+00 -3.80021e-20  0.00000e+00  0.00000e+00  1.00000e+00
  225 -2.83691e-01  1.00000e+00  4.23373e-21  0.00000e+00  0.00000e+00  1.00000e+00
  226 -2.82715e-01  1.00000e+00 -1.67612e-20  0.00000e+00  0.00000e+00  1.00000e+00
  227 -2.81738e-01  1.00000e+00 -1.33248e-20  0.00000e+00  0.00000e+00  1.00000e+00
  228 -2.80762e-01  1.00000e+00  8.09278e-17  0.00000e+00  0.00000e+00  1.00000e+00
  229 -2.79785e-01  1.00000e+00  3.64765e-20  0.00000e+00  0.00000e+00  1.00000e+00
  230 -2.78809e-01  1.00000e+00  4.67557e-21  0.00000e+00  0.00000e+00  1.00000e+00
  231 -2.77832e-01  1.00000e+00 -4.49687e-20  0.00000e+00  0.00000e+00  1.00000e+00
  232 -2.76855e-01  1.00000e+00 -4.72251e-20  0.00000e+00  0.00000e+00  1.00000e+00
  233 -2.75879e-01  1.00000e+00  5.95955e-20  0.00000e+00  0.00000e+00  1.00000e+00
  234 -2.74902e-01  1.00000e+00  7.75141e-20  0.00000e+00  0.00000e+00  1.00000e+00
  235 -2.73926e-01  1.00000e+00 -2.20832e-20  0.00000e+00  0.00000e+00  1.00000e+00
  236 -2.72949e-01  1.00000e+00 -1.66505e-20  0.00000e+00  0.00000e+00  1.00000e+00
  237 -2.71973e-01  1.00000e+00 -6.12760e-21  0.00000e+00  0.00000e+00  1.00000e+00
  238 -2.70996e-01  1.00000e+00  8.09286e-17  0.00000e+00  0.00000e+00  1.00000e+00
  239 -2.70020e-01  1.00000e+00 -1.63011e-20  0.00000e+00  0.00000e+00  1.00000e+00
  240 -2.69043e-01  1.00000e+00 -1.56344e-20  0.00000e+00  0.00000e+00  1.00000e+00
  241 -2.68066e-01  1.00000e+00 -1.51001e-20  0.00000e+00  0.00000e+00  1.00000e+00
  242 -2.67090e-01  1.00000e+00 -9.10618e-20  0.00000e+00  0.00000e+00  1.00000e+00
  243 -2.66113e-01  1.00000e+00 -2.70114e-20  0.00000e+00  0.00000e+00  1.00000e+00
  244 -2.65137e-01  1.00000e+00  1.20786e-19  0.00000e+00  0.00000e+00  1.00000e+00
  245 -2.64160e-01  1.00000e+00  3.63501e-20  0.00000e+00  0.00000e+00  1.00000e+00
  246 -2.63184e-01  1.00000e+00 -2.74025e-20  0.00000e+00  0.00000e+00  1.00000e+00
  247 -2.62207e-01  1.00000e+00 -3.91389e-20  0.00000e+00  0.00000e+00  1.00000e+00
  248 -2.61230e-01  1.00000e+00  3.56920e-20  0.00000e+00  0.00000e+00  1.00000e+00
  249 -2.60254e-01  1.00000e+00 -1.78529e-20  0.00000e+00  0.00000e+00  1.00000e+00
  250 -2.59277e-01  1.00000e+00  8.09396e-17  0.00000e+00  0.00000e+00  1.00000e+00
  251 -2.58301e-01  1.00000e+00 -4.16241e-23  0.00000e+00  0.00000e+00  1.00000e+00
  252 -2.57324e-01  1.00000e+00 -2.87704e-20  0.00000e+00  0.00000e+00  1.00000e+00
  253 -2.56348e-01  1.00000e+00 -3.54512e-20  0.00000e+00  0.00000e+00  1.00000e+00
  254 -2.55371e-01  1.00000e+00 -9.53479e-21  0.00000e+00  0.00000e+00  1.00000e+00
  255 -2.54395e-01  1.00000e+00  3.66497e-20  0.00000e+00  0.00000e+00  1.00000e+00
  256 -2.53418e-01  1.00000e+00  2.08730e-20  0.00000e+00  0.00000e+00  1.00000e+00
  257 -2.52441e-01  1.00000e+00 -1.27328e-20  0.00000e+00  0.00000e+00  1.00000e+00
  258 -2.51465e-01  1.00000e+00 -9.09913e-21  0.00000e+00  0.00000e+00  1.00000e+00
  259 -2.50488e-01  1.00000e+00  8.09760e-17  0.00000e+00  0.00000e+00  1.00000e+00
  260 -2.49512e-01  1.00000e+00 -3.49094e-20  0.00000e+00  0.00000e+00  1.00000e+00
  261 -2.48535e-01  1.00000e+00 -1.43578e-21  0.00000e+00  0.00000e+00  1.00000e+00
  262 -2.47559e-01  1.00000e+00 -3.75993e-20  0.00000e+00  0.00000e+00  1.00000e+00
  263 -2.46582e-01  1.00000e+00 -4.81646e-20  0.00000e+00  0.00000e+00  1.00000e+00
  264 -2.45605e-01  1.00000e+00  1.33181e-20  0.00000e+00  0.00000e+00  1.00000e+00
  265 -2.44629e-01  1.00000e+00  5.09952e-20  0.00000e+00  0.00000e+00  1.00000e+00
  266 -2.43652e-01  1.00000e+00  1.91660e-21  0.00000e+00  0.00000e+00  1.00000e+00
  267 -2.42676e-01  1.00000e+00 -4.69157e-20  0.00000e+00  0.00000e+00  1.00000e+00
  268 -2.41699e-01  1.00000e+00 -4.95350e-20  0.00000e+00  0.00000e+00  1.00000e+00
  269 -2.40723e-01  1.00000e+00  6.40303e-20  0.00000e+00  0.00000e+00  1.00000e+00
  270 -2.39746e-01  1.00000e+00  8.10196e-17  0.00000e+00  0.00000e+00  1.00000e+00
  271 -2.38770e-01  1.00000e+00 -2.56133e-20  0.00000e+00  0.00000e+00  1.00000e+00
  272 -2.37793e-01  1.00000e+00  1.34205e-20  0.00000e+00  0.00000e+00  1.00000e+00
  273 -2.36816e-01  1.00000e+00 -2.65273e-21  0.00000e+00  0.00000e+00  1.00000e+00
  274 -2.35840e-01  1.00000e+00 -5.99596e-20  0.00000e+00  0.00000e+00  1.00000e+00
  275 -2.34863e-01  1.00000e+00 -1.83219e-20  0.00000e+00  0.00000e+00  1.00000e+00
  276 -2.33887e-01  1.00000e+00  2.88306e-20  0.00000e+00  0.00000e+00  1.00000e+00
  277 -2.32910e-01  1.00000e+00 -2.80253e-20  0.00000e+00  0.00000e+00  1.00000e+00
  278 -2.31934e-01  1.00000e+00 -7.92991e-20  0.00000e+00  0.00000e+00  1.00000e+00
  279 -2.30957e-01  1.00000e+00 -5.96598e-20  0.00000e+00  0.00000e+00  1.00000e+00
  280 -2.29980e-01  1.00000e+00  8.10362e-17  0.00000e+00  0.00000e+00  1.00000e+00
  281 -2.29004e-01  1.00000e+00  7.44604e-20  0.00000e+00  0.00000e+00  1.00000e+00
  282 -2.28027e-01  1.00000e+00 -1.94689e-20  0.00000e+00  0.00000e+00  1.00000e+00
  283 -2.27051e-01  1.00000e+00 -2.80893e-20  0.00000e+00  0.00000e+00  1.00000e+00
  284 -2.26074e-01  1.00000e+00 -2.26513e-20  0.00000e+00  0.00000e+00  1.00000e+00
  285 -2.25098e-01  1.00000e+00 -1.79952e-20  0.00000e+00  0.00000e+00  1.00000e+00
  286 -2.24121e-01  1.00000e+00  3.44464e-20  0.00000e+00  0.00000e+00  1.00000e+00
  287 -2.23145e-01  1.00000e+00  2.64381e-21  0.00000e+00  0.00000e+00  1.00000e+00
  288 -2.22168e-01  1.00000e+00  8.08552e-17  0.00000e+00  0.00000e+00  1.00000e+00
  289 -2.21191e-01  1.00000e+00 -5.35274e-20  0.00000e+00  0.00000e+00  1.00000e+00
  290 -2.20215e-01  1.00000e+00  3.55244e-20  0.00000e+00  0.00000e+00  1.00000e+00
  291 -2.19238e-01  1.00000e+00  7.88849e-20  0.00000e+00  0.00000e+00  1.00000e+00
  292 -2.18262e-01  1.00000e+00  8.09529e-17  0.00000e+00  0.00000e+00  1.00000e+00
  293 -2.17285e-01  1.00000e+00 -2.44462e-20  0.00000e+00  0.00000e+00  1.00000e+00
  294 -2.16309e-01  1.00000e+00  8.09475e-17  0.00000e+00  0.00000e+00  1.00000e+00
  295 -2.15332e-01  1.00000e+00  5.66599e-16  0.00000e+00  0.00000e+00  1.00000e+00
  296 -2.14355e-01  1.00000e+00  7.32506e-15  0.00000e+00  0.00000e+00  1.00000e+00
  297 -2.13379e-01  1.00000e+00  7.92809e-14  0.00000e+00  0.00000e+00  1.00000e+00
  298 -2.12402e-01  1.00000e+00  8.45541e-13  0.00000e+00  0.00000e+00  1.00000e+00
  299 -2.11426e-01  1.00000e+00  9.01507e-12  0.00000e+00  0.00000e+00  1.00000e+00
  300 -2.10449e-01  1.00000e+00  9.61420e-11  0.00000e+00  0.00000e+00  1.00000e+00
  301 -2.09473e-01  1.00000e+00  1.02516e-09  0.00000e+00  0.00000e+00  1.00000e+00
  302 -2.08496e-01  1.00000e+00  1.09239e-08  0.00000e+00  0.00000e+00  1.00000e+00
  303 -2.07520e-01  1.00000e+00  1.16293e-07  0.00000e+00  0.00000e+00  1.00000e+00
  304 -2.06543e-01  9.99999e-01  1.24047e-06  0.00000e+00  0.00000e+00  9.99999e-01
  305 -2.05566e-01  9.99989e-01  1.30560e-05  0.00000e+00  0.00000e+00  9.99985e-01
  306 -2.04590e-01  9.99893e-01  1.26282e-04  0.00000e+00  0.00000e+00  9.99851e-01
  307 -2.03613e-01  9.99421e-01  6.84850e-04  0.00000e+00  0.00000e+00  9.99190e-01
  308 -2.02637e-01  9.98258e-01  2.06292e-03  0.00000e+00  0.00000e+00  9.97562e-01
  309 -2.01660e-01  9.96295e-01  4.39029e-03  0.00000e+00  0.00000e+00  9.94818e-01
  310 -2.00684e-01  9.93650e-01  7.53356e-03  0.00000e+00  0.00000e+00  9.91122e-01
  311 -1.99707e-01  9.90529e-01  1.12500e-02  0.00000e+00  0.00000e+00  9.86766e-01
  312 -1.98730e-01  9.87120e-01  1.53208e-02  0.00000e+00  0.00000e+00  9.82015e-01
  313 -1.97754e-01  9.83546e-01  1.95994e-02  0.00000e+00  0.00000e+00  9.77041e-01
  314 -1.96777e-01  9.79880e-01  2.40021e-02  0.00000e+00  0.00000e+00  9.71946e-01
  315 -1.95801e-01  9.76159e-01  2.84844e-02  0.00000e+00  0.00000e+00  9.66783e-01
  316 -1.94824e-01  9.72403e-01  3.30220e-02  0.00000e+00  0.00000e+00  9.61579e-01
  317 -1.93848e-01  9.68625e-01  3.76007e-02  0.00000e+00  0.00000e+00  9.56353e-01
  318 -1.92871e-01  9.64832e-01  4.22112e-02  0.00000e+00  0.00000e+00  9.51115e-01
  319 -1.91895e-01  9.61031e-01  4.68467e-02  0.00000e+00  0.00000e+00  9.45873e-01
  320 -1.90918e-01  9.57225e-01  5.15026e-02  0.00000e+00  0.00000e+00  9.40633e-01
  321 -1.89941e-01  9.53418e-01  5.61751e-02  0.00000e+00  0.00000e+00  9.35400e-01
  322 -1.88965e-01  9.49612e-01  6.08616e-02  0.00000e+00  0.00000e+00  9.30176e-01
  323 -1.87988e-01  9.45808e-01  6.55597e-02  0.00000e+00  0.00000e+00  9.24964e-01
  324 -1.87012e-01  9.42009e-01  7.02678e-02  0.00000e+00  0.00000e+00  9.19766e-01
  325 -1.86035e-01  9.38215e-01  7.49846e-02  0.00000e+00  0.00000e+00  9.14584e-01
  326 -1.85059e-01  9.34427e-01  7.97088e-02  0.00000e+00  0.00000e+00  9.09418e-01
  327 -1.84082e-01  9.30646e-01  8.44396e-02  0.00000e+00  0.00000e+00  9.04271e-01
  328 -1.83105e-01  9.26872e-01  8.91762e-02  0.00000e+00  0.00000e+00  8.99142e-01
  329 -1.82129e-01  9.23107e-01  9.39179e-02  0.00000e+00  0.00000e+00  8.94033e-01
  330 -1.81152e-01  9.19351e-01  9.86642e-02  0.00000e+00  0.00000e+00  8.88943e-01
  331 -1.80176e-01  9.15603e-01  1.03415e-01  0.00000e+00  0.00000e+00  8.83874e-01
  332 -1.79199e-01  9.11865e-01  1.08169e-01  0.00000e+00  0.00000e+00  8.78826e-01
  333 -1.78223e-01  9.08137e-01  1.12926e-01  0.00000e+00  0.00000e+00  8.73800e-01
  334 -1.77246e-01  9.04418e-01  1.17687e-01  0.00000e+00  0.00000e+00  8.68794e-01
  335 -1.76270e-01  9.00709e-01  1.22450e-01  0.00000e+00  0.00000e+00  8.63811e-01
  336 -1.75293e-01  8.97011e-01  1.27216e-01  0.00000e+00  0.00000e+00  8.58849e-01
  337 -1.74316e-01  8.93322e-01  1.31984e-01  0.00000e+00  0.00000e+00  8.53909e-01
  338 -1.73340e-01  8.89645e-01  1.36754e-01  0.00000e+00  0.00000e+00  8.48992e-01
  339 -1.72363e-01  8.85978e-01  1.41526e-01  0.00000e+00  0.00000e+00  8.44097e-01
  340 -1.71387e-01  8.82322e-01  1.46300e-01  0.00000e+00  0.00000e+00  8.39224e-01
  341 -1.70410e-01  8.78676e-01  1.51076e-01  0.00000e+00  0.00000e+00  8.34374e-01
  342 -1.69434e-01  8.75042e-01  1.55853e-01  0.00000e+00  0.00000e+00  8.29546e-01
  343 -1.68457e-01  8.71418e-01  1.60632e-01  0.00000e+00  0.00000e+00  8.24741e-01
  344 -1.67480e-01  8.67806e-01  1.65412e-01  0.00000e+00  0.00000e+00  8.19958e-01
  345 -1.66504e-01  8.64204e-01  1.70193e-01  0.00000e+00  0.00000e+00  8.15198e-01
  346 -1.65527e-01  8.60614e-01  1.74975e-01  0.00000e+00  0.00000e+00  8.10461e-01
  347 -1.64551e-01  8.57035e-01  1.79758e-01  0.00000e+00  0.00000e+00  8.05746e-01
  348 -1.63574e-01  8.53467e-01  1.84542e-01  0.00000e+00  0.00000e+00  8.01054e-01
  349 -1.62598e-01  8.49910e-01  1.89327e-01  0.00000e+00  0.00000e+00  7.96384e-01
  350 -1.61621e-01  8.46365e-01  1.94113e-01  0.00000e+00  0.00000e+00  7.91737e-01
  351 -1.60645e-01  8.42831e-01  1.98900e-01  0.00000e+00  0.00000e+00  7.87112e-01
  352 -1.59668e-01  8.39308e-01  2.03687e-01  0.00000e+00  0.00000e+00  7.82510e-01
  353 -1.58691e-01  8.35796e-01  2.08475e-01  0.00000e+00  0.00000e+00  7.77930e-01
  354 -1.57715e-01  8.32296e-01  2.13264e-01  0.00000e+00  0.00000e+00  7.73373e-01
  355 -1.56738e-01  8.28807e-01  2.18053e-01  0.00000e+00  0.00000e+00  7.68838e-01
  356 -1.55762e-01  8.25329e-01  2.22843e-01  0.00000e+00  0.00000e+00  7.64326e-01
  357 -1.54785e-01  8.21863e-01  2.27633e-01  0.00000e+00  0.00000e+00  7.59835e-01
  358 -1.53809e-01  8.18408e-01  2.32424e-01  0.00000e+00  0.00000e+00  7.55367e-01
  359 -1.52832e-01  8.14965e-01  2.37215e-01  0.00000e+00  0.00000e+00  7.50921e-01
  360 -1.51855e-01  8.11532e-01  2.42006e-01  0.00000e+00  0.00000e+00  7.46498e-01
  361 -1.50879e-01  8.08112e-01  2.46798e-01  0.00000e+00  0.00000e+00  7.42096e-01
  362 -1.49902e-01  8.04702e-01  2.51590e-01  0.00000e+00  0.00000e+00  7.37716e-01
  363 -1.48926e-01  8.01304e-01  2.56383e-01  0.00000e+00  0.00000e+00  7.33358e-01
  364 -1.47949e-01  7.97917e-01  2.61175e-01  0.00000e+00  0.00000e+00  7.29022e-01
  365 -1.46973e-01  7.94541e-01  2.65968e-01  0.00000e+00  0.00000e+00  7.24708e-01
  366 -1.45996e-01  7.91177e-01  2.70761e-01  0.00000e+00  0.00000e+00  7.20416e-01
  367 -1.45020e-01  7.87824e-01  2.75554e-01  0.00000e+00  0.00000e+00  7.16145e-01
  368 -1.44043e-01  7.84482e-01  2.80347e-01  0.00000e+00  0.00000e+00  7.11896e-01
  369 -1.43066e-01  7.81152e-01  2.85141e-01  0.00000e+00  0.00000e+00  7.07668e-01
  370 -1.42090e-01  7.77832e-01  2.89934e-01  0.00000e+00  0.00000e+00  7.03462e-01
  371 -1.41113e-01  7.74524e-01  2.94728e-01  0.00000e+00  0.00000e+00  6.99277e-01
  372 -1.40137e-01  7.71228e-01  2.99521e-01  0.00000e+00  0.00000e+00  6.95114e-01
  373 -1.39160e-01  7.67942e-01  3.04315e-01  0.00000e+00  0.00000e+00  6.90971e-01
  374 -1.38184e-01  7.64668e-01  3.09109e-01  0.00000e+00  0.00000e+00  6.86850e-01
  375 -1.37207e-01  7.61405e-01  3.13902e-01  0.00000e+00  0.00000e+00  6.82750e-01
  376 -1.36230e-01  7.58153e-01  3.18696e-01  0.00000e+00  0.00000e+00  6.78672e-01
  377 -1.35254e-01  7.54912e-01  3.23489e-01  0.00000e+00  0.00000e+00  6.74614e-01
  378 -1.34277e-01  7.51682e-01  3.28283e-01  0.00000e+00  0.00000e+00  6.70576e-01
  379 -1.33301e-01  7.48464e-01  3.33076e-01  0.00000e+00  0.00000e+00  6.66560e-01
  380 -1.32324e-01  7.45256e-01  3.37869e-01  0.00000e+00  0.00000e+00  6.62565e-01
  381 -1.31348e-01  7.42060e-01  3.42662e-01  0.00000e+00  0.00000e+00  6.58590e-01
  382 -1.30371e-01  7.38875e-01  3.47455e-01  0.00000e+00  0.00000e+00  6.54635e-01
  383 -1.29395e-01  7.35701e-01  3.52248e-01  0.00000e+00  0.00000e+00  6.50702e-01
  384 -1.28418e-01  7.32538e-01  3.57041e-01  0.00000e+00  0.00000e+00  6.46788e-01
  385 -1.27441e-01  7.29386e-01  3.61833e-01  0.00000e+00  0.00000e+00  6.42895e-01
  386 -1.26465e-01  7.26245e-01  3.66625e-01  0.00000e+00  0.00000e+00  6.39023e-01
  387 -1.25488e-01  7.23114e-01  3.71417e-01  0.00000e+00  0.00000e+00  6.35170e-01
  388 -1.24512e-01  7.19995e-01  3.76209e-01  0.00000e+00  0.00000e+00  6.31338e-01
  389 -1.23535e-01  7.16887e-01  3.81000e-01  0.00000e+00  0.00000e+00  6.27525e-01
  390 -1.22559e-01  7.13790e-01  3.85791e-01  0.00000e+00  0.00000e+00  6.23733e-01
  391 -1.21582e-01  7.10704e-01  3.90582e-01  0.00000e+00  0.00000e+00  6.19961e-01
  392 -1.20605e-01  7.07628e-01  3.95372e-01  0.00000e+00  0.00000e+00  6.16208e-01
  393 -1.19629e-01  7.04564e-01  4.00162e-01  0.00000e+00  0.00000e+00  6.12475e-01
  394 -1.18652e-01  7.01510e-01  4.04952e-01  0.00000e+00  0.00000e+00  6.08762e-01
  395 -1.17676e-01  6.98467e-01  4.09741e-01  0.00000e+00  0.00000e+00  6.05068e-01
  396 -1.16699e-01  6.95435e-01  4.14530e-01  0.00000e+00  0.00000e+00  6.01394e-01
  397 -1.15723e-01  6.92414e-01  4.19319e-01  0.00000e+00  0.00000e+00  5.97740e-01
  398 -1.14746e-01  6.89404e-01  4.24107e-01  0.00000e+00  0.00000e+00  5.94105e-01
  399 -1.13770e-01  6.86404e-01  4.28894e-01  0.00000e+00  0.00000e+00  5.90489e-01
  400 -1.12793e-01  6.83415e-01  4.33682e-01  0.00000e+00  0.00000e+00  5.86892e-01
  401 -1.11816e-01  6.80437e-01  4.38468e-01  0.00000e+00  0.00000e+00  5.83315e-01
  402 -1.10840e-01  6.77469e-01  4.43254e-01  0.00000e+00  0.00000e+00  5.79756e-01
  403 -1.09863e-01  6.74512e-01  4.48040e-01  0.00000e+00  0.00000e+00  5.76217e-01
  404 -1.08887e-01  6.71566e-01  4.52825e-01  0.00000e+00  0.00000e+00  5.72697e-01
  405 -1.07910e-01  6.68631e-01  4.57609e-01  0.00000e+00  0.00000e+00  5.69195e-01
  406 -1.06934e-01  6.65706e-01  4.62393e-01  0.00000e+00  0.00000e+00  5.65712e-01
  407 -1.05957e-01  6.62792e-01  4.67176e-01  0.00000e+00  0.00000e+00  5.62248e-01
  408 -1.04980e-01  6.59888e-01  4.71959e-01  0.00000e+00  0.00000e+00  5.58803e-01
  409 -1.04004e-01  6.56995e-01  4.76741e-01  0.00000e+00  0.00000e+00  5.55376e-01
  410 -1.03027e-01  6.54113e-01  4.81522e-01  0.00000e+00  0.00000e+00  5.51968e-01
  411 -1.02051e-01  6.51241e-01  4.86303e-01  0.00000e+00  0.00000e+00  5.48578e-01
  412 -1.01074e-01  6.48380e-01  4.91082e-01  0.00000e+00  0.00000e+00  5.45207e-01
  413 -1.00098e-01  6.45529e-01  4.95861e-01  0.00000e+00  0.00000e+00  5.41854e-01
  414 -9.91211e-02  6.42689e-01  5.00639e-01  0.00000e+00  0.00000e+00  5.38519e-01
  415 -9.81445e-02  6.39859e-01  5.05417e-01  0.00000e+00  0.00000e+00  5.35202e-01
  416 -9.71680e-02  6.37040e-01  5.10193e-01  0.00000e+00  0.00000e+00  5.31904e-01
  417 -9.61914e-02  6.34231e-01  5.14969e-01  0.00000e+00  0.00000e+00  5.28623e-01
  418 -9.52148e-02  6.31432e-01  5.19743e-01  0.00000e+00  0.00000e+00  5.25361e-01
  419 -9.42383e-02  6.28644e-01  5.24517e-01  0.00000e+00  0.00000e+00  5.22116e-01
  420 -9.32617e-02  6.25867e-01  5.29290e-01  0.00000e+00  0.00000e+00  5.18889e-01
  421 -9.22852e-02  6.23100e-01  5.34062e-01  0.00000e+00  0.00000e+00  5.15680e-01
  422 -9.13086e-02  6.20343e-01  5.38832e-01  0.00000e+00  0.00000e+00  5.12489e-01
  423 -9.03320e-02  6.17597e-01  5.43602e-01  0.00000e+00  0.00000e+00  5.09316e-01
  424 -8.93555e-02  6.14861e-01  5.48370e-01  0.00000e+00  0.00000e+00  5.06160e-01
  425 -8.83789e-02  6.12136e-01  5.53137e-01  0.00000e+00  0.00000e+00  5.03022e-01
  426 -8.74023e-02  6.09420e-01  5.57903e-01  0.00000e+00  0.00000e+00  4.99901e-01
  427 -8.64258e-02  6.06716e-01  5.62668e-01  0.00000e+00  0.00000e+00  4.96797e-01
  428 -8.54492e-02  6.04021e-01  5.67431e-01  0.00000e+00  0.00000e+00  4.93711e-01
  429 -8.44727e-02  6.01337e-01  5.72193e-01  0.00000e+00  0.00000e+00  4.90643e-01
  430 -8.34961e-02  5.98663e-01  5.76954e-01  0.00000e+00  0.00000e+00  4.87591e-01
  431 -8.25195e-02  5.96000e-01  5.81713e-01  0.00000e+00  0.00000e+00  4.84557e-01
  432 -8.15430e-02  5.93347e-01  5.86471e-01  0.00000e+00  0.00000e+00  4.81540e-01
  433 -8.05664e-02  5.90704e-01  5.91227e-01  0.00000e+00  0.00000e+00  4.78540e-01
  434 -7.95898e-02  5.88072e-01  5.95981e-01  0.00000e+00  0.00000e+00  4.75557e-01
  435 -7.86133e-02  5.85450e-01  6.00734e-01  0.00000e+00  0.00000e+00  4.72591e-01
  436 -7.76367e-02  5.82838e-01  6.05485e-01  0.00000e+00  0.00000e+00  4.69642e-01
  437 -7.66602e-02  5.80237e-01  6.10234e-01  0.00000e+00  0.00000e+00  4.66710e-01
  438 -7.56836e-02  5.77646e-01  6.14981e-01  0.00000e+00  0.00000e+00  4.63795e-01
  439 -7.47070e-02  5.75065e-01  6.19726e-01  0.00000e+00  0.00000e+00  4.60897e-01
  440 -7.37305e-02  5.72495e-01  6.24469e-01  0.00000e+00  0.00000e+00  4.58015e-01
  441 -7.27539e-02  5.69935e-01  6.29210e-01  0.00000e+00  0.00000e+00  4.55150e-01
  442 -7.17773e-02  5.67385e-01  6.33949e-01  0.00000e+00  0.00000e+00  4.52302e-01
  443 -7.08008e-02  5.64846e-01  6.38686e-01  0.00000e+00  0.00000e+00  4.49471e-01
  444 -6.98242e-02  5.62317e-01  6.43420e-01  0.00000e+00  0.00000e+00  4.46656e-01
  445 -6.88477e-02  5.59798e-01  6.48152e-01  0.00000e+00  0.00000e+00  4.43858e-01
  446 -6.78711e-02  5.57290e-01  6.52881e-01  0.00000e+00  0.00000e+00  4.41076e-01
  447 -6.68945e-02  5.54792e-01  6.57608e-01  0.00000e+00  0.00000e+00  4.38311e-01
  448 -6.59180e-02  5.52304e-01  6.62332e-01  0.00000e+00  0.00000e+00  4.35562e-01
  449 -6.49414e-02  5.49827e-01  6.67053e-01  0.00000e+00  0.00000e+00  4.32829e-01
  450 -6.39648e-02  5.47361e-01  6.71771e-01  0.00000e+00  0.00000e+00  4.30113e-01
  451 -6.29883e-02  5.44904e-01  6.76486e-01  0.00000e+00  0.00000e+00  4.27413e-01
  452 -6.20117e-02  5.42458e-01  6.81199e-01  0.00000e+00  0.00000e+00  4.24730e-01
  453 -6.10352e-02  5.40023e-01  6.85908e-01  0.00000e+00  0.00000e+00  4.22063e-01
  454 -6.00586e-02  5.37598e-01  6.90613e-01  0.00000e+00  0.00000e+00  4.19412e-01
  455 -5.90820e-02  5.35183e-01  6.95316e-01  0.00000e+00  0.00000e+00  4.16777e-01
  456 -5.81055e-02  5.32779e-01  7.00015e-01  0.00000e+00  0.00000e+00  4.14158e-01
  457 -5.71289e-02  5.30386e-01  7.04710e-01  0.00000e+00  0.00000e+00  4.11555e-01
  458 -5.61523e-02  5.28002e-01  7.09402e-01  0.00000e+00  0.00000e+00  4.08968e-01
  459 -5.51758e-02  5.25629e-01  7.14090e-01  0.00000e+00  0.00000e+00  4.06398e-01
  460 -5.41992e-02  5.23267e-01  7.18775e-01  0.00000e+00  0.00000e+00  4.03843e-01
  461 -5.32227e-02  5.20915e-01  7.23456e-01  0.00000e+00  0.00000e+00  4.01304e-01
  462 -5.22461e-02  5.18573e-01  7.28133e-01  0.00000e+00  0.00000e+00  3.98780e-01
  463 -5.12695e-02  5.16242e-01  7.32806e-01  0.00000e+00  0.00000e+00  3.96273e-01
  464 -5.02930e-02  5.13921e-01  7.37475e-01  0.00000e+00  0.00000e+00  3.93781e-01
  465 -4.93164e-02  5.11610e-01  7.42140e-01  0.00000e+00  0.00000e+00  3.91304e-01
  466 -4.83398e-02  5.09310e-01  7.46802e-01  0.00000e+00  0.00000e+00  3.88843e-01
  467 -4.73633e-02  5.07019e-01  7.51460e-01  0.00000e+00  0.00000e+00  3.86397e-01
  468 -4.63867e-02  5.04739e-01  7.56114e-01  0.00000e+00  0.00000e+00  3.83966e-01
  469 -4.54102e-02  5.02468e-01  7.60765e-01  0.00000e+00  0.00000e+00  3.81550e-01
  470 -4.44336e-02  5.00207e-01  7.65413e-01  0.00000e+00  0.00000e+00  3.79149e-01
  471 -4.34570e-02  4.97956e-01  7.70057e-01  0.00000e+00  0.00000e+00  3.76762e-01
  472 -4.24805e-02  4.95715e-01  7.74699e-01  0.00000e+00  0.00000e+00  3.74390e-01
  473 -4.15039e-02  4.93482e-01  7.79337e-01  0.00000e+00  0.00000e+00  3.72032e-01
  474 -4.05273e-02  4.91259e-01  7.83974e-01  0.00000e+00  0.00000e+00  3.69687e-01
  475 -3.95508e-02  4.89045e-01  7.88608e-01  0.00000e+00  0.00000e+00  3.67357e-01
  476 -3.85742e-02  4.86840e-01  7.93241e-01  0.00000e+00  0.00000e+00  3.65040e-01
  477 -3.75977e-02  4.84643e-01  7.97873e-01  0.00000e+00  0.00000e+00  3.62736e-01
  478 -3.66211e-02  4.82455e-01  8.02504e-01  0.00000e+00  0.00000e+00  3.60444e-01
  479 -3.56445e-02  4.80274e-01  8.07134e-01  0.00000e+00  0.00000e+00  3.58166e-01
  480 -3.46680e-02  4.78101e-01  8.11765e-01  0.00000e+00  0.00000e+00  3.55900e-01
  481 -3.36914e-02  4.75936e-01  8.16396e-01  0.00000e+00  0.00000e+00  3.53645e-01
  482 -3.27148e-02  4.73779e-01  8.21029e-01  0.00000e+00  0.00000e+00  3.51403e-01
  483 -3.17383e-02  4.71628e-01  8.25663e-01  0.00000e+00  0.00000e+00  3.49171e-01
  484 -3.07617e-02  4.69484e-01  8.30300e-01  0.00000e+00  0.00000e+00  3.46951e-01
  485 -2.97852e-02  4.67347e-01  8.34939e-01  0.00000e+00  0.00000e+00  3.44742e-01
  486 -2.88086e-02  4.65216e-01  8.39581e-01  0.00000e+00  0.00000e+00  3.42543e-01
  487 -2.78320e-02  4.63091e-01  8.44226e-01  0.00000e+00  0.00000e+00  3.40355e-01
  488 -2.68555e-02  4.60973e-01  8.48875e-01  0.00000e+00  0.00000e+00  3.38177e-01
  489 -2.58789e-02  4.58860e-01  8.53528e-01  0.00000e+00  0.00000e+00  3.36010e-01
  490 -2.49023e-02  4.56754e-01  8.58185e-01  0.00000e+00  0.00000e+00  3.33852e-01
  491 -2.39258e-02  4.54653e-01  8.62846e-01  0.00000e+00  0.00000e+00  3.31705e-01
  492 -2.29492e-02  4.52559e-01  8.67510e-01  0.00000e+00  0.00000e+00  3.29567e-01
  493 -2.19727e-02  4.50470e-01  8.72179e-01  0.00000e+00  0.00000e+00  3.27440e-01
  494 -2.09961e-02  4.48388e-01  8.76850e-01  0.00000e+00  0.00000e+00  3.25323e-01
  495 -2.00195e-02  4.46312e-01  8.81525e-01  0.00000e+00  0.00000e+00  3.23216e-01
  496 -1.90430e-02  4.44243e-01  8.86200e-01  0.00000e+00  0.00000e+00  3.21121e-01
  497 -1.80664e-02  4.42182e-01  8.90877e-01  0.00000e+00  0.00000e+00  3.19037e-01
  498 -1.70898e-02  4.40129e-01  8.95552e-01  0.00000e+00  0.00000e+00  3.16965e-01
  499 -1.61133e-02  4.38085e-01  9.00223e-01  0.00000e+00  0.00000e+00  3.14906e-01
  500 -1.51367e-02  4.36052e-01  9.04889e-01  0.00000e+00  0.00000e+00  3.12862e-01
  501 -1.41602e-02  4.34030e-01  9.09545e-01  0.00000e+00  0.00000e+00  3.10833e-01
  502 -1.31836e-02  4.32023e-01  9.14183e-01  0.00000e+00  0.00000e+00  3.08823e-01
  503 -1.22070e-02  4.30040e-01  9.18782e-01  0.00000e+00  0.00000e+00  3.06840e-01
  504 -1.12305e-02  4.28115e-01  9.23265e-01  0.00000e+00  0.00000e+00  3.04919e-01
  505 -1.02539e-02  4.26374e-01  9.27332e-01  0.00000e+00  0.00000e+00  3.03184e-01
  506 -9.27734e-03  4.25160e-01  9.30174e-01  0.00000e+00  0.00000e+00  3.01976e-01
  507 -8.30078e-03  4.24817e-01  9.30980e-01  0.00000e+00  0.00000e+00  3.01634e-01
  508 -7.32422e-03  4.24797e-01  9.31027e-01  0.00000e+00  0.00000e+00  3.01614e-01
  509 -6.34766e-03  4.25007e-01  9.30533e-01  0.00000e+00  0.00000e+00  3.01824e-01
  510 -5.37109e-03  4.25586e-01  9.29176e-01  0.00000e+00  0.00000e+00  3.02399e-01
  511 -4.39453e-03  4.25756e-01  9.28779e-01  0.00000e+00  0.00000e+00  3.02568e-01
  512 -3.41797e-03  4.25778e-01  9.28727e-01  0.00000e+00  0.00000e+00  3.02590e-01
  513 -2.44141e-03  4.25787e-01  9.28704e-01  0.00000e+00  0.00000e+00  3.02600e-01
  514 -1.46484e-03  4.25822e-01  9.28623e-01  0.00000e+00  0.00000e+00  3.02634e-01
  515 -4.88281e-04  4.25927e-01  9.28378e-01  0.00000e+00  0.00000e+00  3.02738e-01
  516  4.88281e-04  4.26074e-01  9.28033e-01  0.00000e+00  0.00000e+00  3.02885e-01
  517  1.46484e-03  4.26161e-01  9.27830e-01  0.00000e+00  0.00000e+00  3.02971e-01
  518  2.44141e-03  4.26176e-01  9.27795e-01  0.00000e+00  0.00000e+00  3.02986e-01
  519  3.41797e-03  4.26177e-01  9.27792e-01  0.00000e+00  0.00000e+00  3.02987e-01
  520  4.39453e-03  4.26176e-01  9.27794e-01  0.00000e+00  0.00000e+00  3.02986e-01
  521  5.37109e-03  4.26175e-01  9.27796e-01  0.00000e+00  0.00000e+00  3.02985e-01
  522  6.34766e-03  4.26181e-01  9.27783e-01  0.00000e+00  0.00000e+00  3.02991e-01
  523  7.32422e-03  4.26227e-01  9.27676e-01  0.00000e+00  0.00000e+00  3.03037e-01
  524  8.30078e-03  4.26305e-01  9.27493e-01  0.00000e+00  0.00000e+00  3.03114e-01
  525  9.27734e-03  4.26323e-01  9.27450e-01  0.00000e+00  0.00000e+00  3.03133e-01
  526  1.02539e-02  4.26323e-01  9.27451e-01  0.00000e+00  0.00000e+00  3.03132e-01
  527  1.12305e-02  4.26293e-01  9.27520e-01  0.00000e+00  0.00000e+00  3.03103e-01
  528  1.22070e-02  4.26264e-01  9.27588e-01  0.00000e+00  0.00000e+00  3.03074e-01
  529  1.31836e-02  4.26262e-01  9.27594e-01  0.00000e+00  0.00000e+00  3.03072e-01
  530  1.41602e-02  4.26277e-01  9.27559e-01  0.00000e+00  0.00000e+00  3.03087e-01
  531  1.51367e-02  4.26322e-01  9.27453e-01  0.00000e+00  0.00000e+00  3.03132e-01
  532  1.61133e-02  4.26334e-01  9.27426e-01  0.00000e+00  0.00000e+00  3.03143e-01
  533  1.70898e-02  4.26332e-01  9.27431e-01  0.00000e+00  0.00000e+00  3.03141e-01
  534  1.80664e-02  4.26299e-01  9.27507e-01  0.00000e+00  0.00000e+00  3.03108e-01
  535  1.90430e-02  4.26268e-01  9.27580e-01  0.00000e+00  0.00000e+00  3.03078e-01
  536  2.00195e-02  4.26265e-01  9.27586e-01  0.00000e+00  0.00000e+00  3.03075e-01
  537  2.09961e-02  4.26278e-01  9.27556e-01  0.00000e+00  0.00000e+00  3.03088e-01
  538  2.19727e-02  4.26325e-01  9.27447e-01  0.00000e+00  0.00000e+00  3.03134e-01
  539  2.29492e-02  4.26340e-01  9.27412e-01  0.00000e+00  0.00000e+00  3.03149e-01
  540  2.39258e-02  4.26339e-01  9.27414e-01  0.00000e+00  0.00000e+00  3.03148e-01
  541  2.49023e-02  4.26307e-01  9.27488e-01  0.00000e+00  0.00000e+00  3.03117e-01
  542  2.58789e-02  4.26270e-01  9.27577e-01  0.00000e+00  0.00000e+00  3.03079e-01
  543  2.68555e-02  4.26266e-01  9.27586e-01  0.00000e+00  0.00000e+00  3.03075e-01
  544  2.78320e-02  4.26280e-01  9.27553e-01  0.00000e+00  0.00000e+00  3.03089e-01
  545  2.88086e-02  4.26334e-01  9.27427e-01  0.00000e+00  0.00000e+00  3.03143e-01
  546  2.97852e-02  4.26350e-01  9.27389e-01  0.00000e+00  0.00000e+00  3.03159e-01
  547  3.07617e-02  4.26348e-01  9.27394e-01  0.00000e+00  0.00000e+00  3.03157e-01
  548  3.17383e-02  4.26306e-01  9.27493e-01  0.00000e+00  0.00000e+00  3.03115e-01
  549  3.27148e-02  4.26265e-01  9.27589e-01  0.00000e+00  0.00000e+00  3.03074e-01
  550  3.36914e-02  4.26261e-01  9.27598e-01  0.00000e+00  0.00000e+00  3.03070e-01
  551  3.46680e-02  4.26281e-01  9.27551e-01  0.00000e+00  0.00000e+00  3.03090e-01
  552  3.56445e-02  4.26338e-01  9.27419e-01  0.00000e+00  0.00000e+00  3.03146e-01
  553  3.66211e-02  4.26350e-01  9.27390e-01  0.00000e+00  0.00000e+00  3.03159e-01
  554  3.75977e-02  4.26345e-01  9.27402e-01  0.00000e+00  0.00000e+00  3.03153e-01
  555  3.85742e-02  4.26296e-01  9.27515e-01  0.00000e+00  0.00000e+00  3.03105e-01
  556  3.95508e-02  4.26266e-01  9.27586e-01  0.00000e+00  0.00000e+00  3.03075e-01
  557  4.05273e-02  4.26265e-01  9.27588e-01  0.00000e+00  0.00000e+00  3.03074e-01
  558  4.15039e-02  4.26294e-01  9.27521e-01  0.00000e+00  0.00000e+00  3.03103e-01
  559  4.24805e-02  4.26345e-01  9.27403e-01  0.00000e+00  0.00000e+00  3.03153e-01
  560  4.34570e-02  4.26352e-01  9.27385e-01  0.00000e+00  0.00000e+00  3.03161e-01
  561  4.44336e-02  4.26344e-01  9.27405e-01  0.00000e+00  0.00000e+00  3.03152e-01
  562  4.54102e-02  4.26296e-01  9.27517e-01  0.00000e+00  0.00000e+00  3.03104e-01
  563  4.63867e-02  4.26274e-01  9.27569e-01  0.00000e+00  0.00000e+00  3.03082e-01
  564  4.73633e-02  4.26274e-01  9.27570e-01  0.00000e+00  0.00000e+00  3.03082e-01
  565  4.83398e-02  4.26301e-01  9.27506e-01  0.00000e+00  0.00000e+00  3.03109e-01
  566  4.93164e-02  4.26348e-01  9.27396e-01  0.00000e+00  0.00000e+00  3.03156e-01
  567  5.02930e-02  4.26355e-01  9.27379e-01  0.00000e+00  0.00000e+00  3.03164e-01
  568  5.12695e-02  4.26351e-01  9.27390e-01  0.00000e+00  0.00000e+00  3.03159e-01
  569  5.22461e-02  4.26310e-01  9.27486e-01  0.00000e+00  0.00000e+00  3.03118e-01
  570  5.32227e-02  4.26278e-01  9.27559e-01  0.00000e+00  0.00000e+00  3.03087e-01
  571  5.41992e-02  4.26276e-01  9.27565e-01  0.00000e+00  0.00000e+00  3.03084e-01
  572  5.51758e-02  4.26293e-01  9.27526e-01  0.00000e+00  0.00000e+00  3.03101e-01
  573  5.61523e-02  4.26347e-01  9.27399e-01  0.00000e+00  0.00000e+00  3.03155e-01
  574  5.71289e-02  4.26362e-01  9.27363e-01  0.00000e+00  0.00000e+00  3.03170e-01
  575  5.81055e-02  4.26360e-01  9.27368e-01  0.00000e+00  0.00000e+00  3.03168e-01
  576  5.90820e-02  4.26320e-01  9.27462e-01  0.00000e+00  0.00000e+00  3.03128e-01
  577  6.00586e-02  4.26278e-01  9.27561e-01  0.00000e+00  0.00000e+00  3.03086e-01
  578  6.10352e-02  4.26274e-01  9.27570e-01  0.00000e+00  0.00000e+00  3.03082e-01
  579  6.20117e-02  4.26292e-01  9.27529e-01  0.00000e+00  0.00000e+00  3.03100e-01
  580  6.29883e-02  4.26349e-01  9.27396e-01  0.00000e+00  0.00000e+00  3.03156e-01
  581  6.39648e-02  4.26363e-01  9.27363e-01  0.00000e+00  0.00000e+00  3.03170e-01
  582  6.49414e-02  4.26359e-01  9.27373e-01  0.00000e+00  0.00000e+00  3.03166e-01
  583  6.59180e-02  4.26309e-01  9.27490e-01  0.00000e+00  0.00000e+00  3.03116e-01
  584  6.68945e-02  4.26271e-01  9.27579e-01  0.00000e+00  0.00000e+00  3.03078e-01
  585  6.78711e-02  4.26268e-01  9.27585e-01  0.00000e+00  0.00000e+00  3.03076e-01
  586  6.88477e-02  4.26294e-01  9.27525e-01  0.00000e+00  0.00000e+00  3.03102e-01
  587  6.98242e-02  4.26352e-01  9.27391e-01  0.00000e+00  0.00000e+00  3.03159e-01
  588  7.08008e-02  4.26362e-01  9.27367e-01  0.00000e+00  0.00000e+00  3.03169e-01
  589  7.17773e-02  4.26355e-01  9.27385e-01  0.00000e+00  0.00000e+00  3.03161e-01
  590  7.27539e-02  4.26302e-01  9.27509e-01  0.00000e+00  0.00000e+00  3.03109e-01
  591  7.37305e-02  4.26274e-01  9.27574e-01  0.00000e+00  0.00000e+00  3.03081e-01
  592  7.47070e-02  4.26273e-01  9.27575e-01  0.00000e+00  0.00000e+00  3.03080e-01
  593  7.56836e-02  4.26304e-01  9.27503e-01  0.00000e+00  0.00000e+00  3.03111e-01
  594  7.66602e-02  4.26357e-01  9.27380e-01  0.00000e+00  0.00000e+00  3.03164e-01
  595  7.76367e-02  4.26366e-01  9.27360e-01  0.00000e+00  0.00000e+00  3.03172e-01
  596  7.86133e-02  4.26360e-01  9.27374e-01  0.00000e+00  0.00000e+00  3.03166e-01
  597  7.95898e-02  4.26313e-01  9.27483e-01  0.00000e+00  0.00000e+00  3.03119e-01
  598  8.05664e-02  4.26282e-01  9.27556e-01  0.00000e+00  0.00000e+00  3.03088e-01
  599  8.15430e-02  4.26280e-01  9.27561e-01  0.00000e+00  0.00000e+00  3.03086e-01
  600  8.25195e-02  4.26297e-01  9.27522e-01  0.00000e+00  0.00000e+00  3.03103e-01
  601  8.34961e-02  4.26352e-01  9.27394e-01  0.00000e+00  0.00000e+00  3.03158e-01
  602  8.44727e-02  4.26369e-01  9.27355e-01  0.00000e+00  0.00000e+00  3.03174e-01
  603  8.54492e-02  4.26368e-01  9.27357e-01  0.00000e+00  0.00000e+00  3.03173e-01
  604  8.64258e-02  4.26333e-01  9.27440e-01  0.00000e+00  0.00000e+00  3.03138e-01
  605  8.74023e-02  4.26285e-01  9.27553e-01  0.00000e+00  0.00000e+00  3.03090e-01
  606  8.83789e-02  4.26279e-01  9.27567e-01  0.00000e+00  0.00000e+00  3.03084e-01
  607  8.93555e-02  4.26291e-01  9.27538e-01  0.00000e+00  0.00000e+00  3.03096e-01
  608  9.03320e-02  4.26350e-01  9.27401e-01  0.00000e+00  0.00000e+00  3.03155e-01
  609  9.13086e-02  4.26372e-01  9.27350e-01  0.00000e+00  0.00000e+00  3.03176e-01
  610  9.22852e-02  4.26371e-01  9.27354e-01  0.00000e+00  0.00000e+00  3.03175e-01
  611  9.32617e-02  4.26327e-01  9.27457e-01  0.00000e+00  0.00000e+00  3.03131e-01
  612  9.42383e-02  4.26277e-01  9.27576e-01  0.00000e+00  0.00000e+00  3.03080e-01
  613  9.52148e-02  4.26271e-01  9.27589e-01  0.00000e+00  0.00000e+00  3.03075e-01
  614  9.61914e-02  4.26289e-01  9.27547e-01  0.00000e+00  0.00000e+00  3.03093e-01
  615  9.71680e-02  4.26353e-01  9.27398e-01  0.00000e+00  0.00000e+00  3.03156e-01
  616  9.81445e-02  4.26370e-01  9.27358e-01  0.00000e+00  0.00000e+00  3.03173e-01
  617  9.91211e-02  4.26367e-01  9.27366e-01  0.00000e+00  0.00000e+00  3.03170e-01
  618  1.00098e-01  4.26318e-01  9.27481e-01  0.00000e+00  0.00000e+00  3.03121e-01
  619  1.01074e-01  4.26279e-01  9.27574e-01  0.00000e+00  0.00000e+00  3.03081e-01
  620  1.02051e-01  4.26277e-01  9.27581e-01  0.00000e+00  0.00000e+00  3.03079e-01
  621  1.03027e-01  4.26299e-01  9.27530e-01  0.00000e+00  0.00000e+00  3.03100e-01
  622  1.04004e-01  4.26360e-01  9.27386e-01  0.00000e+00  0.00000e+00  3.03161e-01
  623  1.04980e-01  4.26374e-01  9.27352e-01  0.00000e+00  0.00000e+00  3.03176e-01
  624  1.05957e-01  4.26372e-01  9.27357e-01  0.00000e+00  0.00000e+00  3.03174e-01
  625  1.06934e-01  4.26332e-01  9.27452e-01  0.00000e+00  0.00000e+00  3.03133e-01
  626  1.07910e-01  4.26290e-01  9.27553e-01  0.00000e+00  0.00000e+00  3.03090e-01
  627  1.08887e-01  4.26288e-01  9.27564e-01  0.00000e+00  0.00000e+00  3.03086e-01
  628  1.09863e-01  4.26298e-01  9.27541e-01  0.00000e+00  0.00000e+00  3.03095e-01
  629  1.10840e-01  4.26352e-01  9.27416e-01  0.00000e+00  0.00000e+00  3.03149e-01
  630  1.11816e-01  4.26381e-01  9.27348e-01  0.00000e+00  0.00000e+00  3.03178e-01
  631  1.12793e-01  4.26381e-01  9.27345e-01  0.00000e+00  0.00000e+00  3.03179e-01
  632  1.13770e-01  4.26356e-01  9.27402e-01  0.00000e+00  0.00000e+00  3.03155e-01
  633  1.14746e-01  4.26295e-01  9.27541e-01  0.00000e+00  0.00000e+00  3.03096e-01
  634  1.15723e-01  4.26285e-01  9.27571e-01  0.00000e+00  0.00000e+00  3.03083e-01
  635  1.16699e-01  4.26291e-01  9.27558e-01  0.00000e+00  0.00000e+00  3.03089e-01
  636  1.17676e-01  4.26348e-01  9.27430e-01  0.00000e+00  0.00000e+00  3.03143e-01
  637  1.18652e-01  4.26388e-01  9.27345e-01  0.00000e+00  0.00000e+00  3.03179e-01
  638  1.19629e-01  4.26392e-01  9.27342e-01  0.00000e+00  0.00000e+00  3.03181e-01
  639  1.20605e-01  4.26361e-01  9.27415e-01  0.00000e+00  0.00000e+00  3.03149e-01
  640  1.21582e-01  4.26295e-01  9.27568e-01  0.00000e+00  0.00000e+00  3.03085e-01
  641  1.22559e-01  4.26280e-01  9.27595e-01  0.00000e+00  0.00000e+00  3.03073e-01
  642  1.23535e-01  4.26289e-01  9.27574e-01  0.00000e+00  0.00000e+00  3.03082e-01
  643  1.24512e-01  4.26352e-01  9.27427e-01  0.00000e+00  0.00000e+00  3.03145e-01
  644  1.25488e-01  4.26383e-01  9.27352e-01  0.00000e+00  0.00000e+00  3.03176e-01
  645  1.26465e-01  4.26391e-01  9.27351e-01  0.00000e+00  0.00000e+00  3.03177e-01
  646  1.27441e-01  4.26358e-01  9.27436e-01  0.00000e+00  0.00000e+00  3.03141e-01
  647  1.28418e-01  4.26309e-01  9.27564e-01  0.00000e+00  0.00000e+00  3.03086e-01
  648  1.29395e-01  4.26306e-01  9.27582e-01  0.00000e+00  0.00000e+00  3.03079e-01
  649  1.30371e-01  4.26317e-01  9.27558e-01  0.00000e+00  0.00000e+00  3.03089e-01
  650  1.31348e-01  4.26376e-01  9.27420e-01  0.00000e+00  0.00000e+00  3.03148e-01
  651  1.32324e-01  4.26405e-01  9.27349e-01  0.00000e+00  0.00000e+00  3.03178e-01
  652  1.33301e-01  4.26406e-01  9.27345e-01  0.00000e+00  0.00000e+00  3.03180e-01
  653  1.34277e-01  4.26384e-01  9.27398e-01  0.00000e+00  0.00000e+00  3.03157e-01
  654  1.35254e-01  4.26320e-01  9.27536e-01  0.00000e+00  0.00000e+00  3.03099e-01
  655  1.36230e-01  4.26318e-01  9.27570e-01  0.00000e+00  0.00000e+00  3.03084e-01
  656  1.37207e-01  4.26324e-01  9.27566e-01  0.00000e+00  0.00000e+00  3.03086e-01
  657  1.38184e-01  4.26373e-01  9.27469e-01  0.00000e+00  0.00000e+00  3.03127e-01
  658  1.39160e-01  4.26429e-01  9.27346e-01  0.00000e+00  0.00000e+00  3.03179e-01
  659  1.40137e-01  4.26447e-01  9.27330e-01  0.00000e+00  0.00000e+00  3.03186e-01
  660  1.41113e-01  4.26439e-01  9.27359e-01  0.00000e+00  0.00000e+00  3.03174e-01
  661  1.42090e-01  4.26378e-01  9.27510e-01  0.00000e+00  0.00000e+00  3.03110e-01
  662  1.43066e-01  4.26382e-01  9.27584e-01  0.00000e+00  0.00000e+00  3.03079e-01
  663  1.44043e-01  4.26399e-01  9.27584e-01  0.00000e+00  0.00000e+00  3.03079e-01
  664  1.45020e-01  4.26474e-01  9.27484e-01  0.00000e+00  0.00000e+00  3.03121e-01
  665  1.45996e-01  4.26556e-01  9.27353e-01  0.00000e+00  0.00000e+00  3.03177e-01
  666  1.46973e-01  4.26607e-01  9.27336e-01  0.00000e+00  0.00000e+00  3.03184e-01
  667  1.47949e-01  4.26603e-01  9.27376e-01  0.00000e+00  0.00000e+00  3.03167e-01
  668  1.48926e-01  4.26544e-01  9.27539e-01  0.00000e+00  0.00000e+00  3.03098e-01
  669  1.49902e-01  4.26519e-01  9.27598e-01  0.00000e+00  0.00000e+00  3.03073e-01
  670  1.50879e-01  4.26510e-01  9.27594e-01  0.00000e+00  0.00000e+00  3.03075e-01
  671  1.51855e-01  4.26556e-01  9.27478e-01  0.00000e+00  0.00000e+00  3.03124e-01
  672  1.52832e-01  4.26541e-01  9.27355e-01  0.00000e+00  0.00000e+00  3.03176e-01
  673  1.53809e-01  4.26245e-01  9.27342e-01  0.00000e+00  0.00000e+00  3.03182e-01
  674  1.54785e-01  4.23411e-01  9.27384e-01  0.00000e+00  0.00000e+00  3.03164e-01
  675  1.55762e-01  4.08895e-01  9.27529e-01  0.00000e+00  0.00000e+00  3.03104e-01
  676  1.56738e-01  3.76796e-01  9.27579e-01  0.00000e+00  0.00000e+00  3.03084e-01
  677  1.57715e-01  3.34123e-01  9.27581e-01  0.00000e+00  0.00000e+00  3.03085e-01
  678  1.58691e-01  2.96125e-01  9.27529e-01  0.00000e+00  0.00000e+00  3.03105e-01
  679  1.59668e-01  2.73525e-01  9.27393e-01  0.00000e+00  0.00000e+00  3.03153e-01
  680  1.60645e-01  2.65644e-01  9.27330e-01  0.00000e+00  0.00000e+00  3.03175e-01
  681  1.61621e-01  2.64391e-01  9.27326e-01  0.00000e+00  0.00000e+00  3.03177e-01
  682  1.62598e-01  2.64284e-01  9.27335e-01  0.00000e+00  0.00000e+00  3.03174e-01
  683  1.63574e-01  2.64269e-01  9.27416e-01  0.00000e+00  0.00000e+00  3.03147e-01
  684  1.64551e-01  2.64324e-01  9.27551e-01  0.00000e+00  0.00000e+00  3.03102e-01
  685  1.65527e-01  2.64660e-01  9.27595e-01  0.00000e+00  0.00000e+00  3.03086e-01
  686  1.66504e-01  2.65091e-01  9.27596e-01  0.00000e+00  0.00000e+00  3.03085e-01
  687  1.67480e-01  2.65357e-01  9.27563e-01  0.00000e+00  0.00000e+00  3.03096e-01
  688  1.68457e-01  2.65492e-01  9.27421e-01  0.00000e+00  0.00000e+00  3.03144e-01
  689  1.69434e-01  2.65545e-01  9.27310e-01  0.00000e+00  0.00000e+00  3.03182e-01
  690  1.70410e-01  2.65560e-01  9.27298e-01  0.00000e+00  0.00000e+00  3.03187e-01
  691  1.71387e-01  2.65569e-01  9.27306e-01  0.00000e+00  0.00000e+00  3.03185e-01
  692  1.72363e-01  2.65552e-01  9.27402e-01  0.00000e+00  0.00000e+00  3.03152e-01
  693  1.73340e-01  2.65516e-01  9.27577e-01  0.00000e+00  0.00000e+00  3.03094e-01
  694  1.74316e-01  2.65503e-01  9.27632e-01  0.00000e+00  0.00000e+00  3.03075e-01
  695  1.75293e-01  2.65491e-01  9.27633e-01  0.00000e+00  0.00000e+00  3.03074e-01
  696  1.76270e-01  2.65499e-01  9.27581e-01  0.00000e+00  0.00000e+00  3.03091e-01
  697  1.77246e-01  2.65528e-01  9.27411e-01  0.00000e+00  0.00000e+00  3.03149e-01
  698  1.78223e-01  2.65544e-01  9.27320e-01  0.00000e+00  0.00000e+00  3.03180e-01
  699  1.79199e-01  2.65546e-01  9.27314e-01  0.00000e+00  0.00000e+00  3.03183e-01
  700  1.80176e-01  2.65550e-01  9.27335e-01  0.00000e+00  0.00000e+00  3.03177e-01
  701  1.81152e-01  2.65532e-01  9.27466e-01  0.00000e+00  0.00000e+00  3.03133e-01
  702  1.82129e-01  2.65511e-01  9.27608e-01  0.00000e+00  0.00000e+00  3.03084e-01
  703  1.83105e-01  2.65512e-01  9.27629e-01  0.00000e+00  0.00000e+00  3.03076e-01
  704  1.84082e-01  2.65513e-01  9.27625e-01  0.00000e+00  0.00000e+00  3.03077e-01
  705  1.85059e-01  2.65530e-01  9.27546e-01  0.00000e+00  0.00000e+00  3.03103e-01
  706  1.86035e-01  2.65568e-01  9.27380e-01  0.00000e+00  0.00000e+00  3.03159e-01
  707  1.87012e-01  2.65588e-01  9.27317e-01  0.00000e+00  0.00000e+00  3.03182e-01
  708  1.87988e-01  2.65599e-01  9.27314e-01  0.00000e+00  0.00000e+00  3.03184e-01
  709  1.88965e-01  2.65596e-01  9.27337e-01  0.00000e+00  0.00000e+00  3.03177e-01
  710  1.89941e-01  2.65571e-01  9.27455e-01  0.00000e+00  0.00000e+00  3.03136e-01
  711  1.90918e-01  2.65544e-01  9.27579e-01  0.00000e+00  0.00000e+00  3.03094e-01
  712  1.91895e-01  2.65532e-01  9.27599e-01  0.00000e+00  0.00000e+00  3.03086e-01
  713  1.92871e-01  2.65518e-01  9.27597e-01  0.00000e+00  0.00000e+00  3.03085e-01
  714  1.93848e-01  2.65523e-01  9.27556e-01  0.00000e+00  0.00000e+00  3.03099e-01
  715  1.94824e-01  2.65551e-01  9.27418e-01  0.00000e+00  0.00000e+00  3.03146e-01
  716  1.95801e-01  2.65576e-01  9.27315e-01  0.00000e+00  0.00000e+00  3.03182e-01
  717  1.96777e-01  2.65584e-01  9.27303e-01  0.00000e+00  0.00000e+00  3.03187e-01
  718  1.97754e-01  2.65590e-01  9.27309e-01  0.00000e+00  0.00000e+00  3.03186e-01
  719  1.98730e-01  2.65577e-01  9.27383e-01  0.00000e+00  0.00000e+00  3.03161e-01
  720  1.99707e-01  2.65544e-01  9.27550e-01  0.00000e+00  0.00000e+00  3.03103e-01
  721  2.00684e-01  2.65533e-01  9.27622e-01  0.00000e+00  0.00000e+00  3.03077e-01
  722  2.01660e-01  2.65537e-01  9.27626e-01  0.00000e+00  0.00000e+00  3.03076e-01
  723  2.02637e-01  2.65551e-01  9.27589e-01  0.00000e+00  0.00000e+00  3.03089e-01
  724  2.03613e-01  2.65588e-01  9.27424e-01  0.00000e+00  0.00000e+00  3.03145e-01
  725  2.04590e-01  2.65615e-01  9.27305e-01  0.00000e+00  0.00000e+00  3.03187e-01
  726  2.05566e-01  2.65611e-01  9.27293e-01  0.00000e+00  0.00000e+00  3.03193e-01
  727  2.06543e-01  2.65600e-01  9.27304e-01  0.00000e+00  0.00000e+00  3.03189e-01
  728  2.07520e-01  2.65565e-01  9.27419e-01  0.00000e+00  0.00000e+00  3.03150e-01
  729  2.08496e-01  2.65521e-01  9.27608e-01  0.00000e+00  0.00000e+00  3.03084e-01
  730  2.09473e-01  2.65510e-01  9.27660e-01  0.00000e+00  0.00000e+00  3.03066e-01
  731  2.10449e-01  2.65512e-01  9.27661e-01  0.00000e+00  0.00000e+00  3.03066e-01
  732  2.11426e-01  2.65534e-01  9.27589e-01  0.00000e+00  0.00000e+00  3.03090e-01
  733  2.12402e-01  2.65581e-01  9.27393e-01  0.00000e+00  0.00000e+00  3.03158e-01
  734  2.13379e-01  2.65601e-01  9.27306e-01  0.00000e+00  0.00000e+00  3.03189e-01
  735  2.14355e-01  2.65604e-01  9.27301e-01  0.00000e+00  0.00000e+00  3.03192e-01
  736  2.15332e-01  2.65604e-01  9.27325e-01  0.00000e+00  0.00000e+00  3.03183e-01
  737  2.16309e-01  2.65582e-01  9.27467e-01  0.00000e+00  0.00000e+00  3.03134e-01
  738  2.17285e-01  2.65556e-01  9.27608e-01  0.00000e+00  0.00000e+00  3.03085e-01
  739  2.18262e-01  2.65553e-01  9.27628e-01  0.00000e+00  0.00000e+00  3.03077e-01
  740  2.19238e-01  2.65545e-01  9.27625e-01  0.00000e+00  0.00000e+00  3.03078e-01
  741  2.20215e-01  2.65552e-01  9.27558e-01  0.00000e+00  0.00000e+00  3.03102e-01
  742  2.21191e-01  2.65575e-01  9.27395e-01  0.00000e+00  0.00000e+00  3.03158e-01
  743  2.22168e-01  2.65585e-01  9.27318e-01  0.00000e+00  0.00000e+00  3.03186e-01
  744  2.23145e-01  2.65587e-01  9.27311e-01  0.00000e+00  0.00000e+00  3.03189e-01
  745  2.24121e-01  2.65591e-01  9.27319e-01  0.00000e+00  0.00000e+00  3.03186e-01
  746  2.25098e-01  2.65581e-01  9.27396e-01  0.00000e+00  0.00000e+00  3.03158e-01
  747  2.26074e-01  2.65553e-01  9.27550e-01  0.00000e+00  0.00000e+00  3.03104e-01
  748  2.27051e-01  2.65538e-01  9.27626e-01  0.00000e+00  0.00000e+00  3.03077e-01
  749  2.28027e-01  2.65539e-01  9.27634e-01  0.00000e+00  0.00000e+00  3.03075e-01
  750  2.29004e-01  2.65549e-01  9.27607e-01  0.00000e+00  0.00000e+00  3.03086e-01
  751  2.29980e-01  2.65584e-01  9.27451e-01  0.00000e+00  0.00000e+00  3.03141e-01
  752  2.30957e-01  2.65621e-01  9.27299e-01  0.00000e+00  0.00000e+00  3.03194e-01
  753  2.31934e-01  2.65623e-01  9.27274e-01  0.00000e+00  0.00000e+00  3.03202e-01
  754  2.32910e-01  2.65619e-01  9.27275e-01  0.00000e+00  0.00000e+00  3.03200e-01
  755  2.33887e-01  2.65595e-01  9.27351e-01  0.00000e+00  0.00000e+00  3.03171e-01
  756  2.34863e-01  2.65539e-01  9.27569e-01  0.00000e+00  0.00000e+00  3.03096e-01
  757  2.35840e-01  2.65506e-01  9.27678e-01  0.00000e+00  0.00000e+00  3.03059e-01
  758  2.36816e-01  2.65506e-01  9.27689e-01  0.00000e+00  0.00000e+00  3.03058e-01
  759  2.37793e-01  2.65525e-01  9.27636e-01  0.00000e+00  0.00000e+00  3.03078e-01
  760  2.38770e-01  2.65582e-01  9.27428e-01  0.00000e+00  0.00000e+00  3.03151e-01
  761  2.39746e-01  2.65617e-01  9.27299e-01  0.00000e+00  0.00000e+00  3.03196e-01
  762  2.40723e-01  2.65626e-01  9.27285e-01  0.00000e+00  0.00000e+00  3.03201e-01
  763  2.41699e-01  2.65624e-01  9.27297e-01  0.00000e+00  0.00000e+00  3.03196e-01
  764  2.42676e-01  2.65594e-01  9.27431e-01  0.00000e+00  0.00000e+00  3.03148e-01
  765  2.43652e-01  2.65546e-01  9.27631e-01  0.00000e+00  0.00000e+00  3.03079e-01
  766  2.44629e-01  2.65531e-01  9.27674e-01  0.00000e+00  0.00000e+00  3.03064e-01
  767  2.45605e-01  2.65526e-01  9.27674e-01  0.00000e+00  0.00000e+00  3.03065e-01
  768  2.46582e-01  2.65540e-01  9.27604e-01  0.00000e+00  0.00000e+00  3.03092e-01
  769  2.47559e-01  2.65584e-01  9.27400e-01  0.00000e+00  0.00000e+00  3.03164e-01
  770  2.48535e-01  2.65605e-01  9.27301e-01  0.00000e+00  0.00000e+00  3.03199e-01
  771  2.49512e-01  2.65607e-01  9.27292e-01  0.00000e+00  0.00000e+00  3.03201e-01
  772  2.50488e-01  2.65600e-01  9.27324e-01  0.00000e+00  0.00000e+00  3.03187e-01
  773  2.51465e-01  2.65577e-01  9.27444e-01  0.00000e+00  0.00000e+00  3.03143e-01
  774  2.52441e-01  2.65555e-01  9.27558e-01  0.00000e+00  0.00000e+00  3.03103e-01
  775  2.53418e-01  2.65542e-01  9.27619e-01  0.00000e+00  0.00000e+00  3.03082e-01
  776  2.54395e-01  2.65545e-01  9.27638e-01  0.00000e+00  0.00000e+00  3.03079e-01
  777  2.55371e-01  2.65558e-01  9.27619e-01  0.00000e+00  0.00000e+00  3.03089e-01
  778  2.56348e-01  2.65595e-01  9.27466e-01  0.00000e+00  0.00000e+00  3.03144e-01
  779  2.57324e-01  2.65626e-01  9.27326e-01  0.00000e+00  0.00000e+00  3.03193e-01
  780  2.58301e-01  2.65621e-01  9.27293e-01  0.00000e+00  0.00000e+00  3.03202e-01
  781  2.59277e-01  2.65605e-01  9.27283e-01  0.00000e+00  0.00000e+00  3.03201e-01
  782  2.60254e-01  2.65590e-01  9.27311e-01  0.00000e+00  0.00000e+00  3.03189e-01
  783  2.61230e-01  2.65545e-01  9.27520e-01  0.00000e+00  0.00000e+00  3.03117e-01
  784  2.62207e-01  2.65511e-01  9.27692e-01  0.00000e+00  0.00000e+00  3.03059e-01
  785  2.63184e-01  2.65518e-01  9.27710e-01  0.00000e+00  0.00000e+00  3.03057e-01
  786  2.64160e-01  2.65553e-01  9.27630e-01  0.00000e+00  0.00000e+00  3.03087e-01
  787  2.65137e-01  2.65596e-01  9.27448e-01  0.00000e+00  0.00000e+00  3.03150e-01
  788  2.66113e-01  2.65614e-01  9.27350e-01  0.00000e+00  0.00000e+00  3.03183e-01
  789  2.67090e-01  2.65629e-01  9.27270e-01  0.00000e+00  0.00000e+00  3.03209e-01
  790  2.68066e-01  2.65630e-01  9.27243e-01  0.00000e+00  0.00000e+00  3.03216e-01
  791  2.69043e-01  2.65608e-01  9.27338e-01  0.00000e+00  0.00000e+00  3.03182e-01
  792  2.70020e-01  2.65540e-01  9.27645e-01  0.00000e+00  0.00000e+00  3.03079e-01
  793  2.70996e-01  2.65517e-01  9.27730e-01  0.00000e+00  0.00000e+00  3.03051e-01
  794  2.71973e-01  2.65518e-01  9.27731e-01  0.00000e+00  0.00000e+00  3.03053e-01
  795  2.72949e-01  2.65539e-01  9.27637e-01  0.00000e+00  0.00000e+00  3.03088e-01
  796  2.73926e-01  2.65577e-01  9.27462e-01  0.00000e+00  0.00000e+00  3.03148e-01
  797  2.74902e-01  2.65611e-01  9.27297e-01  0.00000e+00  0.00000e+00  3.03203e-01
  798  2.75879e-01  2.65625e-01  9.27248e-01  0.00000e+00  0.00000e+00  3.03218e-01
  799  2.76855e-01  2.65611e-01  9.27322e-01  0.00000e+00  0.00000e+00  3.03192e-01
  800  2.77832e-01  2.65583e-01  9.27481e-01  0.00000e+00  0.00000e+00  3.03138e-01
  801  2.78809e-01  2.65569e-01  9.27555e-01  0.00000e+00  0.00000e+00  3.03113e-01
  802  2.79785e-01  2.65547e-01  9.27654e-01  0.00000e+00  0.00000e+00  3.03081e-01
  803  2.80762e-01  2.65541e-01  9.27703e-01  0.00000e+00  0.00000e+00  3.03069e-01
  804  2.81738e-01  2.65545e-01  9.27700e-01  0.00000e+00  0.00000e+00  3.03074e-01
  805  2.82715e-01  2.65610e-01  9.27402e-01  0.00000e+00  0.00000e+00  3.03175e-01
  806  2.83691e-01  2.65619e-01  9.27289e-01  0.00000e+00  0.00000e+00  3.03213e-01
  807  2.84668e-01  2.65592e-01  9.27369e-01  0.00000e+00  0.00000e+00  3.03185e-01
  808  2.85645e-01  2.65602e-01  9.27299e-01  0.00000e+00  0.00000e+00  3.03206e-01
  809  2.86621e-01  2.65599e-01  9.27329e-01  0.00000e+00  0.00000e+00  3.03195e-01
  810  2.87598e-01  2.65570e-01  9.27489e-01  0.00000e+00  0.00000e+00  3.03140e-01
  811  2.88574e-01  2.65560e-01  9.27570e-01  0.00000e+00  0.00000e+00  3.03114e-01
  812  2.89551e-01  2.65434e-01  9.28229e-01  0.00000e+00  0.00000e+00  3.02895e-01
  813  2.90527e-01  2.65652e-01  9.27270e-01  0.00000e+00  0.00000e+00  3.03218e-01
  814  2.91504e-01  2.65622e-01  9.27282e-01  0.00000e+00  0.00000e+00  3.03216e-01
  815  2.92480e-01  2.65389e-01  9.28362e-01  0.00000e+00  0.00000e+00  3.02855e-01
  816  2.93457e-01  2.65986e-01  9.25655e-01  0.00000e+00  0.00000e+00  3.03772e-01
  817  2.94434e-01  2.65291e-01  9.29198e-01  0.00000e+00  0.00000e+00  3.02632e-01
  818  2.95410e-01  2.66039e-01  9.26395e-01  0.00000e+00  0.00000e+00  3.03874e-01
  819  2.96387e-01  2.65597e-01  9.27713e-01  0.00000e+00  0.00000e+00  3.03243e-01
  820  2.97363e-01  2.55176e-01  8.67716e-01  0.00000e+00  0.00000e+00  2.86881e-01
  821  2.98340e-01  1.56719e-01  2.81569e-01  0.00000e+00  0.00000e+00  1.42084e-01
  822  2.99316e-01  1.25198e-01  1.68013e-03  0.00000e+00  0.00000e+00  1.00222e-01
  823  3.00293e-01  1.25001e-01  4.39420e-06  0.00000e+00  0.00000e+00  1.00001e-01
  824  3.01270e-01  1.25000e-01  1.10241e-08  0.00000e+00  0.00000e+00  1.00000e-01
  825  3.02246e-01  1.25000e-01  2.83157e-11  0.00000e+00  0.00000e+00  1.00000e-01
  826  3.03223e-01  1.25000e-01  7.26844e-14  0.00000e+00  0.00000e+00  1.00000e-01
  827  3.04199e-01  1.25000e-01  2.02351e-16  0.00000e+00  0.00000e+00  1.00000e-01
  828  3.05176e-01  1.25000e-01  0.00000e+00  0.00000e+00  0.00000e+00  1.00000e-01
  829  3.06152e-01  1.25000e-01  0.00000e+00  0.00000e+00  0.00000e+00  1.00000e-01
  830  3.07129e-01  1.25000e-01  0.00000e+00  0.00000e+00  0.00000e+00  1.00000e-01
  831  3.08105e-01  1.25000e-01  0.00000e+00  0.00000e+00  0.00000e+00  1.00000e-01
  832  3.09082e-01  1.25000e-01  0.00000e+00  0.00000e+00  0.00000e+00  1.00000e-01
  833  3.10059e-01  1.25000e-01  0.00000e+00  0.00000e+00  0.00000e+00  1.00000e-01
  834  3.11035e-01  1.25000e-01  0.00000e+00  0.00000e+00  0.00000e+00  1.00000e-01
  835  3.12012e-01  1.25000e-01  0.00000e+00  0.00000e+00  0.00000e+00  1.00000e-01
  836  3.12988e-01  1.25000e-01  0.00000e+00  0.00000e+00  0.00000e+00  1.00000e-01
  837  3.13965e-01  1.25000e-01  0.00000e+00  0.00000e+00  0.00000e+00  1.00000e-01
  838  3.14941e-01  1.25000e-01  0.00000e+00  0.00000e+00  0.00000e+00  1.00000e-01
  839  3.15918e-01  1.25000e-01  0.00000e+00  0.00000e+00  0.00000e+00  1.00000e-01
  840  3.16895e-01  1.25000e-01  0.00000e+00  0.00000e+00  0.00000e+00  1.00000e-01
  841  3.17871e-01  1.25000e-01  0.00000e+00  0.00000e+00  0.00000e+00  1.00000e-01
  842  3.18848e-01  1.25000e-01  0.00000e+00  0.00000e+00  0.00000e+00  1.00000e-01
  843  3.19824e-01  1.25000e-01  0.00000e+00  0.00000e+00  0.00000e+00  1.00000e-01
  844  3.20801e-01  1.25000e-01  0.00000e+00  0.00000e+00  0.00000e+00  1.00000e-01
  845  3.21777e-01  1.25000e-01  0.00000e+00  0.00000e+00  0.00000e+00  1.00000e-01
  846  3.22754e-01  1.25000e-01  0.00000e+00  0.00000e+00  0.00000e+00  1.00000e-01
  847  3.23730e-01  1.25000e-01  0.00000e+00  0.00000e+00  0.00000e+00  1.00000e-01
  848  3.24707e-01  1.25000e-01  0.00000e+00  0.00000e+00  0.00000e+00  1.00000e-01
  849  3.25684e-01  1.25000e-01  0.00000e+00  0.00000e+00  0.00000e+00  1.00000e-01
  850  3.26660e-01  1.25000e-01  0.00000e+00  0.00000e+00  0.00000e+00  1.00000e-01
  851  3.27637e-01  1.25000e-01  0.00000e+00  0.00000e+00  0.00000e+00  1.00000e-01
  852  3.28613e-01  1.25000e-01  0.00000e+00  0.00000e+00  0.00000e+00  1.00000e-01
  853  3.29590e-01  1.25000e-01  0.00000e+00  0.00000e+00  0.00000e+00  1.00000e-01
  854  3.30566e-01  1.25000e-01  0.00000e+00  0.00000e+00  0.00000e+00  1.00000e-01
  855  3.31543e-01  1.25000e-01  0.00000e+00  0.00000e+00  0.00000e+00  1.00000e-01
  856  3.32520e-01  1.25000e-01  0.00000e+00  0.00000e+00  0.00000e+00  1.00000e-01
  857  3.33496e-01  1.25000e-01  0.00000e+00  0.00000e+00  0.00000e+00  1.00000e-01
  858  3.34473e-01  1.25000e-01  0.00000e+00  0.00000e+00  0.00000e+00  1.00000e-01
  859  3.35449e-01  1.25000e-01  0.00000e+00  0.00000e+00  0.00000e+00  1.00000e-01
  860  3.36426e-01  1.25000e-01  0.00000e+00  0.00000e+00  0.00000e+00  1.00000e-01
  861  3.37402e-01  1.25000e-01  0.00000e+00  0.00000e+00  0.00000e+00  1.00000e-01
  862  3.38379e-01  1.25000e-01  0.00000e+00  0.00000e+00  0.00000e+00  1.00000e-01
  863  3.39355e-01  1.25000e-01  0.00000e+00  0.00000e+00  0.00000e+00  1.00000e-01
  864  3.40332e-01  1.25000e-01  0.00000e+00  0.00000e+00  0.00000e+00  1.00000e-01
  865  3.41309e-01  1.25000e-01  0.00000e+00  0.00000e+00  0.00000e+00  1.00000e-01
  866  3.42285e-01  1.25000e-01  0.00000e+00  0.00000e+00  0.00000e+00  1.00000e-01
  867  3.43262e-01  1.25000e-01  0.00000e+00  0.00000e+00  0.00000e+00  1.00000e-01
  868  3.44238e-01  1.25000e-01  0.00000e+00  0.00000e+00  0.00000e+00  1.00000e-01
  869  3.45215e-01  1.25000e-01  0.00000e+00  0.00000e+00  0.00000e+00  1.00000e-01
  870  3.46191e-01  1.25000e-01  0.00000e+00  0.00000e+00  0.00000e+00  1.00000e-01
  871  3.47168e-01  1.25000e-01  0.00000e+00  0.00000e+00  0.00000e+00  1.00000e-01
  872  3.48145e-01  1.25000e-01  0.00000e+00  0.00000e+00  0.00000e+00  1.00000e-01
  873  3.49121e-01  1.25000e-01  0.00000e+00  0.00000e+00  0.00000e+00  1.00000e-01
  874  3.50098e-01  1.25000e-01  0.00000e+00  0.00000e+00  0.00000e+00  1.00000e-01
  875  3.51074e-01  1.25000e-01  0.00000e+00  0.00000e+00  0.00000e+00  1.00000e-01
  876  3.52051e-01  1.25000e-01  0.00000e+00  0.00000e+00  0.00000e+00  1.00000e-01
  877  3.53027e-01  1.25000e-01  0.00000e+00  0.00000e+00  0.00000e+00  1.00000e-01
  878  3.54004e-01  1.25000e-01  0.00000e+00  0.00000e+00  0.00000e+00  1.00000e-01
  879  3.54980e-01  1.25000e-01  0.00000e+00  0.00000e+00  0.00000e+00  1.00000e-01
  880  3.55957e-01  1.25000e-01  0.00000e+00  0.00000e+00  0.00000e+00  1.00000e-01
  881  3.56934e-01  1.25000e-01  0.00000e+00  0.00000e+00  0.00000e+00  1.00000e-01
  882  3.57910e-01  1.25000e-01  0.00000e+00  0.00000e+00  0.00000e+00  1.00000e-01
  883  3.58887e-01  1.25000e-01  0.00000e+00  0.00000e+00  0.00000e+00  1.00000e-01
  884  3.59863e-01  1.25000e-01  0.00000e+00  0.00000e+00  0.00000e+00  1.00000e-01
  885  3.60840e-01  1.25000e-01  0.00000e+00  0.00000e+00  0.00000e+00  1.00000e-01
  886  3.61816e-01  1.25000e-01  0.00000e+00  0.00000e+00  0.00000e+00  1.00000e-01
  887  3.62793e-01  1.25000e-01  0.00000e+00  0.00000e+00  0.00000e+00  1.00000e-01
  888  3.63770e-01  1.25000e-01  0.00000e+00  0.00000e+00  0.00000e+00  1.00000e-01
  889  3.64746e-01  1.25000e-01  0.00000e+00  0.00000e+00  0.00000e+00  1.00000e-01
  890  3.65723e-01  1.25000e-01  0.00000e+00  0.00000e+00  0.00000e+00  1.00000e-01
  891  3.66699e-01  1.25000e-01  0.00000e+00  0.00000e+00  0.00000e+00  1.00000e-01
  892  3.67676e-01  1.25000e-01  0.00000e+00  0.00000e+00  0.00000e+00  1.00000e-01
  893  3.68652e-01  1.25000e-01  0.00000e+00  0.00000e+00  0.00000e+00  1.00000e-01
  894  3.69629e-01  1.25000e-01  0.00000e+00  0.00000e+00  0.00000e+00  1.00000e-01
  895  3.70605e-01  1.25000e-01  0.00000e+00  0.00000e+00  0.00000e+00  1.00000e-01
  896  3.71582e-01  1.25000e-01  0.00000e+00  0.00000e+00  0.00000e+00  1.00000e-01
  897  3.72559e-01  1.25000e-01  0.00000e+00  0.00000e+00  0.00000e+00  1.00000e-01
  898  3.73535e-01  1.25000e-01  0.00000e+00  0.00000e+00  0.00000e+00  1.00000e-01
  899  3.74512e-01  1.25000e-01  0.00000e+00  0.00000e+00  0.00000e+00  1.00000e-01
  900  3.75488e-01  1.25000e-01  0.00000e+00  0.00000e+00  0.00000e+00  1.00000e-01
  901  3.76465e-01  1.25000e-01  0.00000e+00  0.00000e+00  0.00000e+00  1.00000e-01
  902  3.77441e-01  1.25000e-01  0.00000e+00  0.00000e+00  0.00000e+00  1.00000e-01
  903  3.78418e-01  1.25000e-01  0.00000e+00  0.00000e+00  0.00000e+00  1.00000e-01
  904  3.79395e-01  1.25000e-01  0.00000e+00  0.00000e+00  0.00000e+00  1.00000e-01
  905  3.80371e-01  1.25000e-01  0.00000e+00  0.00000e+00  0.00000e+00  1.00000e-01
  906  3.81348e-01  1.25000e-01  0.00000e+00  0.00000e+00  0.00000e+00  1.00000e-01
  907  3.82324e-01  1.25000e-01  0.00000e+00  0.00000e+00  0.00000e+00  1.00000e-01
  908  3.83301e-01  1.25000e-01  0.00000e+00  0.00000e+00  0.00000e+00  1.00000e-01
  909  3.84277e-01  1.25000e-01  0.00000e+00  0.00000e+00  0.00000e+00  1.00000e-01
  910  3.85254e-01  1.25000e-01  0.00000e+00  0.00000e+00  0.00000e+00  1.00000e-01
  911  3.86230e-01  1.25000e-01  0.00000e+00  0.00000e+00  0.00000e+00  1.00000e-01
  912  3.87207e-01  1.25000e-01  0.00000e+00  0.00000e+00  0.00000e+00  1.00000e-01
  913  3.88184e-01  1.25000e-01  0.00000e+00  0.00000e+00  0.00000e+00  1.00000e-01
  914  3.89160e-01  1.25000e-01  0.00000e+00  0.00000e+00  0.00000e+00  1.00000e-01
  915  3.90137e-01  1.25000e-01  0.00000e+00  0.00000e+00  0.00000e+00  1.00000e-01
  916  3.91113e-01  1.25000e-01  0.00000e+00  0.00000e+00  0.00000e+00  1.00000e-01
  917  3.92090e-01  1.25000e-01  0.00000e+00  0.00000e+00  0.00000e+00  1.00000e-01
  918  3.93066e-01  1.25000e-01  0.00000e+00  0.00000e+00  0.00000e+00  1.00000e-01
  919  3.94043e-01  1.25000e-01  0.00000e+00  0.00000e+00  0.00000e+00  1.00000e-01
  920  3.95020e-01  1.25000e-01  0.00000e+00  0.00000e+00  0.00000e+00  1.00000e-01
  921  3.95996e-01  1.25000e-01  0.00000e+00  0.00000e+00  0.00000e+00  1.00000e-01
  922  3.96973e-01  1.25000e-01  0.00000e+00  0.00000e+00  0.00000e+00  1.00000e-01
  923  3.97949e-01  1.25000e-01  0.00000e+00  0.00000e+00  0.00000e+00  1.00000e-01
  924  3.98926e-01  1.25000e-01  0.00000e+00  0.00000e+00  0.00000e+00  1.00000e-01
  925  3.99902e-01  1.25000e-01  0.00000e+00  0.00000e+00  0.00000e+00  1.00000e-01
  926  4.00879e-01  1.25000e-01  0.00000e+00  0.00000e+00  0.00000e+00  1.00000e-01
  927  4.01855e-01  1.25000e-01  0.00000e+00  0.00000e+00  0.00000e+00  1.00000e-01
  928  4.02832e-01  1.25000e-01  0.00000e+00  0.00000e+00  0.00000e+00  1.00000e-01
  929  4.03809e-01  1.25000e-01  0.00000e+00  0.00000e+00  0.00000e+00  1.00000e-01
  930  4.04785e-01  1.25000e-01  0.00000e+00  0.00000e+00  0.00000e+00  1.00000e-01
  931  4.05762e-01  1.25000e-01  0.00000e+00  0.00000e+00  0.00000e+00  1.00000e-01
  932  4.06738e-01  1.25000e-01  0.00000e+00  0.00000e+00  0.00000e+00  1.00000e-01
  933  4.07715e-01  1.25000e-01  0.00000e+00  0.00000e+00  0.00000e+00  1.00000e-01
  934  4.08691e-01  1.25000e-01  0.00000e+00  0.00000e+00  0.00000e+00  1.00000e-01
  935  4.09668e-01  1.25000e-01  0.00000e+00  0.00000e+00  0.00000e+00  1.00000e-01
  936  4.10645e-01  1.25000e-01  0.00000e+00  0.00000e+00  0.00000e+00  1.00000e-01
  937  4.11621e-01  1.25000e-01  0.00000e+00  0.00000e+00  0.00000e+00  1.00000e-01
  938  4.12598e-01  1.25000e-01  0.00000e+00  0.00000e+00  0.00000e+00  1.00000e-01
  939  4.13574e-01  1.25000e-01  0.00000e+00  0.00000e+00  0.00000e+00  1.00000e-01
  940  4.14551e-01  1.25000e-01  0.00000e+00  0.00000e+00  0.00000e+00  1.00000e-01
  941  4.15527e-01  1.25000e-01  0.00000e+00  0.00000e+00  0.00000e+00  1.00000e-01
  942  4.16504e-01  1.25000e-01  0.00000e+00  0.00000e+00  0.00000e+00  1.00000e-01
  943  4.17480e-01  1.25000e-01  0.00000e+00  0.00000e+00  0.00000e+00  1.00000e-01
  944  4.18457e-01  1.25000e-01  0.00000e+00  0.00000e+00  0.00000e+00  1.00000e-01
  945  4.19434e-01  1.25000e-01  0.00000e+00  0.00000e+00  0.00000e+00  1.00000e-01
  946  4.20410e-01  1.25000e-01  0.00000e+00  0.00000e+00  0.00000e+00  1.00000e-01
  947  4.21387e-01  1.25000e-01  0.00000e+00  0.00000e+00  0.00000e+00  1.00000e-01
  948  4.22363e-01  1.25000e-01  0.00000e+00  0.00000e+00  0.00000e+00  1.00000e-01
  949  4.23340e-01  1.25000e-01  0.00000e+00  0.00000e+00  0.00000e+00  1.00000e-01
  950  4.24316e-01  1.25000e-01  0.00000e+00  0.00000e+00  0.00000e+00  1.00000e-01
  951  4.25293e-01  1.25000e-01  0.00000e+00  0.00000e+00  0.00000e+00  1.00000e-01
  952  4.26270e-01  1.25000e-01  0.00000e+00  0.00000e+00  0.00000e+00  1.00000e-01
  953  4.27246e-01  1.25000e-01  0.00000e+00  0.00000e+00  0.00000e+00  1.00000e-01
  954  4.28223e-01  1.25000e-01  0.00000e+00  0.00000e+00  0.00000e+00  1.00000e-01
  955  4.29199e-01  1.25000e-01  0.00000e+00  0.00000e+00  0.00000e+00  1.00000e-01
  956  4.30176e-01  1.25000e-01  0.00000e+00  0.00000e+00  0.00000e+00  1.00000e-01
  957  4.31152e-01  1.25000e-01  0.00000e+00  0.00000e+00  0.00000e+00  1.00000e-01
  958  4.32129e-01  1.25000e-01  0.00000e+00  0.00000e+00  0.00000e+00  1.00000e-01
  959  4.33105e-01  1.25000e-01  0.00000e+00  0.00000e+00  0.00000e+00  1.00000e-01
  960  4.34082e-01  1.25000e-01  0.00000e+00  0.00000e+00  0.00000e+00  1.00000e-01
  961  4.35059e-01  1.25000e-01  0.00000e+00  0.00000e+00  0.00000e+00  1.00000e-01
  962  4.36035e-01  1.25000e-01  0.00000e+00  0.00000e+00  0.00000e+00  1.00000e-01
  963  4.37012e-01  1.25000e-01  0.00000e+00  0.00000e+00  0.00000e+00  1.00000e-01
  964  4.37988e-01  1.25000e-01  0.00000e+00  0.00000e+00  0.00000e+00  1.00000e-01
  965  4.38965e-01  1.25000e-01  0.00000e+00  0.00000e+00  0.00000e+00  1.00000e-01
  966  4.39941e-01  1.25000e-01  0.00000e+00  0.00000e+00  0.00000e+00  1.00000e-01
  967  4.40918e-01  1.25000e-01  0.00000e+00  0.00000e+00  0.00000e+00  1.00000e-01
  968  4.41895e-01  1.25000e-01  0.00000e+00  0.00000e+00  0.00000e+00  1.00000e-01
  969  4.42871e-01  1.25000e-01  0.00000e+00  0.00000e+00  0.00000e+00  1.00000e-01
  970  4.43848e-01  1.25000e-01  0.00000e+00  0.00000e+00  0.00000e+00  1.00000e-01
  971  4.44824e-01  1.25000e-01  0.00000e+00  0.00000e+00  0.00000e+00  1.00000e-01
  972  4.45801e-01  1.25000e-01  0.00000e+00  0.00000e+00  0.00000e+00  1.00000e-01
  973  4.46777e-01  1.25000e-01  0.00000e+00  0.00000e+00  0.00000e+00  1.00000e-01
  974  4.47754e-01  1.25000e-01  0.00000e+00  0.00000e+00  0.00000e+00  1.00000e-01
  975  4.48730e-01  1.25000e-01  0.00000e+00  0.00000e+00  0.00000e+00  1.00000e-01
  976  4.49707e-01  1.25000e-01  0.00000e+00  0.00000e+00  0.00000e+00  1.00000e-01
  977  4.50684e-01  1.25000e-01  0.00000e+00  0.00000e+00  0.00000e+00  1.00000e-01
  978  4.51660e-01  1.25000e-01  0.00000e+00  0.00000e+00  0.00000e+00  1.00000e-01
  979  4.52637e-01  1.25000e-01  0.00000e+00  0.00000e+00  0.00000e+00  1.00000e-01
  980  4.53613e-01  1.25000e-01  0.00000e+00  0.00000e+00  0.00000e+00  1.00000e-01
  981  4.54590e-01  1.25000e-01  0.00000e+00  0.00000e+00  0.00000e+00  1.00000e-01
  982  4.55566e-01  1.25000e-01  0.00000e+00  0.00000e+00  0.00000e+00  1.00000e-01
  983  4.56543e-01  1.25000e-01  0.00000e+00  0.00000e+00  0.00000e+00  1.00000e-01
  984  4.57520e-01  1.25000e-01  0.00000e+00  0.00000e+00  0.00000e+00  1.00000e-01
  985  4.58496e-01  1.25000e-01  0.00000e+00  0.00000e+00  0.00000e+00  1.00000e-01
  986  4.59473e-01  1.25000e-01  0.00000e+00  0.00000e+00  0.00000e+00  1.00000e-01
  987  4.60449e-01  1.25000e-01  0.00000e+00  0.00000e+00  0.00000e+00  1.00000e-01
  988  4.61426e-01  1.25000e-01  0.00000e+00  0.00000e+00  0.00000e+00  1.00000e-01
  989  4.62402e-01  1.25000e-01  0.00000e+00  0.00000e+00  0.00000e+00  1.00000e-01
  990  4.63379e-01  1.25000e-01  0.00000e+00  0.00000e+00  0.00000e+00  1.00000e-01
  991  4.64355e-01  1.25000e-01  0.00000e+00  0.00000e+00  0.00000e+00  1.00000e-01
  992  4.65332e-01  1.25000e-01  0.00000e+00  0.00000e+00  0.00000e+00  1.00000e-01
  993  4.66309e-01  1.25000e-01  0.00000e+00  0.00000e+00  0.00000e+00  1.00000e-01
  994  4.67285e-01  1.25000e-01  0.00000e+00  0.00000e+00  0.00000e+00  1.00000e-01
  995  4.68262e-01  1.25000e-01  0.00000e+00  0.00000e+00  0.00000e+00  1.00000e-01
  996  4.69238e-01  1.25000e-01  0.00000e+00  0.00000e+00  0.00000e+00  1.00000e-01
  997  4.70215e-01  1.25000e-01  0.00000e+00  0.00000e+00  0.00000e+00  1.00000e-01
  998  4.71191e-01  1.25000e-01  0.00000e+00  0.00000e+00  0.00000e+00  1.00000e-01
  999  4.72168e-01  1.25000e-01  0.00000e+00  0.00000e+00  0.00000e+00  1.00000e-01
 1000  4.73145e-01  1.25000e-01  0.00000e+00  0.00000e+00  0.00000e+00  1.00000e-01
 1001  4.74121e-01  1.25000e-01  0.00000e+00  0.00000e+00  0.00000e+00  1.00000e-01
 1002  4.75098e-01  1.25000e-01  0.00000e+00  0.00000e+00  0.00000e+00  1.00000e-01
 1003  4.76074e-01  1.25000e-01  0.00000e+00  0.00000e+00  0.00000e+00  1.00000e-01
 1004  4.77051e-01  1.25000e-01  0.00000e+00  0.00000e+00  0.00000e+00  1.00000e-01
 1005  4.78027e-01  1.25000e-01  0.00000e+00  0.00000e+00  0.00000e+00  1.00000e-01
 1006  4.79004e-01  1.25000e-01  0.00000e+00  0.00000e+00  0.00000e+00  1.00000e-01
 1007  4.79980e-01  1.25000e-01  0.00000e+00  0.00000e+00  0.00000e+00  1.00000e-01
 1008  4.80957e-01  1.25000e-01  0.00000e+00  0.00000e+00  0.00000e+00  1.00000e-01
 1009  4.81934e-01  1.25000e-01  0.00000e+00  0.00000e+00  0.00000e+00  1.00000e-01
 1010  4.82910e-01  1.25000e-01  0.00000e+00  0.00000e+00  0.00000e+00  1.00000e-01
 1011  4.83887e-01  1.25000e-01  0.00000e+00  0.00000e+00  0.00000e+00  1.00000e-01
 1012  4.84863e-01  1.25000e-01  0.00000e+00  0.00000e+00  0.00000e+00  1.00000e-01
 1013  4.85840e-01  1.25000e-01  0.00000e+00  0.00000e+00  0.00000e+00  1.00000e-01
 1014  4.86816e-01  1.25000e-01  0.00000e+00  0.00000e+00  0.00000e+00  1.00000e-01
 1015  4.87793e-01  1.25000e-01  0.00000e+00  0.00000e+00  0.00000e+00  1.00000e-01
 1016  4.88770e-01  1.25000e-01  0.00000e+00  0.00000e+00  0.00000e+00  1.00000e-01
 1017  4.89746e-01  1.25000e-01  0.00000e+00  0.00000e+00  0.00000e+00  1.00000e-01
 1018  4.90723e-01  1.25000e-01  0.00000e+00  0.00000e+00  0.00000e+00  1.00000e-01
 1019  4.91699e-01  1.25000e-01  0.00000e+00  0.00000e+00  0.00000e+00  1.00000e-01
 1020  4.92676e-01  1.25000e-01  0.00000e+00  0.00000e+00  0.00000e+00  1.00000e-01
 1021  4.93652e-01  1.25000e-01  0.00000e+00  0.00000e+00  0.00000e+00  1.00000e-01
 1022  4.94629e-01  1.25000e-01  0.00000e+00  0.00000e+00  0.00000e+00  1.00000e-01
 1023  4.95605e-01  1.25000e-01  0.00000e+00  0.00000e+00  0.00000e+00  1.00000e-01
 1024  4.96582e-01  1.25000e-01  0.00000e+00  0.00000e+00  0.00000e+00  1.00000e-01
 1025  4.97559e-01  1.25000e-01  0.00000e+00  0.00000e+00  0.00000e+00  1.00000e-01
 1026  4.98535e-01  1.25000e-01  0.00000e+00  0.00000e+00  0.00000e+00  1.00000e-01
 1027  4.99512e-01  1.25000e-01  0.00000e+00  0.00000e+00  0.00000e+00  1.00000e-01
