# Nx1 = 1024
# x1-size = 1
# PRIMITIVE vars at Time = 0.240159, level= 0, domain= 0
# [1]=i-zone [2]=x1 [3]=d [4]=V1 [5]=V2 [6]=V3 [7]=P
    4 -4.99512e-01  1.00000e+00  1.17247e-20  0.00000e+00  0.00000e+00  1.00000e+00
    5 -4.98535e-01  1.00000e+00 -2.83405e-21  0.00000e+00  0.00000e+00  1.00000e+00
    6 -4.97559e-01  1.00000e+00  3.27124e-20  0.00000e+00  0.00000e+00  1.00000e+00
    7 -4.96582e-01  1.00000e+00  9.74051e-20  0.00000e+00  0.00000e+00  1.00000e+00
    8 -4.95605e-01  1.00000e+00 -1.40182e-21  0.00000e+00  0.00000e+00  1.00000e+00
    9 -4.94629e-01  1.00000e+00 -6.12430e-20  0.00000e+00  0.00000e+00  1.00000e+00
   10 -4.93652e-01  1.00000e+00 -1.94973e-20  0.00000e+00  0.00000e+00  1.00000e+00
   11 -4.92676e-01  1.00000e+00 -2.71855e-21  0.00000e+00  0.00000e+00  1.00000e+00
   12 -4.91699e-01  1.00000e+00 -3.79033e-20  0.00000e+00  0.00000e+00  1.00000e+00
   13 -4.90723e-01  1.00000e+00 -9.14266e-21  0.00000e+00  0.00000e+00  1.00000e+00
   14 -4.89746e-01  1.00000e+00 -4.01150e-20  0.00000e+00  0.00000e+00  1.00000e+00
   15 -4.88770e-01  1.00000e+00  3.33590e-20  0.00000e+00  0.00000e+00  1.00000e+00
   16 -4.87793e-01  1.00000e+00  8.09245e-17  0.00000e+00  0.00000e+00  1.00000e+00
   17 -4.86816e-01  1.00000e+00  8.85294e-20  0.00000e+00  0.00000e+00  1.00000e+00
   18 -4.85840e-01  1.00000e+00  3.41556e-20  0.00000e+00  0.00000e+00  1.00000e+00
   19 -4.84863e-01  1.00000e+00  2.77021e-20  0.00000e+00  0.00000e+00  1.00000e+00
   20 -4.83887e-01  1.00000e+00 -2.59632e-20  0.00000e+00  0.00000e+00  1.00000e+00
   21 -4.82910e-01  1.00000e+00  3.24376e-20  0.00000e+00  0.00000e+00  1.00000e+00
   22 -4.81934e-01  1.00000e+00 -1.90131e-20  0.00000e+00  0.00000e+00  1.00000e+00
   23 -4.80957e-01  1.00000e+00 -4.26828e-20  0.00000e+00  0.00000e+00  1.00000e+00
   24 -4.79980e-01  1.00000e+00 -3.60688e-20  0.00000e+00  0.00000e+00  1.00000e+00
   25 -4.79004e-01  1.00000e+00 -4.38182e-20  0.00000e+00  0.00000e+00  1.00000e+00
   26 -4.78027e-01  1.00000e+00 -1.49915e-22  0.00000e+00  0.00000e+00  1.00000e+00
   27 -4.77051e-01  1.00000e+00  7.57300e-22  0.00000e+00  0.00000e+00  1.00000e+00
   28 -4.76074e-01  1.00000e+00  5.09915e-20  0.00000e+00  0.00000e+00  1.00000e+00
   29 -4.75098e-01  1.00000e+00 -4.12951e-20  0.00000e+00  0.00000e+00  1.00000e+00
   30 -4.74121e-01  1.00000e+00 -3.32490e-22  0.00000e+00  0.00000e+00  1.00000e+00
   31 -4.73145e-01  1.00000e+00  8.09533e-17  0.00000e+00  0.00000e+00  1.00000e+00
   32 -4.72168e-01  1.00000e+00  1.32692e-19  0.00000e+00  0.00000e+00  1.00000e+00
   33 -4.71191e-01  1.00000e+00 -3.41419e-20  0.00000e+00  0.00000e+00  1.00000e+00
   34 -4.70215e-01  1.00000e+00 -5.07038e-20  0.00000e+00  0.00000e+00  1.00000e+00
   35 -4.69238e-01  1.00000e+00 -1.99742e-20  0.00000e+00  0.00000e+00  1.00000e+00
   36 -4.68262e-01  1.00000e+00  3.36843e-22  0.00000e+00  0.00000e+00  1.00000e+00
   37 -4.67285e-01  1.00000e+00 -2.68594e-20  0.00000e+00  0.00000e+00  1.00000e+00
   38 -4.66309e-01  1.00000e+00  4.33117e-21  0.00000e+00  0.00000e+00  1.00000e+00
   39 -4.65332e-01  1.00000e+00 -3.08025e-20  0.00000e+00  0.00000e+00  1.00000e+00
   40 -4.64355e-01  1.00000e+00 -5.18679e-20  0.00000e+00  0.00000e+00  1.00000e+00
   41 -4.63379e-01  1.00000e+00  8.08768e-17  0.00000e+00  0.00000e+00  1.00000e+00
   42 -4.62402e-01  1.00000e+00  1.43834e-19  0.00000e+00  0.00000e+00  1.00000e+00
   43 -4.61426e-01  1.00000e+00  1.16691e-19  0.00000e+00  0.00000e+00  1.00000e+00
   44 -4.60449e-01  1.00000e+00 -2.10687e-20  0.00000e+00  0.00000e+00  1.00000e+00
   45 -4.59473e-01  1.00000e+00 -6.51318e-20  0.00000e+00  0.00000e+00  1.00000e+00
   46 -4.58496e-01  1.00000e+00 -4.87610e-21  0.00000e+00  0.00000e+00  1.00000e+00
   47 -4.57520e-01  1.00000e+00 -1.63319e-21  0.00000e+00  0.00000e+00  1.00000e+00
   48 -4.56543e-01  1.00000e+00 -2.46431e-20  0.00000e+00  0.00000e+00  1.00000e+00
   49 -4.55566e-01  1.00000e+00 -1.74432e-20  0.00000e+00  0.00000e+00  1.00000e+00
   50 -4.54590e-01  1.00000e+00 -5.86215e-20  0.00000e+00  0.00000e+00  1.00000e+00
   51 -4.53613e-01  1.00000e+00 -2.87745e-20  0.00000e+00  0.00000e+00  1.00000e+00
   52 -4.52637e-01  1.00000e+00 -1.33692e-21  0.00000e+00  0.00000e+00  1.00000e+00
   53 -4.51660e-01  1.00000e+00  8.10201e-17  0.00000e+00  0.00000e+00  1.00000e+00
   54 -4.50684e-01  1.00000e+00  7.83760e-20  0.00000e+00  0.00000e+00  1.00000e+00
   55 -4.49707e-01  1.00000e+00 -1.05553e-20  0.00000e+00  0.00000e+00  1.00000e+00
   56 -4.48730e-01  1.00000e+00 -2.89984e-20  0.00000e+00  0.00000e+00  1.00000e+00
   57 -4.47754e-01  1.00000e+00  8.88183e-20  0.00000e+00  0.00000e+00  1.00000e+00
   58 -4.46777e-01  1.00000e+00 -2.57727e-20  0.00000e+00  0.00000e+00  1.00000e+00
   59 -4.45801e-01  1.00000e+00 -2.23279e-20  0.00000e+00  0.00000e+00  1.00000e+00
   60 -4.44824e-01  1.00000e+00 -3.20700e-20  0.00000e+00  0.00000e+00  1.00000e+00
   61 -4.43848e-01  1.00000e+00 -4.97509e-20  0.00000e+00  0.00000e+00  1.00000e+00
   62 -4.42871e-01  1.00000e+00  8.08633e-17  0.00000e+00  0.00000e+00  1.00000e+00
   63 -4.41895e-01  1.00000e+00  2.16480e-20  0.00000e+00  0.00000e+00  1.00000e+00
   64 -4.40918e-01  1.00000e+00  7.19532e-20  0.00000e+00  0.00000e+00  1.00000e+00
   65 -4.39941e-01  1.00000e+00 -4.25605e-20  0.00000e+00  0.00000e+00  1.00000e+00
   66 -4.38965e-01  1.00000e+00 -3.80308e-20  0.00000e+00  0.00000e+00  1.00000e+00
   67 -4.37988e-01  1.00000e+00  6.84016e-20  0.00000e+00  0.00000e+00  1.00000e+00
   68 -4.37012e-01  1.00000e+00  1.37128e-19  0.00000e+00  0.00000e+00  1.00000e+00
   69 -4.36035e-01  1.00000e+00 -3.33158e-20  0.00000e+00  0.00000e+00  1.00000e+00
   70 -4.35059e-01  1.00000e+00 -3.85831e-20  0.00000e+00  0.00000e+00  1.00000e+00
   71 -4.34082e-01  1.00000e+00 -4.22042e-20  0.00000e+00  0.00000e+00  1.00000e+00
   72 -4.33105e-01  1.00000e+00 -2.36215e-20  0.00000e+00  0.00000e+00  1.00000e+00
   73 -4.32129e-01  1.00000e+00  8.08909e-17  0.00000e+00  0.00000e+00  1.00000e+00
   74 -4.31152e-01  1.00000e+00  7.52733e-20  0.00000e+00  0.00000e+00  1.00000e+00
   75 -4.30176e-01  1.00000e+00 -4.45654e-20  0.00000e+00  0.00000e+00  1.00000e+00
   76 -4.29199e-01  1.00000e+00 -1.08145e-19  0.00000e+00  0.00000e+00  1.00000e+00
   77 -4.28223e-01  1.00000e+00 -5.81215e-20  0.00000e+00  0.00000e+00  1.00000e+00
   78 -4.27246e-01  1.00000e+00  1.65368e-19  0.00000e+00  0.00000e+00  1.00000e+00
   79 -4.26270e-01  1.00000e+00  1.76084e-19  0.00000e+00  0.00000e+00  1.00000e+00
   80 -4.25293e-01  1.00000e+00 -2.95701e-20  0.00000e+00  0.00000e+00  1.00000e+00
   81 -4.24316e-01  1.00000e+00 -6.71706e-20  0.00000e+00  0.00000e+00  1.00000e+00
   82 -4.23340e-01  1.00000e+00 -1.52417e-20  0.00000e+00  0.00000e+00  1.00000e+00
   83 -4.22363e-01  1.00000e+00  8.08533e-17  0.00000e+00  0.00000e+00  1.00000e+00
   84 -4.21387e-01  1.00000e+00  2.96699e-20  0.00000e+00  0.00000e+00  1.00000e+00
   85 -4.20410e-01  1.00000e+00  2.06896e-20  0.00000e+00  0.00000e+00  1.00000e+00
   86 -4.19434e-01  1.00000e+00 -1.25506e-19  0.00000e+00  0.00000e+00  1.00000e+00
   87 -4.18457e-01  1.00000e+00 -4.33142e-20  0.00000e+00  0.00000e+00  1.00000e+00
   88 -4.17480e-01  1.00000e+00  2.23355e-20  0.00000e+00  0.00000e+00  1.00000e+00
   89 -4.16504e-01  1.00000e+00  1.21531e-19  0.00000e+00  0.00000e+00  1.00000e+00
   90 -4.15527e-01  1.00000e+00  9.58127e-20  0.00000e+00  0.00000e+00  1.00000e+00
   91 -4.14551e-01  1.00000e+00  8.08967e-17  0.00000e+00  0.00000e+00  1.00000e+00
   92 -4.13574e-01  1.00000e+00 -6.30073e-21  0.00000e+00  0.00000e+00  1.00000e+00
   93 -4.12598e-01  1.00000e+00  2.96464e-20  0.00000e+00  0.00000e+00  1.00000e+00
   94 -4.11621e-01  1.00000e+00 -5.26614e-20  0.00000e+00  0.00000e+00  1.00000e+00
   95 -4.10645e-01  1.00000e+00  8.09476e-17  0.00000e+00  0.00000e+00  1.00000e+00
   96 -4.09668e-01  1.00000e+00 -1.62310e-20  0.00000e+00  0.00000e+00  1.00000e+00
   97 -4.08691e-01  1.00000e+00 -1.18057e-19  0.00000e+00  0.00000e+00  1.00000e+00
   98 -4.07715e-01  1.00000e+00 -2.19626e-20  0.00000e+00  0.00000e+00  1.00000e+00
   99 -4.06738e-01  1.00000e+00  7.61687e-20  0.00000e+00  0.00000e+00  1.00000e+00
  100 -4.05762e-01  1.00000e+00  8.09911e-17  0.00000e+00  0.00000e+00  1.00000e+00
  101 -4.04785e-01  1.00000e+00  5.61682e-21  0.00000e+00  0.00000e+00  1.00000e+00
  102 -4.03809e-01  1.00000e+00 -2.74844e-20  0.00000e+00  0.00000e+00  1.00000e+00
  103 -4.02832e-01  1.00000e+00  6.50004e-20  0.00000e+00  0.00000e+00  1.00000e+00
  104 -4.01855e-01  1.00000e+00  6.47793e-20  0.00000e+00  0.00000e+00  1.00000e+00
  105 -4.00879e-01  1.00000e+00 -8.00938e-20  0.00000e+00  0.00000e+00  1.00000e+00
  106 -3.99902e-01  1.00000e+00  2.05487e-20  0.00000e+00  0.00000e+00  1.00000e+00
  107 -3.98926e-01  1.00000e+00 -7.35251e-20  0.00000e+00  0.00000e+00  1.00000e+00
  108 -3.97949e-01  1.00000e+00 -1.03377e-19  0.00000e+00  0.00000e+00  1.00000e+00
  109 -3.96973e-01  1.00000e+00  4.09431e-20  0.00000e+00  0.00000e+00  1.00000e+00
  110 -3.95996e-01  1.00000e+00  8.08836e-20  0.00000e+00  0.00000e+00  1.00000e+00
  111 -3.95020e-01  1.00000e+00 -1.00829e-20  0.00000e+00  0.00000e+00  1.00000e+00
  112 -3.94043e-01  1.00000e+00 -7.94160e-20  0.00000e+00  0.00000e+00  1.00000e+00
  113 -3.93066e-01  1.00000e+00 -1.00898e-19  0.00000e+00  0.00000e+00  1.00000e+00
  114 -3.92090e-01  1.00000e+00  1.44582e-19  0.00000e+00  0.00000e+00  1.00000e+00
  115 -3.91113e-01  1.00000e+00  1.56171e-19  0.00000e+00  0.00000e+00  1.00000e+00
  116 -3.90137e-01  1.00000e+00 -6.33340e-20  0.00000e+00  0.00000e+00  1.00000e+00
  117 -3.89160e-01  1.00000e+00  4.79687e-21  0.00000e+00  0.00000e+00  1.00000e+00
  118 -3.88184e-01  1.00000e+00 -4.62876e-20  0.00000e+00  0.00000e+00  1.00000e+00
  119 -3.87207e-01  1.00000e+00 -9.89770e-20  0.00000e+00  0.00000e+00  1.00000e+00
  120 -3.86230e-01  1.00000e+00  2.37650e-20  0.00000e+00  0.00000e+00  1.00000e+00
  121 -3.85254e-01  1.00000e+00  7.94223e-20  0.00000e+00  0.00000e+00  1.00000e+00
  122 -3.84277e-01  1.00000e+00 -9.53585e-20  0.00000e+00  0.00000e+00  1.00000e+00
  123 -3.83301e-01  1.00000e+00 -7.72818e-20  0.00000e+00  0.00000e+00  1.00000e+00
  124 -3.82324e-01  1.00000e+00 -4.39954e-20  0.00000e+00  0.00000e+00  1.00000e+00
  125 -3.81348e-01  1.00000e+00  1.13648e-19  0.00000e+00  0.00000e+00  1.00000e+00
  126 -3.80371e-01  1.00000e+00  1.33580e-19  0.00000e+00  0.00000e+00  1.00000e+00
  127 -3.79395e-01  1.00000e+00 -1.04572e-20  0.00000e+00  0.00000e+00  1.00000e+00
  128 -3.78418e-01  1.00000e+00 -2.18524e-20  0.00000e+00  0.00000e+00  1.00000e+00
  129 -3.77441e-01  1.00000e+00  8.08994e-17  0.00000e+00  0.00000e+00  1.00000e+00
  130 -3.76465e-01  1.00000e+00 -4.70659e-20  0.00000e+00  0.00000e+00  1.00000e+00
  131 -3.75488e-01  1.00000e+00  4.68983e-20  0.00000e+00  0.00000e+00  1.00000e+00
  132 -3.74512e-01  1.00000e+00 -1.77296e-21  0.00000e+00  0.00000e+00  1.00000e+00
  133 -3.73535e-01  1.00000e+00 -9.70051e-20  0.00000e+00  0.00000e+00  1.00000e+00
  134 -3.72559e-01  1.00000e+00 -4.00621e-20  0.00000e+00  0.00000e+00  1.00000e+00
  135 -3.71582e-01  1.00000e+00  3.79963e-20  0.00000e+00  0.00000e+00  1.00000e+00
  136 -3.70605e-01  1.00000e+00  7.72431e-20  0.00000e+00  0.00000e+00  1.00000e+00
  137 -3.69629e-01  1.00000e+00  4.00677e-20  0.00000e+00  0.00000e+00  1.00000e+00
  138 -3.68652e-01  1.00000e+00 -1.63375e-21  0.00000e+00  0.00000e+00  1.00000e+00
  139 -3.67676e-01  1.00000e+00  4.85915e-22  0.00000e+00  0.00000e+00  1.00000e+00
  140 -3.66699e-01  1.00000e+00  8.09432e-17  0.00000e+00  0.00000e+00  1.00000e+00
  141 -3.65723e-01  1.00000e+00  1.60499e-21  0.00000e+00  0.00000e+00  1.00000e+00
  142 -3.64746e-01  1.00000e+00  1.07621e-20  0.00000e+00  0.00000e+00  1.00000e+00
  143 -3.63770e-01  1.00000e+00 -6.46737e-20  0.00000e+00  0.00000e+00  1.00000e+00
  144 -3.62793e-01  1.00000e+00 -8.99614e-20  0.00000e+00  0.00000e+00  1.00000e+00
  145 -3.61816e-01  1.00000e+00  2.83459e-20  0.00000e+00  0.00000e+00  1.00000e+00
  146 -3.60840e-01  1.00000e+00  8.09808e-17  0.00000e+00  0.00000e+00  1.00000e+00
  147 -3.59863e-01  1.00000e+00  5.86684e-20  0.00000e+00  0.00000e+00  1.00000e+00
  148 -3.58887e-01  1.00000e+00 -5.56189e-20  0.00000e+00  0.00000e+00  1.00000e+00
  149 -3.57910e-01  1.00000e+00 -9.22505e-20  0.00000e+00  0.00000e+00  1.00000e+00
  150 -3.56934e-01  1.00000e+00  8.09711e-17  0.00000e+00  0.00000e+00  1.00000e+00
  151 -3.55957e-01  1.00000e+00  1.64825e-19  0.00000e+00  0.00000e+00  1.00000e+00
  152 -3.54980e-01  1.00000e+00 -2.44507e-20  0.00000e+00  0.00000e+00  1.00000e+00
  153 -3.54004e-01  1.00000e+00 -5.31611e-20  0.00000e+00  0.00000e+00  1.00000e+00
  154 -3.53027e-01  1.00000e+00 -2.45869e-20  0.00000e+00  0.00000e+00  1.00000e+00
  155 -3.52051e-01  1.00000e+00 -1.88887e-20  0.00000e+00  0.00000e+00  1.00000e+00
  156 -3.51074e-01  1.00000e+00 -6.84805e-21  0.00000e+00  0.00000e+00  1.00000e+00
  157 -3.50098e-01  1.00000e+00  8.36270e-20  0.00000e+00  0.00000e+00  1.00000e+00
  158 -3.49121e-01  1.00000e+00 -3.17846e-20  0.00000e+00  0.00000e+00  1.00000e+00
  159 -3.48145e-01  1.00000e+00 -1.27291e-19  0.00000e+00  0.00000e+00  1.00000e+00
  160 -3.47168e-01  1.00000e+00 -1.06138e-19  0.00000e+00  0.00000e+00  1.00000e+00
  161 -3.46191e-01  1.00000e+00  1.21190e-19  0.00000e+00  0.00000e+00  1.00000e+00
  162 -3.45215e-01  1.00000e+00  1.72590e-19  0.00000e+00  0.00000e+00  1.00000e+00
  163 -3.44238e-01  1.00000e+00 -5.40161e-20  0.00000e+00  0.00000e+00  1.00000e+00
  164 -3.43262e-01  1.00000e+00 -1.00419e-19  0.00000e+00  0.00000e+00  1.00000e+00
  165 -3.42285e-01  1.00000e+00 -1.28943e-21  0.00000e+00  0.00000e+00  1.00000e+00
  166 -3.41309e-01  1.00000e+00  2.22219e-20  0.00000e+00  0.00000e+00  1.00000e+00
  167 -3.40332e-01  1.00000e+00  2.49407e-20  0.00000e+00  0.00000e+00  1.00000e+00
  168 -3.39355e-01  1.00000e+00  7.02785e-21  0.00000e+00  0.00000e+00  1.00000e+00
  169 -3.38379e-01  1.00000e+00 -8.61414e-20  0.00000e+00  0.00000e+00  1.00000e+00
  170 -3.37402e-01  1.00000e+00 -8.13208e-20  0.00000e+00  0.00000e+00  1.00000e+00
  171 -3.36426e-01  1.00000e+00  8.08967e-17  0.00000e+00  0.00000e+00  1.00000e+00
  172 -3.35449e-01  1.00000e+00  1.90921e-19  0.00000e+00  0.00000e+00  1.00000e+00
  173 -3.34473e-01  1.00000e+00  7.64326e-20  0.00000e+00  0.00000e+00  1.00000e+00
  174 -3.33496e-01  1.00000e+00 -6.28392e-20  0.00000e+00  0.00000e+00  1.00000e+00
  175 -3.32520e-01  1.00000e+00  8.08618e-17  0.00000e+00  0.00000e+00  1.00000e+00
  176 -3.31543e-01  1.00000e+00  1.36257e-19  0.00000e+00  0.00000e+00  1.00000e+00
  177 -3.30566e-01  1.00000e+00 -9.20233e-22  0.00000e+00  0.00000e+00  1.00000e+00
  178 -3.29590e-01  1.00000e+00  6.26048e-21  0.00000e+00  0.00000e+00  1.00000e+00
  179 -3.28613e-01  1.00000e+00 -2.38529e-20  0.00000e+00  0.00000e+00  1.00000e+00
  180 -3.27637e-01  1.00000e+00 -1.28978e-19  0.00000e+00  0.00000e+00  1.00000e+00
  181 -3.26660e-01  1.00000e+00 -6.91330e-20  0.00000e+00  0.00000e+00  1.00000e+00
  182 -3.25684e-01  1.00000e+00  7.17280e-20  0.00000e+00  0.00000e+00  1.00000e+00
  183 -3.24707e-01  1.00000e+00  1.04386e-19  0.00000e+00  0.00000e+00  1.00000e+00
  184 -3.23730e-01  1.00000e+00 -6.02868e-20  0.00000e+00  0.00000e+00  1.00000e+00
  185 -3.22754e-01  1.00000e+00 -1.39862e-19  0.00000e+00  0.00000e+00  1.00000e+00
  186 -3.21777e-01  1.00000e+00  8.09647e-17  0.00000e+00  0.00000e+00  1.00000e+00
  187 -3.20801e-01  1.00000e+00  1.97943e-19  0.00000e+00  0.00000e+00  1.00000e+00
  188 -3.19824e-01  1.00000e+00 -2.72599e-20  0.00000e+00  0.00000e+00  1.00000e+00
  189 -3.18848e-01  1.00000e+00 -4.24697e-20  0.00000e+00  0.00000e+00  1.00000e+00
  190 -3.17871e-01  1.00000e+00  2.62947e-21  0.00000e+00  0.00000e+00  1.00000e+00
  191 -3.16895e-01  1.00000e+00 -2.70867e-20  0.00000e+00  0.00000e+00  1.00000e+00
  192 -3.15918e-01  1.00000e+00 -2.56647e-20  0.00000e+00  0.00000e+00  1.00000e+00
  193 -3.14941e-01  1.00000e+00  8.17803e-20  0.00000e+00  0.00000e+00  1.00000e+00
  194 -3.13965e-01  1.00000e+00  2.64099e-20  0.00000e+00  0.00000e+00  1.00000e+00
  195 -3.12988e-01  1.00000e+00 -1.77266e-19  0.00000e+00  0.00000e+00  1.00000e+00
  196 -3.12012e-01  1.00000e+00  8.07188e-17  0.00000e+00  0.00000e+00  1.00000e+00
  197 -3.11035e-01  1.00000e+00  2.33919e-19  0.00000e+00  0.00000e+00  1.00000e+00
  198 -3.10059e-01  1.00000e+00  1.95902e-19  0.00000e+00  0.00000e+00  1.00000e+00
  199 -3.09082e-01  1.00000e+00 -1.27197e-19  0.00000e+00  0.00000e+00  1.00000e+00
  200 -3.08105e-01  1.00000e+00 -6.11251e-20  0.00000e+00  0.00000e+00  1.00000e+00
  201 -3.07129e-01  1.00000e+00  5.21299e-20  0.00000e+00  0.00000e+00  1.00000e+00
  202 -3.06152e-01  1.00000e+00  5.63884e-21  0.00000e+00  0.00000e+00  1.00000e+00
  203 -3.05176e-01  1.00000e+00  1.83181e-20  0.00000e+00  0.00000e+00  1.00000e+00
  204 -3.04199e-01  1.00000e+00  3.64642e-20  0.00000e+00  0.00000e+00  1.00000e+00
  205 -3.03223e-01  1.00000e+00 -8.33311e-20  0.00000e+00  0.00000e+00  1.00000e+00
  206 -3.02246e-01  1.00000e+00 -1.83504e-19  0.00000e+00  0.00000e+00  1.00000e+00
  207 -3.01270e-01  1.00000e+00 -6.40685e-20  0.00000e+00  0.00000e+00  1.00000e+00
  208 -3.00293e-01  1.00000e+00  2.29466e-19  0.00000e+00  0.00000e+00  1.00000e+00
  209 -2.99316e-01  1.00000e+00  8.10049e-17  0.00000e+00  0.00000e+00  1.00000e+00
  210 -2.98340e-01  1.00000e+00  8.09060e-16  0.00000e+00  0.00000e+00  1.00000e+00
  211 -2.97363e-01  1.00000e+00  9.67032e-15  0.00000e+00  0.00000e+00  1.00000e+00
  212 -2.96387e-01  1.00000e+00  1.06496e-13  0.00000e+00  0.00000e+00  1.00000e+00
  213 -2.95410e-01  1.00000e+00  1.13500e-12  0.00000e+00  0.00000e+00  1.00000e+00
  214 -2.94434e-01  1.00000e+00  1.20620e-11  0.00000e+00  0.00000e+00  1.00000e+00
  215 -2.93457e-01  1.00000e+00  1.28111e-10  0.00000e+00  0.00000e+00  1.00000e+00
  216 -2.92480e-01  1.00000e+00  1.36003e-09  0.00000e+00  0.00000e+00  1.00000e+00
  217 -2.91504e-01  1.00000e+00  1.44400e-08  0.00000e+00  0.00000e+00  1.00000e+00
  218 -2.90527e-01  1.00000e+00  1.53324e-07  0.00000e+00  0.00000e+00  1.00000e+00
  219 -2.89551e-01  9.99999e-01  1.62079e-06  0.00000e+00  0.00000e+00  9.99998e-01
  220 -2.88574e-01  9.99986e-01  1.69291e-05  0.00000e+00  0.00000e+00  9.99980e-01
  221 -2.87598e-01  9.99877e-01  1.45932e-04  0.00000e+00  0.00000e+00  9.99827e-01
  222 -2.86621e-01  9.99454e-01  6.45962e-04  0.00000e+00  0.00000e+00  9.99236e-01
  223 -2.85645e-01  9.98536e-01  1.73350e-03  0.00000e+00  0.00000e+00  9.97951e-01
  224 -2.84668e-01  9.97084e-01  3.45499e-03  0.00000e+00  0.00000e+00  9.95920e-01
  225 -2.83691e-01  9.95185e-01  5.70816e-03  0.00000e+00  0.00000e+00  9.93266e-01
  226 -2.82715e-01  9.92975e-01  8.33663e-03  0.00000e+00  0.00000e+00  9.90179e-01
  227 -2.81738e-01  9.90568e-01  1.12031e-02  0.00000e+00  0.00000e+00  9.86821e-01
  228 -2.80762e-01  9.88046e-01  1.42136e-02  0.00000e+00  0.00000e+00  9.83304e-01
  229 -2.79785e-01  9.85454e-01  1.73126e-02  0.00000e+00  0.00000e+00  9.79696e-01
  230 -2.78809e-01  9.82821e-01  2.04689e-02  0.00000e+00  0.00000e+00  9.76032e-01
  231 -2.77832e-01  9.80159e-01  2.36653e-02  0.00000e+00  0.00000e+00  9.72334e-01
  232 -2.76855e-01  9.77479e-01  2.68915e-02  0.00000e+00  0.00000e+00  9.68614e-01
  233 -2.75879e-01  9.74786e-01  3.01408e-02  0.00000e+00  0.00000e+00  9.64879e-01
  234 -2.74902e-01  9.72083e-01  3.34084e-02  0.00000e+00  0.00000e+00  9.61136e-01
  235 -2.73926e-01  9.69374e-01  3.66909e-02  0.00000e+00  0.00000e+00  9.57388e-01
  236 -2.72949e-01  9.66661e-01  3.99857e-02  0.00000e+00  0.00000e+00  9.53638e-01
  237 -2.71973e-01  9.63945e-01  4.32907e-02  0.00000e+00  0.00000e+00  9.49890e-01
  238 -2.70996e-01  9.61229e-01  4.66044e-02  0.00000e+00  0.00000e+00  9.46145e-01
  239 -2.70020e-01  9.58512e-01  4.99255e-02  0.00000e+00  0.00000e+00  9.42404e-01
  240 -2.69043e-01  9.55797e-01  5.32531e-02  0.00000e+00  0.00000e+00  9.38668e-01
  241 -2.68066e-01  9.53083e-01  5.65862e-02  0.00000e+00  0.00000e+00  9.34939e-01
  242 -2.67090e-01  9.50371e-01  5.99243e-02  0.00000e+00  0.00000e+00  9.31217e-01
  243 -2.66113e-01  9.47662e-01  6.32667e-02  0.00000e+00  0.00000e+00  9.27503e-01
  244 -2.65137e-01  9.44956e-01  6.66130e-02  0.00000e+00  0.00000e+00  9.23797e-01
  245 -2.64160e-01  9.42254e-01  6.99627e-02  0.00000e+00  0.00000e+00  9.20100e-01
  246 -2.63184e-01  9.39555e-01  7.33156e-02  0.00000e+00  0.00000e+00  9.16413e-01
  247 -2.62207e-01  9.36860e-01  7.66713e-02  0.00000e+00  0.00000e+00  9.12735e-01
  248 -2.61230e-01  9.34169e-01  8.00295e-02  0.00000e+00  0.00000e+00  9.09067e-01
  249 -2.60254e-01  9.31483e-01  8.33901e-02  0.00000e+00  0.00000e+00  9.05409e-01
  250 -2.59277e-01  9.28800e-01  8.67528e-02  0.00000e+00  0.00000e+00  9.01761e-01
  251 -2.58301e-01  9.26123e-01  9.01175e-02  0.00000e+00  0.00000e+00  8.98124e-01
  252 -2.57324e-01  9.23450e-01  9.34839e-02  0.00000e+00  0.00000e+00  8.94498e-01
  253 -2.56348e-01  9.20783e-01  9.68520e-02  0.00000e+00  0.00000e+00  8.90882e-01
  254 -2.55371e-01  9.18120e-01  1.00222e-01  0.00000e+00  0.00000e+00  8.87277e-01
  255 -2.54395e-01  9.15462e-01  1.03593e-01  0.00000e+00  0.00000e+00  8.83683e-01
  256 -2.53418e-01  9.12809e-01  1.06965e-01  0.00000e+00  0.00000e+00  8.80101e-01
  257 -2.52441e-01  9.10162e-01  1.10339e-01  0.00000e+00  0.00000e+00  8.76529e-01
  258 -2.51465e-01  9.07520e-01  1.13713e-01  0.00000e+00  0.00000e+00  8.72969e-01
  259 -2.50488e-01  9.04883e-01  1.17089e-01  0.00000e+00  0.00000e+00  8.69420e-01
  260 -2.49512e-01  9.02251e-01  1.20466e-01  0.00000e+00  0.00000e+00  8.65882e-01
  261 -2.48535e-01  8.99625e-01  1.23844e-01  0.00000e+00  0.00000e+00  8.62356e-01
  262 -2.47559e-01  8.97005e-01  1.27222e-01  0.00000e+00  0.00000e+00  8.58841e-01
  263 -2.46582e-01  8.94389e-01  1.30602e-01  0.00000e+00  0.00000e+00  8.55337e-01
  264 -2.45605e-01  8.91780e-01  1.33982e-01  0.00000e+00  0.00000e+00  8.51845e-01
  265 -2.44629e-01  8.89176e-01  1.37363e-01  0.00000e+00  0.00000e+00  8.48365e-01
  266 -2.43652e-01  8.86577e-01  1.40744e-01  0.00000e+00  0.00000e+00  8.44896e-01
  267 -2.42676e-01  8.83984e-01  1.44127e-01  0.00000e+00  0.00000e+00  8.41438e-01
  268 -2.41699e-01  8.81397e-01  1.47510e-01  0.00000e+00  0.00000e+00  8.37992e-01
  269 -2.40723e-01  8.78815e-01  1.50893e-01  0.00000e+00  0.00000e+00  8.34558e-01
  270 -2.39746e-01  8.76239e-01  1.54277e-01  0.00000e+00  0.00000e+00  8.31135e-01
  271 -2.38770e-01  8.73668e-01  1.57661e-01  0.00000e+00  0.00000e+00  8.27723e-01
  272 -2.37793e-01  8.71103e-01  1.61046e-01  0.00000e+00  0.00000e+00  8.24323e-01
  273 -2.36816e-01  8.68544e-01  1.64432e-01  0.00000e+00  0.00000e+00  8.20935e-01
  274 -2.35840e-01  8.65991e-01  1.67818e-01  0.00000e+00  0.00000e+00  8.17558e-01
  275 -2.34863e-01  8.63443e-01  1.71204e-01  0.00000e+00  0.00000e+00  8.14193e-01
  276 -2.33887e-01  8.60901e-01  1.74591e-01  0.00000e+00  0.00000e+00  8.10839e-01
  277 -2.32910e-01  8.58365e-01  1.77978e-01  0.00000e+00  0.00000e+00  8.07496e-01
  278 -2.31934e-01  8.55834e-01  1.81365e-01  0.00000e+00  0.00000e+00  8.04166e-01
  279 -2.30957e-01  8.53309e-01  1.84753e-01  0.00000e+00  0.00000e+00  8.00846e-01
  280 -2.29980e-01  8.50790e-01  1.88141e-01  0.00000e+00  0.00000e+00  7.97538e-01
  281 -2.29004e-01  8.48277e-01  1.91529e-01  0.00000e+00  0.00000e+00  7.94241e-01
  282 -2.28027e-01  8.45769e-01  1.94918e-01  0.00000e+00  0.00000e+00  7.90956e-01
  283 -2.27051e-01  8.43267e-01  1.98307e-01  0.00000e+00  0.00000e+00  7.87682e-01
  284 -2.26074e-01  8.40771e-01  2.01696e-01  0.00000e+00  0.00000e+00  7.84420e-01
  285 -2.25098e-01  8.38280e-01  2.05085e-01  0.00000e+00  0.00000e+00  7.81169e-01
  286 -2.24121e-01  8.35795e-01  2.08475e-01  0.00000e+00  0.00000e+00  7.77929e-01
  287 -2.23145e-01  8.33316e-01  2.11865e-01  0.00000e+00  0.00000e+00  7.74701e-01
  288 -2.22168e-01  8.30843e-01  2.15255e-01  0.00000e+00  0.00000e+00  7.71484e-01
  289 -2.21191e-01  8.28376e-01  2.18645e-01  0.00000e+00  0.00000e+00  7.68278e-01
  290 -2.20215e-01  8.25914e-01  2.22035e-01  0.00000e+00  0.00000e+00  7.65083e-01
  291 -2.19238e-01  8.23458e-01  2.25426e-01  0.00000e+00  0.00000e+00  7.61900e-01
  292 -2.18262e-01  8.21007e-01  2.28817e-01  0.00000e+00  0.00000e+00  7.58728e-01
  293 -2.17285e-01  8.18563e-01  2.32208e-01  0.00000e+00  0.00000e+00  7.55567e-01
  294 -2.16309e-01  8.16124e-01  2.35599e-01  0.00000e+00  0.00000e+00  7.52417e-01
  295 -2.15332e-01  8.13691e-01  2.38990e-01  0.00000e+00  0.00000e+00  7.49278e-01
  296 -2.14355e-01  8.11263e-01  2.42381e-01  0.00000e+00  0.00000e+00  7.46151e-01
  297 -2.13379e-01  8.08841e-01  2.45773e-01  0.00000e+00  0.00000e+00  7.43034e-01
  298 -2.12402e-01  8.06425e-01  2.49164e-01  0.00000e+00  0.00000e+00  7.39929e-01
  299 -2.11426e-01  8.04015e-01  2.52556e-01  0.00000e+00  0.00000e+00  7.36835e-01
  300 -2.10449e-01  8.01610e-01  2.55948e-01  0.00000e+00  0.00000e+00  7.33751e-01
  301 -2.09473e-01  7.99212e-01  2.59339e-01  0.00000e+00  0.00000e+00  7.30679e-01
  302 -2.08496e-01  7.96818e-01  2.62731e-01  0.00000e+00  0.00000e+00  7.27617e-01
  303 -2.07520e-01  7.94431e-01  2.66123e-01  0.00000e+00  0.00000e+00  7.24567e-01
  304 -2.06543e-01  7.92049e-01  2.69515e-01  0.00000e+00  0.00000e+00  7.21527e-01
  305 -2.05566e-01  7.89673e-01  2.72907e-01  0.00000e+00  0.00000e+00  7.18499e-01
  306 -2.04590e-01  7.87302e-01  2.76300e-01  0.00000e+00  0.00000e+00  7.15481e-01
  307 -2.03613e-01  7.84937e-01  2.79692e-01  0.00000e+00  0.00000e+00  7.12474e-01
  308 -2.02637e-01  7.82578e-01  2.83084e-01  0.00000e+00  0.00000e+00  7.09478e-01
  309 -2.01660e-01  7.80224e-01  2.86476e-01  0.00000e+00  0.00000e+00  7.06492e-01
  310 -2.00684e-01  7.77877e-01  2.89869e-01  0.00000e+00  0.00000e+00  7.03518e-01
  311 -1.99707e-01  7.75534e-01  2.93261e-01  0.00000e+00  0.00000e+00  7.00554e-01
  312 -1.98730e-01  7.73198e-01  2.96653e-01  0.00000e+00  0.00000e+00  6.97601e-01
  313 -1.97754e-01  7.70867e-01  3.00046e-01  0.00000e+00  0.00000e+00  6.94658e-01
  314 -1.96777e-01  7.68541e-01  3.03438e-01  0.00000e+00  0.00000e+00  6.91726e-01
  315 -1.95801e-01  7.66221e-01  3.06830e-01  0.00000e+00  0.00000e+00  6.88805e-01
  316 -1.94824e-01  7.63907e-01  3.10223e-01  0.00000e+00  0.00000e+00  6.85894e-01
  317 -1.93848e-01  7.61599e-01  3.13615e-01  0.00000e+00  0.00000e+00  6.82994e-01
  318 -1.92871e-01  7.59296e-01  3.17008e-01  0.00000e+00  0.00000e+00  6.80104e-01
  319 -1.91895e-01  7.56998e-01  3.20400e-01  0.00000e+00  0.00000e+00  6.77225e-01
  320 -1.90918e-01  7.54707e-01  3.23792e-01  0.00000e+00  0.00000e+00  6.74356e-01
  321 -1.89941e-01  7.52420e-01  3.27184e-01  0.00000e+00  0.00000e+00  6.71498e-01
  322 -1.88965e-01  7.50140e-01  3.30577e-01  0.00000e+00  0.00000e+00  6.68650e-01
  323 -1.87988e-01  7.47865e-01  3.33969e-01  0.00000e+00  0.00000e+00  6.65813e-01
  324 -1.87012e-01  7.45595e-01  3.37361e-01  0.00000e+00  0.00000e+00  6.62986e-01
  325 -1.86035e-01  7.43331e-01  3.40753e-01  0.00000e+00  0.00000e+00  6.60169e-01
  326 -1.85059e-01  7.41072e-01  3.44145e-01  0.00000e+00  0.00000e+00  6.57363e-01
  327 -1.84082e-01  7.38820e-01  3.47537e-01  0.00000e+00  0.00000e+00  6.54567e-01
  328 -1.83105e-01  7.36572e-01  3.50929e-01  0.00000e+00  0.00000e+00  6.51781e-01
  329 -1.82129e-01  7.34330e-01  3.54321e-01  0.00000e+00  0.00000e+00  6.49005e-01
  330 -1.81152e-01  7.32094e-01  3.57713e-01  0.00000e+00  0.00000e+00  6.46239e-01
  331 -1.80176e-01  7.29863e-01  3.61105e-01  0.00000e+00  0.00000e+00  6.43484e-01
  332 -1.79199e-01  7.27637e-01  3.64496e-01  0.00000e+00  0.00000e+00  6.40739e-01
  333 -1.78223e-01  7.25418e-01  3.67888e-01  0.00000e+00  0.00000e+00  6.38004e-01
  334 -1.77246e-01  7.23203e-01  3.71279e-01  0.00000e+00  0.00000e+00  6.35279e-01
  335 -1.76270e-01  7.20994e-01  3.74671e-01  0.00000e+00  0.00000e+00  6.32564e-01
  336 -1.75293e-01  7.18791e-01  3.78062e-01  0.00000e+00  0.00000e+00  6.29859e-01
  337 -1.74316e-01  7.16593e-01  3.81453e-01  0.00000e+00  0.00000e+00  6.27164e-01
  338 -1.73340e-01  7.14400e-01  3.84844e-01  0.00000e+00  0.00000e+00  6.24479e-01
  339 -1.72363e-01  7.12213e-01  3.88235e-01  0.00000e+00  0.00000e+00  6.21804e-01
  340 -1.71387e-01  7.10031e-01  3.91626e-01  0.00000e+00  0.00000e+00  6.19139e-01
  341 -1.70410e-01  7.07855e-01  3.95017e-01  0.00000e+00  0.00000e+00  6.16484e-01
  342 -1.69434e-01  7.05684e-01  3.98407e-01  0.00000e+00  0.00000e+00  6.13839e-01
  343 -1.68457e-01  7.03518e-01  4.01798e-01  0.00000e+00  0.00000e+00  6.11203e-01
  344 -1.67480e-01  7.01358e-01  4.05188e-01  0.00000e+00  0.00000e+00  6.08578e-01
  345 -1.66504e-01  6.99204e-01  4.08578e-01  0.00000e+00  0.00000e+00  6.05962e-01
  346 -1.65527e-01  6.97054e-01  4.11969e-01  0.00000e+00  0.00000e+00  6.03356e-01
  347 -1.64551e-01  6.94911e-01  4.15359e-01  0.00000e+00  0.00000e+00  6.00759e-01
  348 -1.63574e-01  6.92772e-01  4.18748e-01  0.00000e+00  0.00000e+00  5.98173e-01
  349 -1.62598e-01  6.90639e-01  4.22138e-01  0.00000e+00  0.00000e+00  5.95596e-01
  350 -1.61621e-01  6.88511e-01  4.25527e-01  0.00000e+00  0.00000e+00  5.93028e-01
  351 -1.60645e-01  6.86389e-01  4.28917e-01  0.00000e+00  0.00000e+00  5.90470e-01
  352 -1.59668e-01  6.84271e-01  4.32306e-01  0.00000e+00  0.00000e+00  5.87922e-01
  353 -1.58691e-01  6.82160e-01  4.35695e-01  0.00000e+00  0.00000e+00  5.85384e-01
  354 -1.57715e-01  6.80053e-01  4.39084e-01  0.00000e+00  0.00000e+00  5.82854e-01
  355 -1.56738e-01  6.77952e-01  4.42472e-01  0.00000e+00  0.00000e+00  5.80335e-01
  356 -1.55762e-01  6.75856e-01  4.45861e-01  0.00000e+00  0.00000e+00  5.77825e-01
  357 -1.54785e-01  6.73766e-01  4.49249e-01  0.00000e+00  0.00000e+00  5.75324e-01
  358 -1.53809e-01  6.71681e-01  4.52637e-01  0.00000e+00  0.00000e+00  5.72833e-01
  359 -1.52832e-01  6.69601e-01  4.56025e-01  0.00000e+00  0.00000e+00  5.70351e-01
  360 -1.51855e-01  6.67526e-01  4.59412e-01  0.00000e+00  0.00000e+00  5.67879e-01
  361 -1.50879e-01  6.65457e-01  4.62800e-01  0.00000e+00  0.00000e+00  5.65416e-01
  362 -1.49902e-01  6.63393e-01  4.66187e-01  0.00000e+00  0.00000e+00  5.62962e-01
  363 -1.48926e-01  6.61334e-01  4.69574e-01  0.00000e+00  0.00000e+00  5.60517e-01
  364 -1.47949e-01  6.59280e-01  4.72961e-01  0.00000e+00  0.00000e+00  5.58082e-01
  365 -1.46973e-01  6.57232e-01  4.76347e-01  0.00000e+00  0.00000e+00  5.55656e-01
  366 -1.45996e-01  6.55189e-01  4.79733e-01  0.00000e+00  0.00000e+00  5.53239e-01
  367 -1.45020e-01  6.53151e-01  4.83119e-01  0.00000e+00  0.00000e+00  5.50832e-01
  368 -1.44043e-01  6.51118e-01  4.86505e-01  0.00000e+00  0.00000e+00  5.48433e-01
  369 -1.43066e-01  6.49091e-01  4.89890e-01  0.00000e+00  0.00000e+00  5.46044e-01
  370 -1.42090e-01  6.47069e-01  4.93275e-01  0.00000e+00  0.00000e+00  5.43664e-01
  371 -1.41113e-01  6.45052e-01  4.96660e-01  0.00000e+00  0.00000e+00  5.41293e-01
  372 -1.40137e-01  6.43040e-01  5.00045e-01  0.00000e+00  0.00000e+00  5.38931e-01
  373 -1.39160e-01  6.41034e-01  5.03429e-01  0.00000e+00  0.00000e+00  5.36578e-01
  374 -1.38184e-01  6.39032e-01  5.06813e-01  0.00000e+00  0.00000e+00  5.34234e-01
  375 -1.37207e-01  6.37036e-01  5.10197e-01  0.00000e+00  0.00000e+00  5.31899e-01
  376 -1.36230e-01  6.35045e-01  5.13580e-01  0.00000e+00  0.00000e+00  5.29574e-01
  377 -1.35254e-01  6.33059e-01  5.16963e-01  0.00000e+00  0.00000e+00  5.27257e-01
  378 -1.34277e-01  6.31078e-01  5.20346e-01  0.00000e+00  0.00000e+00  5.24948e-01
  379 -1.33301e-01  6.29103e-01  5.23729e-01  0.00000e+00  0.00000e+00  5.22649e-01
  380 -1.32324e-01  6.27133e-01  5.27111e-01  0.00000e+00  0.00000e+00  5.20359e-01
  381 -1.31348e-01  6.25167e-01  5.30492e-01  0.00000e+00  0.00000e+00  5.18078e-01
  382 -1.30371e-01  6.23207e-01  5.33874e-01  0.00000e+00  0.00000e+00  5.15805e-01
  383 -1.29395e-01  6.21252e-01  5.37255e-01  0.00000e+00  0.00000e+00  5.13541e-01
  384 -1.28418e-01  6.19303e-01  5.40635e-01  0.00000e+00  0.00000e+00  5.11286e-01
  385 -1.27441e-01  6.17358e-01  5.44015e-01  0.00000e+00  0.00000e+00  5.09040e-01
  386 -1.26465e-01  6.15418e-01  5.47395e-01  0.00000e+00  0.00000e+00  5.06802e-01
  387 -1.25488e-01  6.13484e-01  5.50774e-01  0.00000e+00  0.00000e+00  5.04573e-01
  388 -1.24512e-01  6.11555e-01  5.54153e-01  0.00000e+00  0.00000e+00  5.02353e-01
  389 -1.23535e-01  6.09630e-01  5.57532e-01  0.00000e+00  0.00000e+00  5.00142e-01
  390 -1.22559e-01  6.07711e-01  5.60910e-01  0.00000e+00  0.00000e+00  4.97939e-01
  391 -1.21582e-01  6.05797e-01  5.64287e-01  0.00000e+00  0.00000e+00  4.95745e-01
  392 -1.20605e-01  6.03888e-01  5.67664e-01  0.00000e+00  0.00000e+00  4.93559e-01
  393 -1.19629e-01  6.01984e-01  5.71041e-01  0.00000e+00  0.00000e+00  4.91382e-01
  394 -1.18652e-01  6.00086e-01  5.74417e-01  0.00000e+00  0.00000e+00  4.89214e-01
  395 -1.17676e-01  5.98192e-01  5.77792e-01  0.00000e+00  0.00000e+00  4.87054e-01
  396 -1.16699e-01  5.96304e-01  5.81167e-01  0.00000e+00  0.00000e+00  4.84902e-01
  397 -1.15723e-01  5.94420e-01  5.84542e-01  0.00000e+00  0.00000e+00  4.82759e-01
  398 -1.14746e-01  5.92542e-01  5.87916e-01  0.00000e+00  0.00000e+00  4.80625e-01
  399 -1.13770e-01  5.90668e-01  5.91289e-01  0.00000e+00  0.00000e+00  4.78499e-01
  400 -1.12793e-01  5.88800e-01  5.94662e-01  0.00000e+00  0.00000e+00  4.76381e-01
  401 -1.11816e-01  5.86937e-01  5.98034e-01  0.00000e+00  0.00000e+00  4.74272e-01
  402 -1.10840e-01  5.85079e-01  6.01406e-01  0.00000e+00  0.00000e+00  4.72171e-01
  403 -1.09863e-01  5.83225e-01  6.04777e-01  0.00000e+00  0.00000e+00  4.70079e-01
  404 -1.08887e-01  5.81377e-01  6.08147e-01  0.00000e+00  0.00000e+00  4.67995e-01
  405 -1.07910e-01  5.79534e-01  6.11517e-01  0.00000e+00  0.00000e+00  4.65919e-01
  406 -1.06934e-01  5.77696e-01  6.14885e-01  0.00000e+00  0.00000e+00  4.63852e-01
  407 -1.05957e-01  5.75863e-01  6.18254e-01  0.00000e+00  0.00000e+00  4.61793e-01
  408 -1.04980e-01  5.74036e-01  6.21621e-01  0.00000e+00  0.00000e+00  4.59742e-01
  409 -1.04004e-01  5.72213e-01  6.24988e-01  0.00000e+00  0.00000e+00  4.57700e-01
  410 -1.03027e-01  5.70395e-01  6.28354e-01  0.00000e+00  0.00000e+00  4.55665e-01
  411 -1.02051e-01  5.68582e-01  6.31719e-01  0.00000e+00  0.00000e+00  4.53639e-01
  412 -1.01074e-01  5.66775e-01  6.35083e-01  0.00000e+00  0.00000e+00  4.51621e-01
  413 -1.00098e-01  5.64972e-01  6.38447e-01  0.00000e+00  0.00000e+00  4.49612e-01
  414 -9.91211e-02  5.63174e-01  6.41810e-01  0.00000e+00  0.00000e+00  4.47610e-01
  415 -9.81445e-02  5.61382e-01  6.45172e-01  0.00000e+00  0.00000e+00  4.45617e-01
  416 -9.71680e-02  5.59594e-01  6.48533e-01  0.00000e+00  0.00000e+00  4.43631e-01
  417 -9.61914e-02  5.57812e-01  6.51893e-01  0.00000e+00  0.00000e+00  4.41654e-01
  418 -9.52148e-02  5.56034e-01  6.55252e-01  0.00000e+00  0.00000e+00  4.39685e-01
  419 -9.42383e-02  5.54262e-01  6.58610e-01  0.00000e+00  0.00000e+00  4.37724e-01
  420 -9.32617e-02  5.52494e-01  6.61967e-01  0.00000e+00  0.00000e+00  4.35772e-01
  421 -9.22852e-02  5.50732e-01  6.65324e-01  0.00000e+00  0.00000e+00  4.33827e-01
  422 -9.13086e-02  5.48975e-01  6.68679e-01  0.00000e+00  0.00000e+00  4.31890e-01
  423 -9.03320e-02  5.47222e-01  6.72033e-01  0.00000e+00  0.00000e+00  4.29961e-01
  424 -8.93555e-02  5.45475e-01  6.75386e-01  0.00000e+00  0.00000e+00  4.28041e-01
  425 -8.83789e-02  5.43733e-01  6.78738e-01  0.00000e+00  0.00000e+00  4.26128e-01
  426 -8.74023e-02  5.41996e-01  6.82089e-01  0.00000e+00  0.00000e+00  4.24223e-01
  427 -8.64258e-02  5.40264e-01  6.85439e-01  0.00000e+00  0.00000e+00  4.22326e-01
  428 -8.54492e-02  5.38537e-01  6.88787e-01  0.00000e+00  0.00000e+00  4.20437e-01
  429 -8.44727e-02  5.36814e-01  6.92135e-01  0.00000e+00  0.00000e+00  4.18556e-01
  430 -8.34961e-02  5.35097e-01  6.95481e-01  0.00000e+00  0.00000e+00  4.16683e-01
  431 -8.25195e-02  5.33385e-01  6.98826e-01  0.00000e+00  0.00000e+00  4.14818e-01
  432 -8.15430e-02  5.31678e-01  7.02169e-01  0.00000e+00  0.00000e+00  4.12961e-01
  433 -8.05664e-02  5.29976e-01  7.05512e-01  0.00000e+00  0.00000e+00  4.11111e-01
  434 -7.95898e-02  5.28280e-01  7.08853e-01  0.00000e+00  0.00000e+00  4.09269e-01
  435 -7.86133e-02  5.26588e-01  7.12192e-01  0.00000e+00  0.00000e+00  4.07435e-01
  436 -7.76367e-02  5.24901e-01  7.15531e-01  0.00000e+00  0.00000e+00  4.05609e-01
  437 -7.66602e-02  5.23219e-01  7.18868e-01  0.00000e+00  0.00000e+00  4.03791e-01
  438 -7.56836e-02  5.21542e-01  7.22203e-01  0.00000e+00  0.00000e+00  4.01980e-01
  439 -7.47070e-02  5.19870e-01  7.25538e-01  0.00000e+00  0.00000e+00  4.00177e-01
  440 -7.37305e-02  5.18203e-01  7.28871e-01  0.00000e+00  0.00000e+00  3.98382e-01
  441 -7.27539e-02  5.16541e-01  7.32202e-01  0.00000e+00  0.00000e+00  3.96595e-01
  442 -7.17773e-02  5.14884e-01  7.35532e-01  0.00000e+00  0.00000e+00  3.94815e-01
  443 -7.08008e-02  5.13232e-01  7.38861e-01  0.00000e+00  0.00000e+00  3.93042e-01
  444 -6.98242e-02  5.11585e-01  7.42188e-01  0.00000e+00  0.00000e+00  3.91277e-01
  445 -6.88477e-02  5.09943e-01  7.45514e-01  0.00000e+00  0.00000e+00  3.89520e-01
  446 -6.78711e-02  5.08305e-01  7.48839e-01  0.00000e+00  0.00000e+00  3.87770e-01
  447 -6.68945e-02  5.06673e-01  7.52162e-01  0.00000e+00  0.00000e+00  3.86028e-01
  448 -6.59180e-02  5.05045e-01  7.55484e-01  0.00000e+00  0.00000e+00  3.84293e-01
  449 -6.49414e-02  5.03422e-01  7.58805e-01  0.00000e+00  0.00000e+00  3.82565e-01
  450 -6.39648e-02  5.01804e-01  7.62124e-01  0.00000e+00  0.00000e+00  3.80845e-01
  451 -6.29883e-02  5.00191e-01  7.65443e-01  0.00000e+00  0.00000e+00  3.79132e-01
  452 -6.20117e-02  4.98583e-01  7.68760e-01  0.00000e+00  0.00000e+00  3.77426e-01
  453 -6.10352e-02  4.96979e-01  7.72076e-01  0.00000e+00  0.00000e+00  3.75727e-01
  454 -6.00586e-02  4.95379e-01  7.75391e-01  0.00000e+00  0.00000e+00  3.74035e-01
  455 -5.90820e-02  4.93785e-01  7.78705e-01  0.00000e+00  0.00000e+00  3.72351e-01
  456 -5.81055e-02  4.92194e-01  7.82018e-01  0.00000e+00  0.00000e+00  3.70673e-01
  457 -5.71289e-02  4.90609e-01  7.85331e-01  0.00000e+00  0.00000e+00  3.69002e-01
  458 -5.61523e-02  4.89027e-01  7.88642e-01  0.00000e+00  0.00000e+00  3.67338e-01
  459 -5.51758e-02  4.87450e-01  7.91953e-01  0.00000e+00  0.00000e+00  3.65681e-01
  460 -5.41992e-02  4.85878e-01  7.95264e-01  0.00000e+00  0.00000e+00  3.64030e-01
  461 -5.32227e-02  4.84309e-01  7.98574e-01  0.00000e+00  0.00000e+00  3.62386e-01
  462 -5.22461e-02  4.82745e-01  8.01884e-01  0.00000e+00  0.00000e+00  3.60749e-01
  463 -5.12695e-02  4.81185e-01  8.05194e-01  0.00000e+00  0.00000e+00  3.59118e-01
  464 -5.02930e-02  4.79629e-01  8.08504e-01  0.00000e+00  0.00000e+00  3.57493e-01
  465 -4.93164e-02  4.78077e-01  8.11814e-01  0.00000e+00  0.00000e+00  3.55874e-01
  466 -4.83398e-02  4.76529e-01  8.15124e-01  0.00000e+00  0.00000e+00  3.54262e-01
  467 -4.73633e-02  4.74984e-01  8.18435e-01  0.00000e+00  0.00000e+00  3.52655e-01
  468 -4.63867e-02  4.73444e-01  8.21746e-01  0.00000e+00  0.00000e+00  3.51055e-01
  469 -4.54102e-02  4.71907e-01  8.25058e-01  0.00000e+00  0.00000e+00  3.49461e-01
  470 -4.44336e-02  4.70374e-01  8.28370e-01  0.00000e+00  0.00000e+00  3.47872e-01
  471 -4.34570e-02  4.68844e-01  8.31684e-01  0.00000e+00  0.00000e+00  3.46289e-01
  472 -4.24805e-02  4.67318e-01  8.34998e-01  0.00000e+00  0.00000e+00  3.44712e-01
  473 -4.15039e-02  4.65795e-01  8.38314e-01  0.00000e+00  0.00000e+00  3.43141e-01
  474 -4.05273e-02  4.64276e-01  8.41630e-01  0.00000e+00  0.00000e+00  3.41575e-01
  475 -3.95508e-02  4.62760e-01  8.44948e-01  0.00000e+00  0.00000e+00  3.40015e-01
  476 -3.85742e-02  4.61247e-01  8.48268e-01  0.00000e+00  0.00000e+00  3.38460e-01
  477 -3.75977e-02  4.59738e-01  8.51588e-01  0.00000e+00  0.00000e+00  3.36910e-01
  478 -3.66211e-02  4.58232e-01  8.54911e-01  0.00000e+00  0.00000e+00  3.35367e-01
  479 -3.56445e-02  4.56730e-01  8.58234e-01  0.00000e+00  0.00000e+00  3.33828e-01
  480 -3.46680e-02  4.55230e-01  8.61559e-01  0.00000e+00  0.00000e+00  3.32295e-01
  481 -3.36914e-02  4.53734e-01  8.64886e-01  0.00000e+00  0.00000e+00  3.30767e-01
  482 -3.27148e-02  4.52242e-01  8.68214e-01  0.00000e+00  0.00000e+00  3.29245e-01
  483 -3.17383e-02  4.50752e-01  8.71543e-01  0.00000e+00  0.00000e+00  3.27728e-01
  484 -3.07617e-02  4.49266e-01  8.74873e-01  0.00000e+00  0.00000e+00  3.26216e-01
  485 -2.97852e-02  4.47784e-01  8.78205e-01  0.00000e+00  0.00000e+00  3.24710e-01
  486 -2.88086e-02  4.46305e-01  8.81537e-01  0.00000e+00  0.00000e+00  3.23209e-01
  487 -2.78320e-02  4.44830e-01  8.84870e-01  0.00000e+00  0.00000e+00  3.21715e-01
  488 -2.68555e-02  4.43358e-01  8.88203e-01  0.00000e+00  0.00000e+00  3.20226e-01
  489 -2.58789e-02  4.41891e-01  8.91536e-01  0.00000e+00  0.00000e+00  3.18743e-01
  490 -2.49023e-02  4.40427e-01  8.94869e-01  0.00000e+00  0.00000e+00  3.17266e-01
  491 -2.39258e-02  4.38968e-01  8.98200e-01  0.00000e+00  0.00000e+00  3.15795e-01
  492 -2.29492e-02  4.37513e-01  9.01530e-01  0.00000e+00  0.00000e+00  3.14331e-01
  493 -2.19727e-02  4.36064e-01  9.04858e-01  0.00000e+00  0.00000e+00  3.12874e-01
  494 -2.09961e-02  4.34619e-01  9.08182e-01  0.00000e+00  0.00000e+00  3.11424e-01
  495 -2.00195e-02  4.33181e-01  9.11501e-01  0.00000e+00  0.00000e+00  3.09982e-01
  496 -1.90430e-02  4.31748e-01  9.14815e-01  0.00000e+00  0.00000e+00  3.08548e-01
  497 -1.80664e-02  4.30323e-01  9.18121e-01  0.00000e+00  0.00000e+00  3.07123e-01
  498 -1.70898e-02  4.28909e-01  9.21410e-01  0.00000e+00  0.00000e+00  3.05711e-01
  499 -1.61133e-02  4.27526e-01  9.24636e-01  0.00000e+00  0.00000e+00  3.04331e-01
  500 -1.51367e-02  4.26246e-01  9.27627e-01  0.00000e+00  0.00000e+00  3.03057e-01
  501 -1.41602e-02  4.25284e-01  9.29880e-01  0.00000e+00  0.00000e+00  3.02100e-01
  502 -1.31836e-02  4.24933e-01  9.30704e-01  0.00000e+00  0.00000e+00  3.01751e-01
  503 -1.22070e-02  4.24901e-01  9.30780e-01  0.00000e+00  0.00000e+00  3.01718e-01
  504 -1.12305e-02  4.24971e-01  9.30616e-01  0.00000e+00  0.00000e+00  3.01788e-01
  505 -1.02539e-02  4.25398e-01  9.29615e-01  0.00000e+00  0.00000e+00  3.02213e-01
  506 -9.27734e-03  4.25731e-01  9.28834e-01  0.00000e+00  0.00000e+00  3.02544e-01
  507 -8.30078e-03  4.25783e-01  9.28712e-01  0.00000e+00  0.00000e+00  3.02596e-01
  508 -7.32422e-03  4.25796e-01  9.28682e-01  0.00000e+00  0.00000e+00  3.02608e-01
  509 -6.34766e-03  4.25821e-01  9.28622e-01  0.00000e+00  0.00000e+00  3.02634e-01
  510 -5.37109e-03  4.25915e-01  9.28403e-01  0.00000e+00  0.00000e+00  3.02727e-01
  511 -4.39453e-03  4.26070e-01  9.28040e-01  0.00000e+00  0.00000e+00  3.02881e-01
  512 -3.41797e-03  4.26158e-01  9.27833e-01  0.00000e+00  0.00000e+00  3.02969e-01
  513 -2.44141e-03  4.26173e-01  9.27798e-01  0.00000e+00  0.00000e+00  3.02984e-01
  514 -1.46484e-03  4.26175e-01  9.27793e-01  0.00000e+00  0.00000e+00  3.02986e-01
  515 -4.88281e-04  4.26176e-01  9.27792e-01  0.00000e+00  0.00000e+00  3.02987e-01
  516  4.88281e-04  4.26177e-01  9.27788e-01  0.00000e+00  0.00000e+00  3.02988e-01
  517  1.46484e-03  4.26188e-01  9.27762e-01  0.00000e+00  0.00000e+00  3.02999e-01
  518  2.44141e-03  4.26234e-01  9.27656e-01  0.00000e+00  0.00000e+00  3.03044e-01
  519  3.41797e-03  4.26296e-01  9.27510e-01  0.00000e+00  0.00000e+00  3.03107e-01
  520  4.39453e-03  4.26311e-01  9.27475e-01  0.00000e+00  0.00000e+00  3.03121e-01
  521  5.37109e-03  4.26311e-01  9.27475e-01  0.00000e+00  0.00000e+00  3.03121e-01
  522  6.34766e-03  4.26293e-01  9.27517e-01  0.00000e+00  0.00000e+00  3.03104e-01
  523  7.32422e-03  4.26273e-01  9.27564e-01  0.00000e+00  0.00000e+00  3.03083e-01
  524  8.30078e-03  4.26271e-01  9.27568e-01  0.00000e+00  0.00000e+00  3.03082e-01
  525  9.27734e-03  4.26281e-01  9.27545e-01  0.00000e+00  0.00000e+00  3.03092e-01
  526  1.02539e-02  4.26314e-01  9.27469e-01  0.00000e+00  0.00000e+00  3.03124e-01
  527  1.12305e-02  4.26323e-01  9.27448e-01  0.00000e+00  0.00000e+00  3.03133e-01
  528  1.22070e-02  4.26321e-01  9.27451e-01  0.00000e+00  0.00000e+00  3.03131e-01
  529  1.31836e-02  4.26298e-01  9.27505e-01  0.00000e+00  0.00000e+00  3.03109e-01
  530  1.41602e-02  4.26276e-01  9.27557e-01  0.00000e+00  0.00000e+00  3.03087e-01
  531  1.51367e-02  4.26274e-01  9.27562e-01  0.00000e+00  0.00000e+00  3.03084e-01
  532  1.61133e-02  4.26284e-01  9.27540e-01  0.00000e+00  0.00000e+00  3.03094e-01
  533  1.70898e-02  4.26318e-01  9.27460e-01  0.00000e+00  0.00000e+00  3.03128e-01
  534  1.80664e-02  4.26328e-01  9.27435e-01  0.00000e+00  0.00000e+00  3.03138e-01
  535  1.90430e-02  4.26328e-01  9.27437e-01  0.00000e+00  0.00000e+00  3.03137e-01
  536  2.00195e-02  4.26305e-01  9.27490e-01  0.00000e+00  0.00000e+00  3.03115e-01
  537  2.09961e-02  4.26279e-01  9.27550e-01  0.00000e+00  0.00000e+00  3.03089e-01
  538  2.19727e-02  4.26277e-01  9.27556e-01  0.00000e+00  0.00000e+00  3.03087e-01
  539  2.29492e-02  4.26287e-01  9.27533e-01  0.00000e+00  0.00000e+00  3.03097e-01
  540  2.39258e-02  4.26324e-01  9.27445e-01  0.00000e+00  0.00000e+00  3.03134e-01
  541  2.49023e-02  4.26335e-01  9.27419e-01  0.00000e+00  0.00000e+00  3.03145e-01
  542  2.58789e-02  4.26334e-01  9.27423e-01  0.00000e+00  0.00000e+00  3.03144e-01
  543  2.68555e-02  4.26305e-01  9.27491e-01  0.00000e+00  0.00000e+00  3.03115e-01
  544  2.78320e-02  4.26276e-01  9.27558e-01  0.00000e+00  0.00000e+00  3.03086e-01
  545  2.88086e-02  4.26274e-01  9.27564e-01  0.00000e+00  0.00000e+00  3.03084e-01
  546  2.97852e-02  4.26287e-01  9.27533e-01  0.00000e+00  0.00000e+00  3.03097e-01
  547  3.07617e-02  4.26325e-01  9.27443e-01  0.00000e+00  0.00000e+00  3.03135e-01
  548  3.17383e-02  4.26334e-01  9.27421e-01  0.00000e+00  0.00000e+00  3.03144e-01
  549  3.27148e-02  4.26331e-01  9.27429e-01  0.00000e+00  0.00000e+00  3.03141e-01
  550  3.36914e-02  4.26299e-01  9.27503e-01  0.00000e+00  0.00000e+00  3.03109e-01
  551  3.46680e-02  4.26278e-01  9.27554e-01  0.00000e+00  0.00000e+00  3.03088e-01
  552  3.56445e-02  4.26277e-01  9.27556e-01  0.00000e+00  0.00000e+00  3.03087e-01
  553  3.66211e-02  4.26296e-01  9.27512e-01  0.00000e+00  0.00000e+00  3.03106e-01
  554  3.75977e-02  4.26332e-01  9.27428e-01  0.00000e+00  0.00000e+00  3.03142e-01
  555  3.85742e-02  4.26338e-01  9.27414e-01  0.00000e+00  0.00000e+00  3.03147e-01
  556  3.95508e-02  4.26333e-01  9.27425e-01  0.00000e+00  0.00000e+00  3.03143e-01
  557  4.05273e-02  4.26300e-01  9.27502e-01  0.00000e+00  0.00000e+00  3.03110e-01
  558  4.15039e-02  4.26283e-01  9.27542e-01  0.00000e+00  0.00000e+00  3.03093e-01
  559  4.24805e-02  4.26283e-01  9.27543e-01  0.00000e+00  0.00000e+00  3.03093e-01
  560  4.34570e-02  4.26302e-01  9.27498e-01  0.00000e+00  0.00000e+00  3.03112e-01
  561  4.44336e-02  4.26337e-01  9.27415e-01  0.00000e+00  0.00000e+00  3.03147e-01
  562  4.54102e-02  4.26343e-01  9.27402e-01  0.00000e+00  0.00000e+00  3.03153e-01
  563  4.63867e-02  4.26340e-01  9.27410e-01  0.00000e+00  0.00000e+00  3.03149e-01
  564  4.73633e-02  4.26309e-01  9.27481e-01  0.00000e+00  0.00000e+00  3.03119e-01
  565  4.83398e-02  4.26287e-01  9.27534e-01  0.00000e+00  0.00000e+00  3.03096e-01
  566  4.93164e-02  4.26285e-01  9.27538e-01  0.00000e+00  0.00000e+00  3.03095e-01
  567  5.02930e-02  4.26298e-01  9.27508e-01  0.00000e+00  0.00000e+00  3.03108e-01
  568  5.12695e-02  4.26337e-01  9.27416e-01  0.00000e+00  0.00000e+00  3.03147e-01
  569  5.22461e-02  4.26348e-01  9.27391e-01  0.00000e+00  0.00000e+00  3.03157e-01
  570  5.32227e-02  4.26346e-01  9.27395e-01  0.00000e+00  0.00000e+00  3.03156e-01
  571  5.41992e-02  4.26317e-01  9.27462e-01  0.00000e+00  0.00000e+00  3.03127e-01
  572  5.51758e-02  4.26288e-01  9.27530e-01  0.00000e+00  0.00000e+00  3.03098e-01
  573  5.61523e-02  4.26286e-01  9.27536e-01  0.00000e+00  0.00000e+00  3.03095e-01
  574  5.71289e-02  4.26297e-01  9.27509e-01  0.00000e+00  0.00000e+00  3.03107e-01
  575  5.81055e-02  4.26336e-01  9.27418e-01  0.00000e+00  0.00000e+00  3.03146e-01
  576  5.90820e-02  4.26346e-01  9.27395e-01  0.00000e+00  0.00000e+00  3.03155e-01
  577  6.00586e-02  4.26343e-01  9.27402e-01  0.00000e+00  0.00000e+00  3.03153e-01
  578  6.10352e-02  4.26309e-01  9.27482e-01  0.00000e+00  0.00000e+00  3.03119e-01
  579  6.20117e-02  4.26282e-01  9.27545e-01  0.00000e+00  0.00000e+00  3.03092e-01
  580  6.29883e-02  4.26280e-01  9.27549e-01  0.00000e+00  0.00000e+00  3.03090e-01
  581  6.39648e-02  4.26297e-01  9.27510e-01  0.00000e+00  0.00000e+00  3.03107e-01
  582  6.49414e-02  4.26337e-01  9.27417e-01  0.00000e+00  0.00000e+00  3.03146e-01
  583  6.59180e-02  4.26344e-01  9.27399e-01  0.00000e+00  0.00000e+00  3.03154e-01
  584  6.68945e-02  4.26340e-01  9.27410e-01  0.00000e+00  0.00000e+00  3.03149e-01
  585  6.78711e-02  4.26304e-01  9.27494e-01  0.00000e+00  0.00000e+00  3.03114e-01
  586  6.88477e-02  4.26284e-01  9.27541e-01  0.00000e+00  0.00000e+00  3.03093e-01
  587  6.98242e-02  4.26283e-01  9.27543e-01  0.00000e+00  0.00000e+00  3.03093e-01
  588  7.08008e-02  4.26304e-01  9.27494e-01  0.00000e+00  0.00000e+00  3.03113e-01
  589  7.17773e-02  4.26343e-01  9.27402e-01  0.00000e+00  0.00000e+00  3.03153e-01
  590  7.27539e-02  4.26350e-01  9.27386e-01  0.00000e+00  0.00000e+00  3.03159e-01
  591  7.37305e-02  4.26346e-01  9.27396e-01  0.00000e+00  0.00000e+00  3.03155e-01
  592  7.47070e-02  4.26312e-01  9.27474e-01  0.00000e+00  0.00000e+00  3.03122e-01
  593  7.56836e-02  4.26289e-01  9.27530e-01  0.00000e+00  0.00000e+00  3.03098e-01
  594  7.66602e-02  4.26287e-01  9.27534e-01  0.00000e+00  0.00000e+00  3.03097e-01
  595  7.76367e-02  4.26300e-01  9.27504e-01  0.00000e+00  0.00000e+00  3.03109e-01
  596  7.86133e-02  4.26341e-01  9.27408e-01  0.00000e+00  0.00000e+00  3.03150e-01
  597  7.95898e-02  4.26353e-01  9.27380e-01  0.00000e+00  0.00000e+00  3.03162e-01
  598  8.05664e-02  4.26352e-01  9.27382e-01  0.00000e+00  0.00000e+00  3.03161e-01
  599  8.15430e-02  4.26325e-01  9.27445e-01  0.00000e+00  0.00000e+00  3.03134e-01
  600  8.25195e-02  4.26292e-01  9.27523e-01  0.00000e+00  0.00000e+00  3.03101e-01
  601  8.34961e-02  4.26288e-01  9.27533e-01  0.00000e+00  0.00000e+00  3.03097e-01
  602  8.44727e-02  4.26296e-01  9.27512e-01  0.00000e+00  0.00000e+00  3.03106e-01
  603  8.54492e-02  4.26337e-01  9.27418e-01  0.00000e+00  0.00000e+00  3.03146e-01
  604  8.64258e-02  4.26352e-01  9.27383e-01  0.00000e+00  0.00000e+00  3.03161e-01
  605  8.74023e-02  4.26351e-01  9.27385e-01  0.00000e+00  0.00000e+00  3.03160e-01
  606  8.83789e-02  4.26320e-01  9.27457e-01  0.00000e+00  0.00000e+00  3.03129e-01
  607  8.93555e-02  4.26285e-01  9.27541e-01  0.00000e+00  0.00000e+00  3.03094e-01
  608  9.03320e-02  4.26281e-01  9.27550e-01  0.00000e+00  0.00000e+00  3.03090e-01
  609  9.13086e-02  4.26292e-01  9.27523e-01  0.00000e+00  0.00000e+00  3.03101e-01
  610  9.22852e-02  4.26336e-01  9.27421e-01  0.00000e+00  0.00000e+00  3.03145e-01
  611  9.32617e-02  4.26348e-01  9.27392e-01  0.00000e+00  0.00000e+00  3.03157e-01
  612  9.42383e-02  4.26346e-01  9.27396e-01  0.00000e+00  0.00000e+00  3.03155e-01
  613  9.52148e-02  4.26314e-01  9.27473e-01  0.00000e+00  0.00000e+00  3.03123e-01
  614  9.61914e-02  4.26285e-01  9.27540e-01  0.00000e+00  0.00000e+00  3.03094e-01
  615  9.71680e-02  4.26283e-01  9.27546e-01  0.00000e+00  0.00000e+00  3.03092e-01
  616  9.81445e-02  4.26297e-01  9.27511e-01  0.00000e+00  0.00000e+00  3.03106e-01
  617  9.91211e-02  4.26342e-01  9.27406e-01  0.00000e+00  0.00000e+00  3.03151e-01
  618  1.00098e-01  4.26354e-01  9.27379e-01  0.00000e+00  0.00000e+00  3.03163e-01
  619  1.01074e-01  4.26353e-01  9.27382e-01  0.00000e+00  0.00000e+00  3.03161e-01
  620  1.02051e-01  4.26324e-01  9.27450e-01  0.00000e+00  0.00000e+00  3.03132e-01
  621  1.03027e-01  4.26291e-01  9.27527e-01  0.00000e+00  0.00000e+00  3.03100e-01
  622  1.04004e-01  4.26287e-01  9.27536e-01  0.00000e+00  0.00000e+00  3.03096e-01
  623  1.04980e-01  4.26295e-01  9.27518e-01  0.00000e+00  0.00000e+00  3.03104e-01
  624  1.05957e-01  4.26335e-01  9.27423e-01  0.00000e+00  0.00000e+00  3.03144e-01
  625  1.06934e-01  4.26356e-01  9.27374e-01  0.00000e+00  0.00000e+00  3.03165e-01
  626  1.07910e-01  4.26357e-01  9.27372e-01  0.00000e+00  0.00000e+00  3.03166e-01
  627  1.08887e-01  4.26338e-01  9.27416e-01  0.00000e+00  0.00000e+00  3.03147e-01
  628  1.09863e-01  4.26296e-01  9.27515e-01  0.00000e+00  0.00000e+00  3.03105e-01
  629  1.10840e-01  4.26288e-01  9.27534e-01  0.00000e+00  0.00000e+00  3.03097e-01
  630  1.11816e-01  4.26292e-01  9.27525e-01  0.00000e+00  0.00000e+00  3.03101e-01
  631  1.12793e-01  4.26330e-01  9.27437e-01  0.00000e+00  0.00000e+00  3.03138e-01
  632  1.13770e-01  4.26355e-01  9.27378e-01  0.00000e+00  0.00000e+00  3.03163e-01
  633  1.14746e-01  4.26356e-01  9.27376e-01  0.00000e+00  0.00000e+00  3.03164e-01
  634  1.15723e-01  4.26334e-01  9.27428e-01  0.00000e+00  0.00000e+00  3.03142e-01
  635  1.16699e-01  4.26288e-01  9.27534e-01  0.00000e+00  0.00000e+00  3.03097e-01
  636  1.17676e-01  4.26280e-01  9.27553e-01  0.00000e+00  0.00000e+00  3.03089e-01
  637  1.18652e-01  4.26286e-01  9.27540e-01  0.00000e+00  0.00000e+00  3.03094e-01
  638  1.19629e-01  4.26328e-01  9.27441e-01  0.00000e+00  0.00000e+00  3.03136e-01
  639  1.20605e-01  4.26352e-01  9.27385e-01  0.00000e+00  0.00000e+00  3.03160e-01
  640  1.21582e-01  4.26353e-01  9.27384e-01  0.00000e+00  0.00000e+00  3.03161e-01
  641  1.22559e-01  4.26329e-01  9.27439e-01  0.00000e+00  0.00000e+00  3.03137e-01
  642  1.23535e-01  4.26289e-01  9.27532e-01  0.00000e+00  0.00000e+00  3.03098e-01
  643  1.24512e-01  4.26284e-01  9.27546e-01  0.00000e+00  0.00000e+00  3.03092e-01
  644  1.25488e-01  4.26290e-01  9.27531e-01  0.00000e+00  0.00000e+00  3.03098e-01
  645  1.26465e-01  4.26333e-01  9.27430e-01  0.00000e+00  0.00000e+00  3.03141e-01
  646  1.27441e-01  4.26358e-01  9.27373e-01  0.00000e+00  0.00000e+00  3.03165e-01
  647  1.28418e-01  4.26359e-01  9.27370e-01  0.00000e+00  0.00000e+00  3.03166e-01
  648  1.29395e-01  4.26342e-01  9.27410e-01  0.00000e+00  0.00000e+00  3.03150e-01
  649  1.30371e-01  4.26298e-01  9.27513e-01  0.00000e+00  0.00000e+00  3.03106e-01
  650  1.31348e-01  4.26288e-01  9.27538e-01  0.00000e+00  0.00000e+00  3.03095e-01
  651  1.32324e-01  4.26289e-01  9.27534e-01  0.00000e+00  0.00000e+00  3.03097e-01
  652  1.33301e-01  4.26321e-01  9.27459e-01  0.00000e+00  0.00000e+00  3.03129e-01
  653  1.34277e-01  4.26359e-01  9.27372e-01  0.00000e+00  0.00000e+00  3.03166e-01
  654  1.35254e-01  4.26363e-01  9.27361e-01  0.00000e+00  0.00000e+00  3.03170e-01
  655  1.36230e-01  4.26354e-01  9.27383e-01  0.00000e+00  0.00000e+00  3.03161e-01
  656  1.37207e-01  4.26308e-01  9.27493e-01  0.00000e+00  0.00000e+00  3.03115e-01
  657  1.38184e-01  4.26287e-01  9.27542e-01  0.00000e+00  0.00000e+00  3.03094e-01
  658  1.39160e-01  4.26287e-01  9.27542e-01  0.00000e+00  0.00000e+00  3.03094e-01
  659  1.40137e-01  4.26315e-01  9.27477e-01  0.00000e+00  0.00000e+00  3.03121e-01
  660  1.41113e-01  4.26354e-01  9.27384e-01  0.00000e+00  0.00000e+00  3.03161e-01
  661  1.42090e-01  4.26359e-01  9.27373e-01  0.00000e+00  0.00000e+00  3.03166e-01
  662  1.43066e-01  4.26348e-01  9.27399e-01  0.00000e+00  0.00000e+00  3.03155e-01
  663  1.44043e-01  4.26299e-01  9.27513e-01  0.00000e+00  0.00000e+00  3.03106e-01
  664  1.45020e-01  4.26282e-01  9.27555e-01  0.00000e+00  0.00000e+00  3.03088e-01
  665  1.45996e-01  4.26283e-01  9.27553e-01  0.00000e+00  0.00000e+00  3.03089e-01
  666  1.46973e-01  4.26317e-01  9.27476e-01  0.00000e+00  0.00000e+00  3.03122e-01
  667  1.47949e-01  4.26355e-01  9.27385e-01  0.00000e+00  0.00000e+00  3.03161e-01
  668  1.48926e-01  4.26359e-01  9.27375e-01  0.00000e+00  0.00000e+00  3.03165e-01
  669  1.49902e-01  4.26349e-01  9.27400e-01  0.00000e+00  0.00000e+00  3.03154e-01
  670  1.50879e-01  4.26304e-01  9.27505e-01  0.00000e+00  0.00000e+00  3.03109e-01
  671  1.51855e-01  4.26288e-01  9.27542e-01  0.00000e+00  0.00000e+00  3.03094e-01
  672  1.52832e-01  4.26289e-01  9.27540e-01  0.00000e+00  0.00000e+00  3.03094e-01
  673  1.53809e-01  4.26317e-01  9.27476e-01  0.00000e+00  0.00000e+00  3.03122e-01
  674  1.54785e-01  4.26359e-01  9.27380e-01  0.00000e+00  0.00000e+00  3.03163e-01
  675  1.55762e-01  4.26365e-01  9.27365e-01  0.00000e+00  0.00000e+00  3.03169e-01
  676  1.56738e-01  4.26360e-01  9.27376e-01  0.00000e+00  0.00000e+00  3.03164e-01
  677  1.57715e-01  4.26321e-01  9.27467e-01  0.00000e+00  0.00000e+00  3.03125e-01
  678  1.58691e-01  4.26290e-01  9.27536e-01  0.00000e+00  0.00000e+00  3.03096e-01
  679  1.59668e-01  4.26289e-01  9.27542e-01  0.00000e+00  0.00000e+00  3.03094e-01
  680  1.60645e-01  4.26305e-01  9.27505e-01  0.00000e+00  0.00000e+00  3.03110e-01
  681  1.61621e-01  4.26357e-01  9.27388e-01  0.00000e+00  0.00000e+00  3.03159e-01
  682  1.62598e-01  4.26373e-01  9.27355e-01  0.00000e+00  0.00000e+00  3.03173e-01
  683  1.63574e-01  4.26371e-01  9.27361e-01  0.00000e+00  0.00000e+00  3.03171e-01
  684  1.64551e-01  4.26331e-01  9.27453e-01  0.00000e+00  0.00000e+00  3.03131e-01
  685  1.65527e-01  4.26290e-01  9.27550e-01  0.00000e+00  0.00000e+00  3.03091e-01
  686  1.66504e-01  4.26280e-01  9.27559e-01  0.00000e+00  0.00000e+00  3.03086e-01
  687  1.67480e-01  4.26293e-01  9.27526e-01  0.00000e+00  0.00000e+00  3.03101e-01
  688  1.68457e-01  4.26344e-01  9.27406e-01  0.00000e+00  0.00000e+00  3.03152e-01
  689  1.69434e-01  4.26358e-01  9.27373e-01  0.00000e+00  0.00000e+00  3.03166e-01
  690  1.70410e-01  4.26362e-01  9.27380e-01  0.00000e+00  0.00000e+00  3.03163e-01
  691  1.71387e-01  4.26327e-01  9.27473e-01  0.00000e+00  0.00000e+00  3.03123e-01
  692  1.72363e-01  4.26301e-01  9.27552e-01  0.00000e+00  0.00000e+00  3.03089e-01
  693  1.73340e-01  4.26295e-01  9.27559e-01  0.00000e+00  0.00000e+00  3.03087e-01
  694  1.74316e-01  4.26311e-01  9.27518e-01  0.00000e+00  0.00000e+00  3.03104e-01
  695  1.75293e-01  4.26360e-01  9.27396e-01  0.00000e+00  0.00000e+00  3.03156e-01
  696  1.76270e-01  4.26361e-01  9.27365e-01  0.00000e+00  0.00000e+00  3.03169e-01
  697  1.77246e-01  4.26357e-01  9.27369e-01  0.00000e+00  0.00000e+00  3.03167e-01
  698  1.78223e-01  4.26325e-01  9.27449e-01  0.00000e+00  0.00000e+00  3.03134e-01
  699  1.79199e-01  4.26292e-01  9.27535e-01  0.00000e+00  0.00000e+00  3.03097e-01
  700  1.80176e-01  4.26295e-01  9.27545e-01  0.00000e+00  0.00000e+00  3.03093e-01
  701  1.81152e-01  4.26311e-01  9.27524e-01  0.00000e+00  0.00000e+00  3.03101e-01
  702  1.82129e-01  4.26365e-01  9.27416e-01  0.00000e+00  0.00000e+00  3.03147e-01
  703  1.83105e-01  4.26391e-01  9.27357e-01  0.00000e+00  0.00000e+00  3.03172e-01
  704  1.84082e-01  4.26390e-01  9.27355e-01  0.00000e+00  0.00000e+00  3.03174e-01
  705  1.85059e-01  4.26367e-01  9.27402e-01  0.00000e+00  0.00000e+00  3.03154e-01
  706  1.86035e-01  4.26305e-01  9.27520e-01  0.00000e+00  0.00000e+00  3.03103e-01
  707  1.87012e-01  4.26287e-01  9.27547e-01  0.00000e+00  0.00000e+00  3.03092e-01
  708  1.87988e-01  4.26291e-01  9.27538e-01  0.00000e+00  0.00000e+00  3.03096e-01
  709  1.88965e-01  4.26335e-01  9.27441e-01  0.00000e+00  0.00000e+00  3.03137e-01
  710  1.89941e-01  4.26371e-01  9.27365e-01  0.00000e+00  0.00000e+00  3.03169e-01
  711  1.90918e-01  4.26392e-01  9.27360e-01  0.00000e+00  0.00000e+00  3.03171e-01
  712  1.91895e-01  4.26376e-01  9.27411e-01  0.00000e+00  0.00000e+00  3.03150e-01
  713  1.92871e-01  4.26329e-01  9.27539e-01  0.00000e+00  0.00000e+00  3.03095e-01
  714  1.93848e-01  4.26312e-01  9.27567e-01  0.00000e+00  0.00000e+00  3.03084e-01
  715  1.94824e-01  4.26314e-01  9.27556e-01  0.00000e+00  0.00000e+00  3.03088e-01
  716  1.95801e-01  4.26357e-01  9.27446e-01  0.00000e+00  0.00000e+00  3.03135e-01
  717  1.96777e-01  4.26383e-01  9.27370e-01  0.00000e+00  0.00000e+00  3.03167e-01
  718  1.97754e-01  4.26388e-01  9.27366e-01  0.00000e+00  0.00000e+00  3.03169e-01
  719  1.98730e-01  4.26368e-01  9.27416e-01  0.00000e+00  0.00000e+00  3.03148e-01
  720  1.99707e-01  4.26318e-01  9.27531e-01  0.00000e+00  0.00000e+00  3.03099e-01
  721  2.00684e-01  4.26319e-01  9.27553e-01  0.00000e+00  0.00000e+00  3.03089e-01
  722  2.01660e-01  4.26326e-01  9.27545e-01  0.00000e+00  0.00000e+00  3.03093e-01
  723  2.02637e-01  4.26372e-01  9.27448e-01  0.00000e+00  0.00000e+00  3.03134e-01
  724  2.03613e-01  4.26410e-01  9.27363e-01  0.00000e+00  0.00000e+00  3.03170e-01
  725  2.04590e-01  4.26426e-01  9.27355e-01  0.00000e+00  0.00000e+00  3.03174e-01
  726  2.05566e-01  4.26420e-01  9.27380e-01  0.00000e+00  0.00000e+00  3.03163e-01
  727  2.06543e-01  4.26381e-01  9.27495e-01  0.00000e+00  0.00000e+00  3.03115e-01
  728  2.07520e-01  4.26388e-01  9.27548e-01  0.00000e+00  0.00000e+00  3.03092e-01
  729  2.08496e-01  4.26404e-01  9.27550e-01  0.00000e+00  0.00000e+00  3.03091e-01
  730  2.09473e-01  4.26462e-01  9.27487e-01  0.00000e+00  0.00000e+00  3.03118e-01
  731  2.10449e-01  4.26540e-01  9.27367e-01  0.00000e+00  0.00000e+00  3.03169e-01
  732  2.11426e-01  4.26578e-01  9.27345e-01  0.00000e+00  0.00000e+00  3.03178e-01
  733  2.12402e-01  4.26605e-01  9.27359e-01  0.00000e+00  0.00000e+00  3.03172e-01
  734  2.13379e-01  4.26572e-01  9.27479e-01  0.00000e+00  0.00000e+00  3.03121e-01
  735  2.14355e-01  4.26547e-01  9.27563e-01  0.00000e+00  0.00000e+00  3.03086e-01
  736  2.15332e-01  4.26543e-01  9.27568e-01  0.00000e+00  0.00000e+00  3.03083e-01
  737  2.16309e-01  4.26572e-01  9.27509e-01  0.00000e+00  0.00000e+00  3.03108e-01
  738  2.17285e-01  4.26583e-01  9.27386e-01  0.00000e+00  0.00000e+00  3.03161e-01
  739  2.18262e-01  4.26470e-01  9.27362e-01  0.00000e+00  0.00000e+00  3.03171e-01
  740  2.19238e-01  4.25306e-01  9.27380e-01  0.00000e+00  0.00000e+00  3.03163e-01
  741  2.20215e-01  4.17384e-01  9.27497e-01  0.00000e+00  0.00000e+00  3.03114e-01
  742  2.21191e-01  3.94987e-01  9.27567e-01  0.00000e+00  0.00000e+00  3.03085e-01
  743  2.22168e-01  3.58863e-01  9.27571e-01  0.00000e+00  0.00000e+00  3.03085e-01
  744  2.23145e-01  3.19032e-01  9.27530e-01  0.00000e+00  0.00000e+00  3.03101e-01
  745  2.24121e-01  2.87666e-01  9.27403e-01  0.00000e+00  0.00000e+00  3.03147e-01
  746  2.25098e-01  2.70714e-01  9.27343e-01  0.00000e+00  0.00000e+00  3.03168e-01
  747  2.26074e-01  2.65316e-01  9.27339e-01  0.00000e+00  0.00000e+00  3.03169e-01
  748  2.27051e-01  2.64536e-01  9.27351e-01  0.00000e+00  0.00000e+00  3.03165e-01
  749  2.28027e-01  2.64442e-01  9.27436e-01  0.00000e+00  0.00000e+00  3.03137e-01
  750  2.29004e-01  2.64435e-01  9.27543e-01  0.00000e+00  0.00000e+00  3.03102e-01
  751  2.29980e-01  2.64490e-01  9.27566e-01  0.00000e+00  0.00000e+00  3.03094e-01
  752  2.30957e-01  2.64750e-01  9.27566e-01  0.00000e+00  0.00000e+00  3.03094e-01
  753  2.31934e-01  2.65113e-01  9.27537e-01  0.00000e+00  0.00000e+00  3.03104e-01
  754  2.32910e-01  2.65386e-01  9.27427e-01  0.00000e+00  0.00000e+00  3.03140e-01
  755  2.33887e-01  2.65512e-01  9.27339e-01  0.00000e+00  0.00000e+00  3.03170e-01
  756  2.34863e-01  2.65549e-01  9.27328e-01  0.00000e+00  0.00000e+00  3.03174e-01
  757  2.35840e-01  2.65565e-01  9.27332e-01  0.00000e+00  0.00000e+00  3.03173e-01
  758  2.36816e-01  2.65556e-01  9.27392e-01  0.00000e+00  0.00000e+00  3.03154e-01
  759  2.37793e-01  2.65531e-01  9.27521e-01  0.00000e+00  0.00000e+00  3.03111e-01
  760  2.38770e-01  2.65517e-01  9.27576e-01  0.00000e+00  0.00000e+00  3.03093e-01
  761  2.39746e-01  2.65507e-01  9.27579e-01  0.00000e+00  0.00000e+00  3.03091e-01
  762  2.40723e-01  2.65502e-01  9.27556e-01  0.00000e+00  0.00000e+00  3.03098e-01
  763  2.41699e-01  2.65519e-01  9.27442e-01  0.00000e+00  0.00000e+00  3.03136e-01
  764  2.42676e-01  2.65536e-01  9.27344e-01  0.00000e+00  0.00000e+00  3.03169e-01
  765  2.43652e-01  2.65538e-01  9.27332e-01  0.00000e+00  0.00000e+00  3.03173e-01
  766  2.44629e-01  2.65545e-01  9.27339e-01  0.00000e+00  0.00000e+00  3.03171e-01
  767  2.45605e-01  2.65534e-01  9.27420e-01  0.00000e+00  0.00000e+00  3.03145e-01
  768  2.46582e-01  2.65512e-01  9.27560e-01  0.00000e+00  0.00000e+00  3.03098e-01
  769  2.47559e-01  2.65511e-01  9.27601e-01  0.00000e+00  0.00000e+00  3.03084e-01
  770  2.48535e-01  2.65513e-01  9.27601e-01  0.00000e+00  0.00000e+00  3.03083e-01
  771  2.49512e-01  2.65524e-01  9.27561e-01  0.00000e+00  0.00000e+00  3.03096e-01
  772  2.50488e-01  2.65558e-01  9.27425e-01  0.00000e+00  0.00000e+00  3.03141e-01
  773  2.51465e-01  2.65581e-01  9.27342e-01  0.00000e+00  0.00000e+00  3.03169e-01
  774  2.52441e-01  2.65592e-01  9.27335e-01  0.00000e+00  0.00000e+00  3.03172e-01
  775  2.53418e-01  2.65593e-01  9.27346e-01  0.00000e+00  0.00000e+00  3.03168e-01
  776  2.54395e-01  2.65576e-01  9.27434e-01  0.00000e+00  0.00000e+00  3.03139e-01
  777  2.55371e-01  2.65549e-01  9.27553e-01  0.00000e+00  0.00000e+00  3.03099e-01
  778  2.56348e-01  2.65538e-01  9.27579e-01  0.00000e+00  0.00000e+00  3.03090e-01
  779  2.57324e-01  2.65523e-01  9.27578e-01  0.00000e+00  0.00000e+00  3.03090e-01
  780  2.58301e-01  2.65525e-01  9.27543e-01  0.00000e+00  0.00000e+00  3.03101e-01
  781  2.59277e-01  2.65546e-01  9.27423e-01  0.00000e+00  0.00000e+00  3.03141e-01
  782  2.60254e-01  2.65565e-01  9.27336e-01  0.00000e+00  0.00000e+00  3.03170e-01
  783  2.61230e-01  2.65570e-01  9.27327e-01  0.00000e+00  0.00000e+00  3.03175e-01
  784  2.62207e-01  2.65577e-01  9.27331e-01  0.00000e+00  0.00000e+00  3.03174e-01
  785  2.63184e-01  2.65568e-01  9.27386e-01  0.00000e+00  0.00000e+00  3.03156e-01
  786  2.64160e-01  2.65548e-01  9.27515e-01  0.00000e+00  0.00000e+00  3.03113e-01
  787  2.65137e-01  2.65543e-01  9.27580e-01  0.00000e+00  0.00000e+00  3.03091e-01
  788  2.66113e-01  2.65548e-01  9.27585e-01  0.00000e+00  0.00000e+00  3.03088e-01
  789  2.67090e-01  2.65557e-01  9.27568e-01  0.00000e+00  0.00000e+00  3.03094e-01
  790  2.68066e-01  2.65582e-01  9.27462e-01  0.00000e+00  0.00000e+00  3.03129e-01
  791  2.69043e-01  2.65611e-01  9.27332e-01  0.00000e+00  0.00000e+00  3.03173e-01
  792  2.70020e-01  2.65605e-01  9.27308e-01  0.00000e+00  0.00000e+00  3.03182e-01
  793  2.70996e-01  2.65597e-01  9.27311e-01  0.00000e+00  0.00000e+00  3.03182e-01
  794  2.71973e-01  2.65578e-01  9.27372e-01  0.00000e+00  0.00000e+00  3.03162e-01
  795  2.72949e-01  2.65538e-01  9.27534e-01  0.00000e+00  0.00000e+00  3.03108e-01
  796  2.73926e-01  2.65515e-01  9.27614e-01  0.00000e+00  0.00000e+00  3.03080e-01
  797  2.74902e-01  2.65516e-01  9.27619e-01  0.00000e+00  0.00000e+00  3.03078e-01
  798  2.75879e-01  2.65524e-01  9.27594e-01  0.00000e+00  0.00000e+00  3.03085e-01
  799  2.76855e-01  2.65555e-01  9.27462e-01  0.00000e+00  0.00000e+00  3.03129e-01
  800  2.77832e-01  2.65584e-01  9.27339e-01  0.00000e+00  0.00000e+00  3.03170e-01
  801  2.78809e-01  2.65594e-01  9.27325e-01  0.00000e+00  0.00000e+00  3.03177e-01
  802  2.79785e-01  2.65606e-01  9.27332e-01  0.00000e+00  0.00000e+00  3.03175e-01
  803  2.80762e-01  2.65594e-01  9.27415e-01  0.00000e+00  0.00000e+00  3.03148e-01
  804  2.81738e-01  2.65565e-01  9.27563e-01  0.00000e+00  0.00000e+00  3.03098e-01
  805  2.82715e-01  2.65555e-01  9.27607e-01  0.00000e+00  0.00000e+00  3.03082e-01
  806  2.83691e-01  2.65549e-01  9.27606e-01  0.00000e+00  0.00000e+00  3.03081e-01
  807  2.84668e-01  2.65547e-01  9.27570e-01  0.00000e+00  0.00000e+00  3.03092e-01
  808  2.85645e-01  2.65565e-01  9.27431e-01  0.00000e+00  0.00000e+00  3.03139e-01
  809  2.86621e-01  2.65580e-01  9.27326e-01  0.00000e+00  0.00000e+00  3.03174e-01
  810  2.87598e-01  2.65581e-01  9.27314e-01  0.00000e+00  0.00000e+00  3.03179e-01
  811  2.88574e-01  2.65584e-01  9.27319e-01  0.00000e+00  0.00000e+00  3.03179e-01
  812  2.89551e-01  2.65574e-01  9.27379e-01  0.00000e+00  0.00000e+00  3.03159e-01
  813  2.90527e-01  2.65550e-01  9.27517e-01  0.00000e+00  0.00000e+00  3.03112e-01
  814  2.91504e-01  2.65542e-01  9.27586e-01  0.00000e+00  0.00000e+00  3.03088e-01
  815  2.92480e-01  2.65546e-01  9.27591e-01  0.00000e+00  0.00000e+00  3.03085e-01
  816  2.93457e-01  2.65553e-01  9.27579e-01  0.00000e+00  0.00000e+00  3.03089e-01
  817  2.94434e-01  2.65578e-01  9.27488e-01  0.00000e+00  0.00000e+00  3.03120e-01
  818  2.95410e-01  2.65610e-01  9.27342e-01  0.00000e+00  0.00000e+00  3.03170e-01
  819  2.96387e-01  2.65617e-01  9.27300e-01  0.00000e+00  0.00000e+00  3.03186e-01
  820  2.97363e-01  2.65614e-01  9.27300e-01  0.00000e+00  0.00000e+00  3.03188e-01
  821  2.98340e-01  2.65599e-01  9.27337e-01  0.00000e+00  0.00000e+00  3.03175e-01
  822  2.99316e-01  2.65555e-01  9.27488e-01  0.00000e+00  0.00000e+00  3.03124e-01
  823  3.00293e-01  2.65518e-01  9.27610e-01  0.00000e+00  0.00000e+00  3.03081e-01
  824  3.01270e-01  2.65518e-01  9.27624e-01  0.00000e+00  0.00000e+00  3.03075e-01
  825  3.02246e-01  2.65523e-01  9.27612e-01  0.00000e+00  0.00000e+00  3.03079e-01
  826  3.03223e-01  2.65552e-01  9.27500e-01  0.00000e+00  0.00000e+00  3.03117e-01
  827  3.04199e-01  2.65595e-01  9.27340e-01  0.00000e+00  0.00000e+00  3.03172e-01
  828  3.05176e-01  2.65616e-01  9.27308e-01  0.00000e+00  0.00000e+00  3.03185e-01
  829  3.06152e-01  2.65623e-01  9.27309e-01  0.00000e+00  0.00000e+00  3.03185e-01
  830  3.07129e-01  2.65610e-01  9.27372e-01  0.00000e+00  0.00000e+00  3.03164e-01
  831  3.08105e-01  2.65570e-01  9.27544e-01  0.00000e+00  0.00000e+00  3.03105e-01
  832  3.09082e-01  2.65543e-01  9.27628e-01  0.00000e+00  0.00000e+00  3.03075e-01
  833  3.10059e-01  2.65529e-01  9.27633e-01  0.00000e+00  0.00000e+00  3.03072e-01
  834  3.11035e-01  2.65531e-01  9.27608e-01  0.00000e+00  0.00000e+00  3.03080e-01
  835  3.12012e-01  2.65557e-01  9.27468e-01  0.00000e+00  0.00000e+00  3.03127e-01
  836  3.12988e-01  2.65587e-01  9.27329e-01  0.00000e+00  0.00000e+00  3.03176e-01
  837  3.13965e-01  2.65595e-01  9.27309e-01  0.00000e+00  0.00000e+00  3.03184e-01
  838  3.14941e-01  2.65596e-01  9.27312e-01  0.00000e+00  0.00000e+00  3.03184e-01
  839  3.15918e-01  2.65583e-01  9.27374e-01  0.00000e+00  0.00000e+00  3.03162e-01
  840  3.16895e-01  2.65553e-01  9.27521e-01  0.00000e+00  0.00000e+00  3.03111e-01
  841  3.17871e-01  2.65546e-01  9.27591e-01  0.00000e+00  0.00000e+00  3.03086e-01
  842  3.18848e-01  2.65552e-01  9.27596e-01  0.00000e+00  0.00000e+00  3.03083e-01
  843  3.19824e-01  2.65560e-01  9.27586e-01  0.00000e+00  0.00000e+00  3.03087e-01
  844  3.20801e-01  2.65581e-01  9.27501e-01  0.00000e+00  0.00000e+00  3.03116e-01
  845  3.21777e-01  2.65610e-01  9.27356e-01  0.00000e+00  0.00000e+00  3.03167e-01
  846  3.22754e-01  2.65607e-01  9.27304e-01  0.00000e+00  0.00000e+00  3.03187e-01
  847  3.23730e-01  2.65600e-01  9.27300e-01  0.00000e+00  0.00000e+00  3.03188e-01
  848  3.24707e-01  2.65588e-01  9.27321e-01  0.00000e+00  0.00000e+00  3.03180e-01
  849  3.25684e-01  2.65557e-01  9.27442e-01  0.00000e+00  0.00000e+00  3.03138e-01
  850  3.26660e-01  2.65523e-01  9.27593e-01  0.00000e+00  0.00000e+00  3.03085e-01
  851  3.27637e-01  2.65531e-01  9.27623e-01  0.00000e+00  0.00000e+00  3.03074e-01
  852  3.28613e-01  2.65540e-01  9.27620e-01  0.00000e+00  0.00000e+00  3.03076e-01
  853  3.29590e-01  2.65567e-01  9.27538e-01  0.00000e+00  0.00000e+00  3.03106e-01
  854  3.30566e-01  2.65609e-01  9.27359e-01  0.00000e+00  0.00000e+00  3.03170e-01
  855  3.31543e-01  2.65624e-01  9.27296e-01  0.00000e+00  0.00000e+00  3.03192e-01
  856  3.32520e-01  2.65623e-01  9.27292e-01  0.00000e+00  0.00000e+00  3.03193e-01
  857  3.33496e-01  2.65611e-01  9.27326e-01  0.00000e+00  0.00000e+00  3.03180e-01
  858  3.34473e-01  2.65567e-01  9.27489e-01  0.00000e+00  0.00000e+00  3.03122e-01
  859  3.35449e-01  2.65530e-01  9.27638e-01  0.00000e+00  0.00000e+00  3.03070e-01
  860  3.36426e-01  2.65519e-01  9.27659e-01  0.00000e+00  0.00000e+00  3.03062e-01
  861  3.37402e-01  2.65521e-01  9.27648e-01  0.00000e+00  0.00000e+00  3.03067e-01
  862  3.38379e-01  2.65548e-01  9.27523e-01  0.00000e+00  0.00000e+00  3.03112e-01
  863  3.39355e-01  2.65591e-01  9.27340e-01  0.00000e+00  0.00000e+00  3.03177e-01
  864  3.40332e-01  2.65603e-01  9.27301e-01  0.00000e+00  0.00000e+00  3.03192e-01
  865  3.41309e-01  2.65610e-01  9.27301e-01  0.00000e+00  0.00000e+00  3.03192e-01
  866  3.42285e-01  2.65600e-01  9.27355e-01  0.00000e+00  0.00000e+00  3.03171e-01
  867  3.43262e-01  2.65572e-01  9.27515e-01  0.00000e+00  0.00000e+00  3.03114e-01
  868  3.44238e-01  2.65557e-01  9.27606e-01  0.00000e+00  0.00000e+00  3.03080e-01
  869  3.45215e-01  2.65556e-01  9.27615e-01  0.00000e+00  0.00000e+00  3.03076e-01
  870  3.46191e-01  2.65554e-01  9.27605e-01  0.00000e+00  0.00000e+00  3.03081e-01
  871  3.47168e-01  2.65567e-01  9.27514e-01  0.00000e+00  0.00000e+00  3.03115e-01
  872  3.48145e-01  2.65590e-01  9.27363e-01  0.00000e+00  0.00000e+00  3.03169e-01
  873  3.49121e-01  2.65592e-01  9.27312e-01  0.00000e+00  0.00000e+00  3.03188e-01
  874  3.50098e-01  2.65591e-01  9.27306e-01  0.00000e+00  0.00000e+00  3.03189e-01
  875  3.51074e-01  2.65588e-01  9.27318e-01  0.00000e+00  0.00000e+00  3.03182e-01
  876  3.52051e-01  2.65571e-01  9.27411e-01  0.00000e+00  0.00000e+00  3.03146e-01
  877  3.53027e-01  2.65543e-01  9.27571e-01  0.00000e+00  0.00000e+00  3.03090e-01
  878  3.54004e-01  2.65545e-01  9.27629e-01  0.00000e+00  0.00000e+00  3.03070e-01
  879  3.54980e-01  2.65550e-01  9.27636e-01  0.00000e+00  0.00000e+00  3.03072e-01
  880  3.55957e-01  2.65569e-01  9.27580e-01  0.00000e+00  0.00000e+00  3.03096e-01
  881  3.56934e-01  2.65609e-01  9.27392e-01  0.00000e+00  0.00000e+00  3.03162e-01
  882  3.57910e-01  2.65624e-01  9.27284e-01  0.00000e+00  0.00000e+00  3.03199e-01
  883  3.58887e-01  2.65617e-01  9.27268e-01  0.00000e+00  0.00000e+00  3.03202e-01
  884  3.59863e-01  2.65603e-01  9.27277e-01  0.00000e+00  0.00000e+00  3.03196e-01
  885  3.60840e-01  2.65568e-01  9.27402e-01  0.00000e+00  0.00000e+00  3.03150e-01
  886  3.61816e-01  2.65521e-01  9.27625e-01  0.00000e+00  0.00000e+00  3.03073e-01
  887  3.62793e-01  2.65517e-01  9.27687e-01  0.00000e+00  0.00000e+00  3.03053e-01
  888  3.63770e-01  2.65522e-01  9.27691e-01  0.00000e+00  0.00000e+00  3.03057e-01
  889  3.64746e-01  2.65553e-01  9.27593e-01  0.00000e+00  0.00000e+00  3.03095e-01
  890  3.65723e-01  2.65604e-01  9.27375e-01  0.00000e+00  0.00000e+00  3.03170e-01
  891  3.66699e-01  2.65623e-01  9.27292e-01  0.00000e+00  0.00000e+00  3.03199e-01
  892  3.67676e-01  2.65623e-01  9.27280e-01  0.00000e+00  0.00000e+00  3.03199e-01
  893  3.68652e-01  2.65613e-01  9.27310e-01  0.00000e+00  0.00000e+00  3.03184e-01
  894  3.69629e-01  2.65574e-01  9.27478e-01  0.00000e+00  0.00000e+00  3.03124e-01
  895  3.70605e-01  2.65540e-01  9.27628e-01  0.00000e+00  0.00000e+00  3.03072e-01
  896  3.71582e-01  2.65529e-01  9.27654e-01  0.00000e+00  0.00000e+00  3.03066e-01
  897  3.72559e-01  2.65529e-01  9.27655e-01  0.00000e+00  0.00000e+00  3.03071e-01
  898  3.73535e-01  2.65549e-01  9.27563e-01  0.00000e+00  0.00000e+00  3.03107e-01
  899  3.74512e-01  2.65591e-01  9.27369e-01  0.00000e+00  0.00000e+00  3.03173e-01
  900  3.75488e-01  2.65607e-01  9.27303e-01  0.00000e+00  0.00000e+00  3.03196e-01
  901  3.76465e-01  2.65608e-01  9.27292e-01  0.00000e+00  0.00000e+00  3.03194e-01
  902  3.77441e-01  2.65603e-01  9.27315e-01  0.00000e+00  0.00000e+00  3.03181e-01
  903  3.78418e-01  2.65590e-01  9.27409e-01  0.00000e+00  0.00000e+00  3.03147e-01
  904  3.79395e-01  2.65569e-01  9.27532e-01  0.00000e+00  0.00000e+00  3.03105e-01
  905  3.80371e-01  2.65550e-01  9.27638e-01  0.00000e+00  0.00000e+00  3.03072e-01
  906  3.81348e-01  2.65546e-01  9.27663e-01  0.00000e+00  0.00000e+00  3.03071e-01
  907  3.82324e-01  2.65556e-01  9.27611e-01  0.00000e+00  0.00000e+00  3.03091e-01
  908  3.83301e-01  2.65582e-01  9.27427e-01  0.00000e+00  0.00000e+00  3.03154e-01
  909  3.84277e-01  2.65599e-01  9.27312e-01  0.00000e+00  0.00000e+00  3.03192e-01
  910  3.85254e-01  2.65604e-01  9.27262e-01  0.00000e+00  0.00000e+00  3.03204e-01
  911  3.86230e-01  2.65605e-01  9.27236e-01  0.00000e+00  0.00000e+00  3.03206e-01
  912  3.87207e-01  2.65595e-01  9.27296e-01  0.00000e+00  0.00000e+00  3.03184e-01
  913  3.88184e-01  2.65547e-01  9.27589e-01  0.00000e+00  0.00000e+00  3.03086e-01
  914  3.89160e-01  2.65526e-01  9.27721e-01  0.00000e+00  0.00000e+00  3.03044e-01
  915  3.90137e-01  2.65531e-01  9.27728e-01  0.00000e+00  0.00000e+00  3.03049e-01
  916  3.91113e-01  2.65564e-01  9.27605e-01  0.00000e+00  0.00000e+00  3.03094e-01
  917  3.92090e-01  2.65601e-01  9.27435e-01  0.00000e+00  0.00000e+00  3.03153e-01
  918  3.93066e-01  2.65618e-01  9.27328e-01  0.00000e+00  0.00000e+00  3.03189e-01
  919  3.94043e-01  2.65621e-01  9.27247e-01  0.00000e+00  0.00000e+00  3.03212e-01
  920  3.95020e-01  2.65614e-01  9.27246e-01  0.00000e+00  0.00000e+00  3.03207e-01
  921  3.95996e-01  2.65567e-01  9.27432e-01  0.00000e+00  0.00000e+00  3.03143e-01
  922  3.96973e-01  2.65520e-01  9.27647e-01  0.00000e+00  0.00000e+00  3.03071e-01
  923  3.97949e-01  2.65523e-01  9.27692e-01  0.00000e+00  0.00000e+00  3.03057e-01
  924  3.98926e-01  2.65530e-01  9.27702e-01  0.00000e+00  0.00000e+00  3.03059e-01
  925  3.99902e-01  2.65547e-01  9.27648e-01  0.00000e+00  0.00000e+00  3.03081e-01
  926  4.00879e-01  2.65600e-01  9.27402e-01  0.00000e+00  0.00000e+00  3.03166e-01
  927  4.01855e-01  2.65634e-01  9.27247e-01  0.00000e+00  0.00000e+00  3.03217e-01
  928  4.02832e-01  2.65629e-01  9.27267e-01  0.00000e+00  0.00000e+00  3.03208e-01
  929  4.03809e-01  2.65599e-01  9.27368e-01  0.00000e+00  0.00000e+00  3.03168e-01
  930  4.04785e-01  2.65587e-01  9.27403e-01  0.00000e+00  0.00000e+00  3.03154e-01
  931  4.05762e-01  2.65565e-01  9.27504e-01  0.00000e+00  0.00000e+00  3.03120e-01
  932  4.06738e-01  2.65546e-01  9.27604e-01  0.00000e+00  0.00000e+00  3.03088e-01
  933  4.07715e-01  2.65514e-01  9.27747e-01  0.00000e+00  0.00000e+00  3.03046e-01
  934  4.08691e-01  2.65526e-01  9.27686e-01  0.00000e+00  0.00000e+00  3.03070e-01
  935  4.09668e-01  2.65611e-01  9.27296e-01  0.00000e+00  0.00000e+00  3.03202e-01
  936  4.10645e-01  2.65582e-01  9.27462e-01  0.00000e+00  0.00000e+00  3.03145e-01
  937  4.11621e-01  2.65608e-01  9.27329e-01  0.00000e+00  0.00000e+00  3.03187e-01
  938  4.12598e-01  2.65667e-01  9.27013e-01  0.00000e+00  0.00000e+00  3.03291e-01
  939  4.13574e-01  2.65552e-01  9.27589e-01  0.00000e+00  0.00000e+00  3.03097e-01
  940  4.14551e-01  2.65737e-01  9.26755e-01  0.00000e+00  0.00000e+00  3.03377e-01
  941  4.15527e-01  2.65391e-01  9.28490e-01  0.00000e+00  0.00000e+00  3.02792e-01
  942  4.16504e-01  2.65382e-01  9.28325e-01  0.00000e+00  0.00000e+00  3.02864e-01
  943  4.17480e-01  2.66094e-01  9.25157e-01  0.00000e+00  0.00000e+00  3.03977e-01
  944  4.18457e-01  2.64794e-01  9.32239e-01  0.00000e+00  0.00000e+00  3.01918e-01
  945  4.19434e-01  2.66453e-01  9.22347e-01  0.00000e+00  0.00000e+00  3.04344e-01
  946  4.20410e-01  2.44779e-01  8.17958e-01  0.00000e+00  0.00000e+00  2.70950e-01
  947  4.21387e-01  1.41934e-01  1.52152e-01  0.00000e+00  0.00000e+00  1.21179e-01
  948  4.22363e-01  1.25068e-01  5.72666e-04  0.00000e+00  0.00000e+00  1.00076e-01
  949  4.23340e-01  1.25000e-01  1.48401e-06  0.00000e+00  0.00000e+00  1.00000e-01
  950  4.24316e-01  1.25000e-01  3.77871e-09  0.00000e+00  0.00000e+00  1.00000e-01
  951  4.25293e-01  1.25000e-01  9.74063e-12  0.00000e+00  0.00000e+00  1.00000e-01
  952  4.26270e-01  1.25000e-01  2.46365e-14  0.00000e+00  0.00000e+00  1.00000e-01
  953  4.27246e-01  1.25000e-01  0.00000e+00  0.00000e+00  0.00000e+00  1.00000e-01
  954  4.28223e-01  1.25000e-01  0.00000e+00  0.00000e+00  0.00000e+00  1.00000e-01
  955  4.29199e-01  1.25000e-01  0.00000e+00  0.00000e+00  0.00000e+00  1.00000e-01
  956  4.30176e-01  1.25000e-01  0.00000e+00  0.00000e+00  0.00000e+00  1.00000e-01
  957  4.31152e-01  1.25000e-01  0.00000e+00  0.00000e+00  0.00000e+00  1.00000e-01
  958  4.32129e-01  1.25000e-01  0.00000e+00  0.00000e+00  0.00000e+00  1.00000e-01
  959  4.33105e-01  1.25000e-01  0.00000e+00  0.00000e+00  0.00000e+00  1.00000e-01
  960  4.34082e-01  1.25000e-01  0.00000e+00  0.00000e+00  0.00000e+00  1.00000e-01
  961  4.35059e-01  1.25000e-01  0.00000e+00  0.00000e+00  0.00000e+00  1.00000e-01
  962  4.36035e-01  1.25000e-01  0.00000e+00  0.00000e+00  0.00000e+00  1.00000e-01
  963  4.37012e-01  1.25000e-01  0.00000e+00  0.00000e+00  0.00000e+00  1.00000e-01
  964  4.37988e-01  1.25000e-01  0.00000e+00  0.00000e+00  0.00000e+00  1.00000e-01
  965  4.38965e-01  1.25000e-01  0.00000e+00  0.00000e+00  0.00000e+00  1.00000e-01
  966  4.39941e-01  1.25000e-01  0.00000e+00  0.00000e+00  0.00000e+00  1.00000e-01
  967  4.40918e-01  1.25000e-01  0.00000e+00  0.00000e+00  0.00000e+00  1.00000e-01
  968  4.41895e-01  1.25000e-01  0.00000e+00  0.00000e+00  0.00000e+00  1.00000e-01
  969  4.42871e-01  1.25000e-01  0.00000e+00  0.00000e+00  0.00000e+00  1.00000e-01
  970  4.43848e-01  1.25000e-01  0.00000e+00  0.00000e+00  0.00000e+00  1.00000e-01
  971  4.44824e-01  1.25000e-01  0.00000e+00  0.00000e+00  0.00000e+00  1.00000e-01
  972  4.45801e-01  1.25000e-01  0.00000e+00  0.00000e+00  0.00000e+00  1.00000e-01
  973  4.46777e-01  1.25000e-01  0.00000e+00  0.00000e+00  0.00000e+00  1.00000e-01
  974  4.47754e-01  1.25000e-01  0.00000e+00  0.00000e+00  0.00000e+00  1.00000e-01
  975  4.48730e-01  1.25000e-01  0.00000e+00  0.00000e+00  0.00000e+00  1.00000e-01
  976  4.49707e-01  1.25000e-01  0.00000e+00  0.00000e+00  0.00000e+00  1.00000e-01
  977  4.50684e-01  1.25000e-01  0.00000e+00  0.00000e+00  0.00000e+00  1.00000e-01
  978  4.51660e-01  1.25000e-01  0.00000e+00  0.00000e+00  0.00000e+00  1.00000e-01
  979  4.52637e-01  1.25000e-01  0.00000e+00  0.00000e+00  0.00000e+00  1.00000e-01
  980  4.53613e-01  1.25000e-01  0.00000e+00  0.00000e+00  0.00000e+00  1.00000e-01
  981  4.54590e-01  1.25000e-01  0.00000e+00  0.00000e+00  0.00000e+00  1.00000e-01
  982  4.55566e-01  1.25000e-01  0.00000e+00  0.00000e+00  0.00000e+00  1.00000e-01
  983  4.56543e-01  1.25000e-01  0.00000e+00  0.00000e+00  0.00000e+00  1.00000e-01
  984  4.57520e-01  1.25000e-01  0.00000e+00  0.00000e+00  0.00000e+00  1.00000e-01
  985  4.58496e-01  1.25000e-01  0.00000e+00  0.00000e+00  0.00000e+00  1.00000e-01
  986  4.59473e-01  1.25000e-01  0.00000e+00  0.00000e+00  0.00000e+00  1.00000e-01
  987  4.60449e-01  1.25000e-01  0.00000e+00  0.00000e+00  0.00000e+00  1.00000e-01
  988  4.61426e-01  1.25000e-01  0.00000e+00  0.00000e+00  0.00000e+00  1.00000e-01
  989  4.62402e-01  1.25000e-01  0.00000e+00  0.00000e+00  0.00000e+00  1.00000e-01
  990  4.63379e-01  1.25000e-01  0.00000e+00  0.00000e+00  0.00000e+00  1.00000e-01
  991  4.64355e-01  1.25000e-01  0.00000e+00  0.00000e+00  0.00000e+00  1.00000e-01
  992  4.65332e-01  1.25000e-01  0.00000e+00  0.00000e+00  0.00000e+00  1.00000e-01
  993  4.66309e-01  1.25000e-01  0.00000e+00  0.00000e+00  0.00000e+00  1.00000e-01
  994  4.67285e-01  1.25000e-01  0.00000e+00  0.00000e+00  0.00000e+00  1.00000e-01
  995  4.68262e-01  1.25000e-01  0.00000e+00  0.00000e+00  0.00000e+00  1.00000e-01
  996  4.69238e-01  1.25000e-01  0.00000e+00  0.00000e+00  0.00000e+00  1.00000e-01
  997  4.70215e-01  1.25000e-01  0.00000e+00  0.00000e+00  0.00000e+00  1.00000e-01
  998  4.71191e-01  1.25000e-01  0.00000e+00  0.00000e+00  0.00000e+00  1.00000e-01
  999  4.72168e-01  1.25000e-01  0.00000e+00  0.00000e+00  0.00000e+00  1.00000e-01
 1000  4.73145e-01  1.25000e-01  0.00000e+00  0.00000e+00  0.00000e+00  1.00000e-01
 1001  4.74121e-01  1.25000e-01  0.00000e+00  0.00000e+00  0.00000e+00  1.00000e-01
 1002  4.75098e-01  1.25000e-01  0.00000e+00  0.00000e+00  0.00000e+00  1.00000e-01
 1003  4.76074e-01  1.25000e-01  0.00000e+00  0.00000e+00  0.00000e+00  1.00000e-01
 1004  4.77051e-01  1.25000e-01  0.00000e+00  0.00000e+00  0.00000e+00  1.00000e-01
 1005  4.78027e-01  1.25000e-01  0.00000e+00  0.00000e+00  0.00000e+00  1.00000e-01
 1006  4.79004e-01  1.25000e-01  0.00000e+00  0.00000e+00  0.00000e+00  1.00000e-01
 1007  4.79980e-01  1.25000e-01  0.00000e+00  0.00000e+00  0.00000e+00  1.00000e-01
 1008  4.80957e-01  1.25000e-01  0.00000e+00  0.00000e+00  0.00000e+00  1.00000e-01
 1009  4.81934e-01  1.25000e-01  0.00000e+00  0.00000e+00  0.00000e+00  1.00000e-01
 1010  4.82910e-01  1.25000e-01  0.00000e+00  0.00000e+00  0.00000e+00  1.00000e-01
 1011  4.83887e-01  1.25000e-01  0.00000e+00  0.00000e+00  0.00000e+00  1.00000e-01
 1012  4.84863e-01  1.25000e-01  0.00000e+00  0.00000e+00  0.00000e+00  1.00000e-01
 1013  4.85840e-01  1.25000e-01  0.00000e+00  0.00000e+00  0.00000e+00  1.00000e-01
 1014  4.86816e-01  1.25000e-01  0.00000e+00  0.00000e+00  0.00000e+00  1.00000e-01
 1015  4.87793e-01  1.25000e-01  0.00000e+00  0.00000e+00  0.00000e+00  1.00000e-01
 1016  4.88770e-01  1.25000e-01  0.00000e+00  0.00000e+00  0.00000e+00  1.00000e-01
 1017  4.89746e-01  1.25000e-01  0.00000e+00  0.00000e+00  0.00000e+00  1.00000e-01
 1018  4.90723e-01  1.25000e-01  0.00000e+00  0.00000e+00  0.00000e+00  1.00000e-01
 1019  4.91699e-01  1.25000e-01  0.00000e+00  0.00000e+00  0.00000e+00  1.00000e-01
 1020  4.92676e-01  1.25000e-01  0.00000e+00  0.00000e+00  0.00000e+00  1.00000e-01
 1021  4.93652e-01  1.25000e-01  0.00000e+00  0.00000e+00  0.00000e+00  1.00000e-01
 1022  4.94629e-01  1.25000e-01  0.00000e+00  0.00000e+00  0.00000e+00  1.00000e-01
 1023  4.95605e-01  1.25000e-01  0.00000e+00  0.00000e+00  0.00000e+00  1.00000e-01
 1024  4.96582e-01  1.25000e-01  0.00000e+00  0.00000e+00  0.00000e+00  1.00000e-01
 1025  4.97559e-01  1.25000e-01  0.00000e+00  0.00000e+00  0.00000e+00  1.00000e-01
 1026  4.98535e-01  1.25000e-01  0.00000e+00  0.00000e+00  0.00000e+00  1.00000e-01
 1027  4.99512e-01  1.25000e-01  0.00000e+00  0.00000e+00  0.00000e+00  1.00000e-01
