# Nx1 = 1024
# x1-size = 1
# PRIMITIVE vars at Time = 0.210257, level= 0, domain= 0
# [1]=i-zone [2]=x1 [3]=d [4]=V1 [5]=V2 [6]=V3 [7]=P
    4 -4.99512e-01  1.00000e+00  5.04800e-21  0.00000e+00  0.00000e+00  1.00000e+00
    5 -4.98535e-01  1.00000e+00  9.85679e-21  0.00000e+00  0.00000e+00  1.00000e+00
    6 -4.97559e-01  1.00000e+00 -8.76903e-22  0.00000e+00  0.00000e+00  1.00000e+00
    7 -4.96582e-01  1.00000e+00  8.09620e-17  0.00000e+00  0.00000e+00  1.00000e+00
    8 -4.95605e-01  1.00000e+00  1.84521e-20  0.00000e+00  0.00000e+00  1.00000e+00
    9 -4.94629e-01  1.00000e+00 -7.21289e-20  0.00000e+00  0.00000e+00  1.00000e+00
   10 -4.93652e-01  1.00000e+00 -1.86624e-20  0.00000e+00  0.00000e+00  1.00000e+00
   11 -4.92676e-01  1.00000e+00  9.16772e-20  0.00000e+00  0.00000e+00  1.00000e+00
   12 -4.91699e-01  1.00000e+00 -3.56597e-20  0.00000e+00  0.00000e+00  1.00000e+00
   13 -4.90723e-01  1.00000e+00 -7.27531e-20  0.00000e+00  0.00000e+00  1.00000e+00
   14 -4.89746e-01  1.00000e+00  2.61932e-20  0.00000e+00  0.00000e+00  1.00000e+00
   15 -4.88770e-01  1.00000e+00  2.36213e-20  0.00000e+00  0.00000e+00  1.00000e+00
   16 -4.87793e-01  1.00000e+00 -2.26406e-20  0.00000e+00  0.00000e+00  1.00000e+00
   17 -4.86816e-01  1.00000e+00  3.97001e-20  0.00000e+00  0.00000e+00  1.00000e+00
   18 -4.85840e-01  1.00000e+00  8.09690e-17  0.00000e+00  0.00000e+00  1.00000e+00
   19 -4.84863e-01  1.00000e+00 -1.34361e-20  0.00000e+00  0.00000e+00  1.00000e+00
   20 -4.83887e-01  1.00000e+00 -5.27467e-20  0.00000e+00  0.00000e+00  1.00000e+00
   21 -4.82910e-01  1.00000e+00  5.15515e-20  0.00000e+00  0.00000e+00  1.00000e+00
   22 -4.81934e-01  1.00000e+00  6.00459e-20  0.00000e+00  0.00000e+00  1.00000e+00
   23 -4.80957e-01  1.00000e+00 -4.50699e-20  0.00000e+00  0.00000e+00  1.00000e+00
   24 -4.79980e-01  1.00000e+00  8.08808e-17  0.00000e+00  0.00000e+00  1.00000e+00
   25 -4.79004e-01  1.00000e+00  7.86306e-21  0.00000e+00  0.00000e+00  1.00000e+00
   26 -4.78027e-01  1.00000e+00  1.28567e-20  0.00000e+00  0.00000e+00  1.00000e+00
   27 -4.77051e-01  1.00000e+00 -2.53238e-20  0.00000e+00  0.00000e+00  1.00000e+00
   28 -4.76074e-01  1.00000e+00  4.13190e-20  0.00000e+00  0.00000e+00  1.00000e+00
   29 -4.75098e-01  1.00000e+00 -1.74104e-21  0.00000e+00  0.00000e+00  1.00000e+00
   30 -4.74121e-01  1.00000e+00 -4.75324e-20  0.00000e+00  0.00000e+00  1.00000e+00
   31 -4.73145e-01  1.00000e+00 -3.03761e-20  0.00000e+00  0.00000e+00  1.00000e+00
   32 -4.72168e-01  1.00000e+00  8.94632e-20  0.00000e+00  0.00000e+00  1.00000e+00
   33 -4.71191e-01  1.00000e+00  3.09818e-21  0.00000e+00  0.00000e+00  1.00000e+00
   34 -4.70215e-01  1.00000e+00 -5.39713e-20  0.00000e+00  0.00000e+00  1.00000e+00
   35 -4.69238e-01  1.00000e+00  8.09181e-17  0.00000e+00  0.00000e+00  1.00000e+00
   36 -4.68262e-01  1.00000e+00  3.13081e-20  0.00000e+00  0.00000e+00  1.00000e+00
   37 -4.67285e-01  1.00000e+00 -1.00297e-20  0.00000e+00  0.00000e+00  1.00000e+00
   38 -4.66309e-01  1.00000e+00  5.69313e-21  0.00000e+00  0.00000e+00  1.00000e+00
   39 -4.65332e-01  1.00000e+00  3.32658e-20  0.00000e+00  0.00000e+00  1.00000e+00
   40 -4.64355e-01  1.00000e+00 -2.37390e-20  0.00000e+00  0.00000e+00  1.00000e+00
   41 -4.63379e-01  1.00000e+00  8.08938e-17  0.00000e+00  0.00000e+00  1.00000e+00
   42 -4.62402e-01  1.00000e+00 -1.24505e-20  0.00000e+00  0.00000e+00  1.00000e+00
   43 -4.61426e-01  1.00000e+00  9.01036e-20  0.00000e+00  0.00000e+00  1.00000e+00
   44 -4.60449e-01  1.00000e+00  7.67693e-21  0.00000e+00  0.00000e+00  1.00000e+00
   45 -4.59473e-01  1.00000e+00 -6.96461e-20  0.00000e+00  0.00000e+00  1.00000e+00
   46 -4.58496e-01  1.00000e+00 -1.58749e-20  0.00000e+00  0.00000e+00  1.00000e+00
   47 -4.57520e-01  1.00000e+00  1.66642e-20  0.00000e+00  0.00000e+00  1.00000e+00
   48 -4.56543e-01  1.00000e+00 -1.46826e-20  0.00000e+00  0.00000e+00  1.00000e+00
   49 -4.55566e-01  1.00000e+00  3.90423e-21  0.00000e+00  0.00000e+00  1.00000e+00
   50 -4.54590e-01  1.00000e+00 -5.73330e-22  0.00000e+00  0.00000e+00  1.00000e+00
   51 -4.53613e-01  1.00000e+00  3.37680e-20  0.00000e+00  0.00000e+00  1.00000e+00
   52 -4.52637e-01  1.00000e+00 -4.34088e-20  0.00000e+00  0.00000e+00  1.00000e+00
   53 -4.51660e-01  1.00000e+00  8.09442e-17  0.00000e+00  0.00000e+00  1.00000e+00
   54 -4.50684e-01  1.00000e+00  4.91737e-20  0.00000e+00  0.00000e+00  1.00000e+00
   55 -4.49707e-01  1.00000e+00  2.98682e-20  0.00000e+00  0.00000e+00  1.00000e+00
   56 -4.48730e-01  1.00000e+00 -5.49535e-20  0.00000e+00  0.00000e+00  1.00000e+00
   57 -4.47754e-01  1.00000e+00  2.46190e-20  0.00000e+00  0.00000e+00  1.00000e+00
   58 -4.46777e-01  1.00000e+00 -1.50153e-20  0.00000e+00  0.00000e+00  1.00000e+00
   59 -4.45801e-01  1.00000e+00 -1.89832e-20  0.00000e+00  0.00000e+00  1.00000e+00
   60 -4.44824e-01  1.00000e+00  1.57320e-20  0.00000e+00  0.00000e+00  1.00000e+00
   61 -4.43848e-01  1.00000e+00 -4.10075e-21  0.00000e+00  0.00000e+00  1.00000e+00
   62 -4.42871e-01  1.00000e+00  8.09325e-17  0.00000e+00  0.00000e+00  1.00000e+00
   63 -4.41895e-01  1.00000e+00 -4.32786e-20  0.00000e+00  0.00000e+00  1.00000e+00
   64 -4.40918e-01  1.00000e+00  2.56297e-20  0.00000e+00  0.00000e+00  1.00000e+00
   65 -4.39941e-01  1.00000e+00 -1.61395e-21  0.00000e+00  0.00000e+00  1.00000e+00
   66 -4.38965e-01  1.00000e+00  1.21371e-20  0.00000e+00  0.00000e+00  1.00000e+00
   67 -4.37988e-01  1.00000e+00 -8.75320e-21  0.00000e+00  0.00000e+00  1.00000e+00
   68 -4.37012e-01  1.00000e+00  6.99420e-20  0.00000e+00  0.00000e+00  1.00000e+00
   69 -4.36035e-01  1.00000e+00 -3.33348e-20  0.00000e+00  0.00000e+00  1.00000e+00
   70 -4.35059e-01  1.00000e+00 -3.94237e-20  0.00000e+00  0.00000e+00  1.00000e+00
   71 -4.34082e-01  1.00000e+00 -2.80337e-20  0.00000e+00  0.00000e+00  1.00000e+00
   72 -4.33105e-01  1.00000e+00  4.51599e-20  0.00000e+00  0.00000e+00  1.00000e+00
   73 -4.32129e-01  1.00000e+00 -1.46100e-21  0.00000e+00  0.00000e+00  1.00000e+00
   74 -4.31152e-01  1.00000e+00  8.09234e-17  0.00000e+00  0.00000e+00  1.00000e+00
   75 -4.30176e-01  1.00000e+00 -2.20221e-20  0.00000e+00  0.00000e+00  1.00000e+00
   76 -4.29199e-01  1.00000e+00 -2.49944e-20  0.00000e+00  0.00000e+00  1.00000e+00
   77 -4.28223e-01  1.00000e+00 -1.62739e-20  0.00000e+00  0.00000e+00  1.00000e+00
   78 -4.27246e-01  1.00000e+00  6.03842e-20  0.00000e+00  0.00000e+00  1.00000e+00
   79 -4.26270e-01  1.00000e+00  8.39544e-20  0.00000e+00  0.00000e+00  1.00000e+00
   80 -4.25293e-01  1.00000e+00 -9.96557e-21  0.00000e+00  0.00000e+00  1.00000e+00
   81 -4.24316e-01  1.00000e+00 -6.90835e-20  0.00000e+00  0.00000e+00  1.00000e+00
   82 -4.23340e-01  1.00000e+00 -2.16831e-20  0.00000e+00  0.00000e+00  1.00000e+00
   83 -4.22363e-01  1.00000e+00  7.79031e-21  0.00000e+00  0.00000e+00  1.00000e+00
   84 -4.21387e-01  1.00000e+00 -1.64126e-20  0.00000e+00  0.00000e+00  1.00000e+00
   85 -4.20410e-01  1.00000e+00 -1.26845e-20  0.00000e+00  0.00000e+00  1.00000e+00
   86 -4.19434e-01  1.00000e+00 -4.24840e-20  0.00000e+00  0.00000e+00  1.00000e+00
   87 -4.18457e-01  1.00000e+00  3.32287e-20  0.00000e+00  0.00000e+00  1.00000e+00
   88 -4.17480e-01  1.00000e+00 -8.23255e-21  0.00000e+00  0.00000e+00  1.00000e+00
   89 -4.16504e-01  1.00000e+00  3.39571e-20  0.00000e+00  0.00000e+00  1.00000e+00
   90 -4.15527e-01  1.00000e+00  5.92013e-20  0.00000e+00  0.00000e+00  1.00000e+00
   91 -4.14551e-01  1.00000e+00  2.53525e-20  0.00000e+00  0.00000e+00  1.00000e+00
   92 -4.13574e-01  1.00000e+00 -6.11286e-20  0.00000e+00  0.00000e+00  1.00000e+00
   93 -4.12598e-01  1.00000e+00  1.35802e-20  0.00000e+00  0.00000e+00  1.00000e+00
   94 -4.11621e-01  1.00000e+00 -3.00916e-20  0.00000e+00  0.00000e+00  1.00000e+00
   95 -4.10645e-01  1.00000e+00 -7.28550e-21  0.00000e+00  0.00000e+00  1.00000e+00
   96 -4.09668e-01  1.00000e+00 -3.38639e-20  0.00000e+00  0.00000e+00  1.00000e+00
   97 -4.08691e-01  1.00000e+00 -2.98447e-20  0.00000e+00  0.00000e+00  1.00000e+00
   98 -4.07715e-01  1.00000e+00  1.88187e-20  0.00000e+00  0.00000e+00  1.00000e+00
   99 -4.06738e-01  1.00000e+00  7.78744e-21  0.00000e+00  0.00000e+00  1.00000e+00
  100 -4.05762e-01  1.00000e+00  8.09821e-17  0.00000e+00  0.00000e+00  1.00000e+00
  101 -4.04785e-01  1.00000e+00  6.05798e-21  0.00000e+00  0.00000e+00  1.00000e+00
  102 -4.03809e-01  1.00000e+00  2.59225e-20  0.00000e+00  0.00000e+00  1.00000e+00
  103 -4.02832e-01  1.00000e+00 -2.25304e-20  0.00000e+00  0.00000e+00  1.00000e+00
  104 -4.01855e-01  1.00000e+00  5.46893e-20  0.00000e+00  0.00000e+00  1.00000e+00
  105 -4.00879e-01  1.00000e+00 -4.46823e-20  0.00000e+00  0.00000e+00  1.00000e+00
  106 -3.99902e-01  1.00000e+00 -1.64089e-20  0.00000e+00  0.00000e+00  1.00000e+00
  107 -3.98926e-01  1.00000e+00 -4.25117e-20  0.00000e+00  0.00000e+00  1.00000e+00
  108 -3.97949e-01  1.00000e+00 -5.74612e-21  0.00000e+00  0.00000e+00  1.00000e+00
  109 -3.96973e-01  1.00000e+00 -8.67497e-21  0.00000e+00  0.00000e+00  1.00000e+00
  110 -3.95996e-01  1.00000e+00  3.02365e-20  0.00000e+00  0.00000e+00  1.00000e+00
  111 -3.95020e-01  1.00000e+00  7.73029e-21  0.00000e+00  0.00000e+00  1.00000e+00
  112 -3.94043e-01  1.00000e+00 -5.72163e-20  0.00000e+00  0.00000e+00  1.00000e+00
  113 -3.93066e-01  1.00000e+00 -2.80334e-20  0.00000e+00  0.00000e+00  1.00000e+00
  114 -3.92090e-01  1.00000e+00  9.07402e-20  0.00000e+00  0.00000e+00  1.00000e+00
  115 -3.91113e-01  1.00000e+00  8.10358e-17  0.00000e+00  0.00000e+00  1.00000e+00
  116 -3.90137e-01  1.00000e+00 -4.60757e-20  0.00000e+00  0.00000e+00  1.00000e+00
  117 -3.89160e-01  1.00000e+00 -4.45878e-20  0.00000e+00  0.00000e+00  1.00000e+00
  118 -3.88184e-01  1.00000e+00 -1.58457e-21  0.00000e+00  0.00000e+00  1.00000e+00
  119 -3.87207e-01  1.00000e+00 -3.76143e-21  0.00000e+00  0.00000e+00  1.00000e+00
  120 -3.86230e-01  1.00000e+00 -3.44423e-20  0.00000e+00  0.00000e+00  1.00000e+00
  121 -3.85254e-01  1.00000e+00  1.13799e-20  0.00000e+00  0.00000e+00  1.00000e+00
  122 -3.84277e-01  1.00000e+00 -3.96186e-20  0.00000e+00  0.00000e+00  1.00000e+00
  123 -3.83301e-01  1.00000e+00 -3.23483e-20  0.00000e+00  0.00000e+00  1.00000e+00
  124 -3.82324e-01  1.00000e+00 -3.99122e-20  0.00000e+00  0.00000e+00  1.00000e+00
  125 -3.81348e-01  1.00000e+00  8.10303e-17  0.00000e+00  0.00000e+00  1.00000e+00
  126 -3.80371e-01  1.00000e+00  7.01570e-20  0.00000e+00  0.00000e+00  1.00000e+00
  127 -3.79395e-01  1.00000e+00 -8.72977e-21  0.00000e+00  0.00000e+00  1.00000e+00
  128 -3.78418e-01  1.00000e+00 -5.89143e-20  0.00000e+00  0.00000e+00  1.00000e+00
  129 -3.77441e-01  1.00000e+00  4.12546e-20  0.00000e+00  0.00000e+00  1.00000e+00
  130 -3.76465e-01  1.00000e+00 -2.89412e-20  0.00000e+00  0.00000e+00  1.00000e+00
  131 -3.75488e-01  1.00000e+00 -1.54244e-21  0.00000e+00  0.00000e+00  1.00000e+00
  132 -3.74512e-01  1.00000e+00 -2.51996e-20  0.00000e+00  0.00000e+00  1.00000e+00
  133 -3.73535e-01  1.00000e+00 -3.79425e-20  0.00000e+00  0.00000e+00  1.00000e+00
  134 -3.72559e-01  1.00000e+00 -4.23260e-20  0.00000e+00  0.00000e+00  1.00000e+00
  135 -3.71582e-01  1.00000e+00  1.44483e-20  0.00000e+00  0.00000e+00  1.00000e+00
  136 -3.70605e-01  1.00000e+00  7.71352e-20  0.00000e+00  0.00000e+00  1.00000e+00
  137 -3.69629e-01  1.00000e+00  8.09429e-17  0.00000e+00  0.00000e+00  1.00000e+00
  138 -3.68652e-01  1.00000e+00 -4.69751e-22  0.00000e+00  0.00000e+00  1.00000e+00
  139 -3.67676e-01  1.00000e+00 -3.97365e-22  0.00000e+00  0.00000e+00  1.00000e+00
  140 -3.66699e-01  1.00000e+00  8.10092e-20  0.00000e+00  0.00000e+00  1.00000e+00
  141 -3.65723e-01  1.00000e+00 -3.96587e-20  0.00000e+00  0.00000e+00  1.00000e+00
  142 -3.64746e-01  1.00000e+00 -2.73621e-21  0.00000e+00  0.00000e+00  1.00000e+00
  143 -3.63770e-01  1.00000e+00 -4.16273e-20  0.00000e+00  0.00000e+00  1.00000e+00
  144 -3.62793e-01  1.00000e+00 -2.57565e-20  0.00000e+00  0.00000e+00  1.00000e+00
  145 -3.61816e-01  1.00000e+00 -2.52997e-20  0.00000e+00  0.00000e+00  1.00000e+00
  146 -3.60840e-01  1.00000e+00  8.09617e-17  0.00000e+00  0.00000e+00  1.00000e+00
  147 -3.59863e-01  1.00000e+00  4.58242e-21  0.00000e+00  0.00000e+00  1.00000e+00
  148 -3.58887e-01  1.00000e+00 -6.38520e-20  0.00000e+00  0.00000e+00  1.00000e+00
  149 -3.57910e-01  1.00000e+00 -6.78369e-20  0.00000e+00  0.00000e+00  1.00000e+00
  150 -3.56934e-01  1.00000e+00  1.02442e-19  0.00000e+00  0.00000e+00  1.00000e+00
  151 -3.55957e-01  1.00000e+00  1.39759e-19  0.00000e+00  0.00000e+00  1.00000e+00
  152 -3.54980e-01  1.00000e+00 -3.87486e-20  0.00000e+00  0.00000e+00  1.00000e+00
  153 -3.54004e-01  1.00000e+00 -3.21558e-20  0.00000e+00  0.00000e+00  1.00000e+00
  154 -3.53027e-01  1.00000e+00  1.85973e-22  0.00000e+00  0.00000e+00  1.00000e+00
  155 -3.52051e-01  1.00000e+00 -2.32875e-20  0.00000e+00  0.00000e+00  1.00000e+00
  156 -3.51074e-01  1.00000e+00 -1.91654e-20  0.00000e+00  0.00000e+00  1.00000e+00
  157 -3.50098e-01  1.00000e+00  8.09646e-17  0.00000e+00  0.00000e+00  1.00000e+00
  158 -3.49121e-01  1.00000e+00 -6.45079e-20  0.00000e+00  0.00000e+00  1.00000e+00
  159 -3.48145e-01  1.00000e+00 -9.44714e-20  0.00000e+00  0.00000e+00  1.00000e+00
  160 -3.47168e-01  1.00000e+00 -3.93527e-20  0.00000e+00  0.00000e+00  1.00000e+00
  161 -3.46191e-01  1.00000e+00  1.32450e-19  0.00000e+00  0.00000e+00  1.00000e+00
  162 -3.45215e-01  1.00000e+00  1.20637e-19  0.00000e+00  0.00000e+00  1.00000e+00
  163 -3.44238e-01  1.00000e+00 -1.74053e-20  0.00000e+00  0.00000e+00  1.00000e+00
  164 -3.43262e-01  1.00000e+00 -6.66830e-20  0.00000e+00  0.00000e+00  1.00000e+00
  165 -3.42285e-01  1.00000e+00  1.37343e-20  0.00000e+00  0.00000e+00  1.00000e+00
  166 -3.41309e-01  1.00000e+00 -4.65907e-20  0.00000e+00  0.00000e+00  1.00000e+00
  167 -3.40332e-01  1.00000e+00  8.09576e-17  0.00000e+00  0.00000e+00  1.00000e+00
  168 -3.39355e-01  1.00000e+00 -3.16460e-20  0.00000e+00  0.00000e+00  1.00000e+00
  169 -3.38379e-01  1.00000e+00 -9.72483e-20  0.00000e+00  0.00000e+00  1.00000e+00
  170 -3.37402e-01  1.00000e+00 -3.21155e-20  0.00000e+00  0.00000e+00  1.00000e+00
  171 -3.36426e-01  1.00000e+00  4.74212e-20  0.00000e+00  0.00000e+00  1.00000e+00
  172 -3.35449e-01  1.00000e+00  8.67842e-20  0.00000e+00  0.00000e+00  1.00000e+00
  173 -3.34473e-01  1.00000e+00  6.21648e-20  0.00000e+00  0.00000e+00  1.00000e+00
  174 -3.33496e-01  1.00000e+00 -3.37948e-21  0.00000e+00  0.00000e+00  1.00000e+00
  175 -3.32520e-01  1.00000e+00  8.09313e-17  0.00000e+00  0.00000e+00  1.00000e+00
  176 -3.31543e-01  1.00000e+00  2.82075e-20  0.00000e+00  0.00000e+00  1.00000e+00
  177 -3.30566e-01  1.00000e+00 -4.05496e-20  0.00000e+00  0.00000e+00  1.00000e+00
  178 -3.29590e-01  1.00000e+00  2.75095e-20  0.00000e+00  0.00000e+00  1.00000e+00
  179 -3.28613e-01  1.00000e+00  8.08748e-17  0.00000e+00  0.00000e+00  1.00000e+00
  180 -3.27637e-01  1.00000e+00 -1.25307e-19  0.00000e+00  0.00000e+00  1.00000e+00
  181 -3.26660e-01  1.00000e+00  1.05899e-20  0.00000e+00  0.00000e+00  1.00000e+00
  182 -3.25684e-01  1.00000e+00  9.96467e-20  0.00000e+00  0.00000e+00  1.00000e+00
  183 -3.24707e-01  1.00000e+00  2.04436e-20  0.00000e+00  0.00000e+00  1.00000e+00
  184 -3.23730e-01  1.00000e+00  8.08952e-17  0.00000e+00  0.00000e+00  1.00000e+00
  185 -3.22754e-01  1.00000e+00 -5.92461e-20  0.00000e+00  0.00000e+00  1.00000e+00
  186 -3.21777e-01  1.00000e+00  8.03878e-20  0.00000e+00  0.00000e+00  1.00000e+00
  187 -3.20801e-01  1.00000e+00  6.11515e-20  0.00000e+00  0.00000e+00  1.00000e+00
  188 -3.19824e-01  1.00000e+00 -4.95809e-20  0.00000e+00  0.00000e+00  1.00000e+00
  189 -3.18848e-01  1.00000e+00  1.39737e-20  0.00000e+00  0.00000e+00  1.00000e+00
  190 -3.17871e-01  1.00000e+00 -3.14374e-20  0.00000e+00  0.00000e+00  1.00000e+00
  191 -3.16895e-01  1.00000e+00 -8.49285e-20  0.00000e+00  0.00000e+00  1.00000e+00
  192 -3.15918e-01  1.00000e+00  3.42787e-20  0.00000e+00  0.00000e+00  1.00000e+00
  193 -3.14941e-01  1.00000e+00  7.19555e-20  0.00000e+00  0.00000e+00  1.00000e+00
  194 -3.13965e-01  1.00000e+00 -1.09616e-20  0.00000e+00  0.00000e+00  1.00000e+00
  195 -3.12988e-01  1.00000e+00 -1.00266e-19  0.00000e+00  0.00000e+00  1.00000e+00
  196 -3.12012e-01  1.00000e+00 -9.73150e-20  0.00000e+00  0.00000e+00  1.00000e+00
  197 -3.11035e-01  1.00000e+00  1.32772e-19  0.00000e+00  0.00000e+00  1.00000e+00
  198 -3.10059e-01  1.00000e+00  1.21345e-19  0.00000e+00  0.00000e+00  1.00000e+00
  199 -3.09082e-01  1.00000e+00 -4.12635e-20  0.00000e+00  0.00000e+00  1.00000e+00
  200 -3.08105e-01  1.00000e+00  3.69135e-21  0.00000e+00  0.00000e+00  1.00000e+00
  201 -3.07129e-01  1.00000e+00 -4.57485e-20  0.00000e+00  0.00000e+00  1.00000e+00
  202 -3.06152e-01  1.00000e+00 -8.78425e-20  0.00000e+00  0.00000e+00  1.00000e+00
  203 -3.05176e-01  1.00000e+00  4.76394e-20  0.00000e+00  0.00000e+00  1.00000e+00
  204 -3.04199e-01  1.00000e+00  2.98581e-20  0.00000e+00  0.00000e+00  1.00000e+00
  205 -3.03223e-01  1.00000e+00 -7.48089e-20  0.00000e+00  0.00000e+00  1.00000e+00
  206 -3.02246e-01  1.00000e+00 -7.34255e-20  0.00000e+00  0.00000e+00  1.00000e+00
  207 -3.01270e-01  1.00000e+00 -2.21507e-20  0.00000e+00  0.00000e+00  1.00000e+00
  208 -3.00293e-01  1.00000e+00  1.00023e-19  0.00000e+00  0.00000e+00  1.00000e+00
  209 -2.99316e-01  1.00000e+00  8.63700e-20  0.00000e+00  0.00000e+00  1.00000e+00
  210 -2.98340e-01  1.00000e+00 -1.69677e-20  0.00000e+00  0.00000e+00  1.00000e+00
  211 -2.97363e-01  1.00000e+00  6.19056e-21  0.00000e+00  0.00000e+00  1.00000e+00
  212 -2.96387e-01  1.00000e+00  2.58993e-20  0.00000e+00  0.00000e+00  1.00000e+00
  213 -2.95410e-01  1.00000e+00  8.08707e-17  0.00000e+00  0.00000e+00  1.00000e+00
  214 -2.94434e-01  1.00000e+00  2.17363e-20  0.00000e+00  0.00000e+00  1.00000e+00
  215 -2.93457e-01  1.00000e+00  3.61713e-21  0.00000e+00  0.00000e+00  1.00000e+00
  216 -2.92480e-01  1.00000e+00 -1.05497e-19  0.00000e+00  0.00000e+00  1.00000e+00
  217 -2.91504e-01  1.00000e+00 -5.59664e-21  0.00000e+00  0.00000e+00  1.00000e+00
  218 -2.90527e-01  1.00000e+00  4.11881e-20  0.00000e+00  0.00000e+00  1.00000e+00
  219 -2.89551e-01  1.00000e+00  3.02425e-20  0.00000e+00  0.00000e+00  1.00000e+00
  220 -2.88574e-01  1.00000e+00  2.06056e-21  0.00000e+00  0.00000e+00  1.00000e+00
  221 -2.87598e-01  1.00000e+00 -2.58763e-20  0.00000e+00  0.00000e+00  1.00000e+00
  222 -2.86621e-01  1.00000e+00  2.25354e-20  0.00000e+00  0.00000e+00  1.00000e+00
  223 -2.85645e-01  1.00000e+00  3.59361e-20  0.00000e+00  0.00000e+00  1.00000e+00
  224 -2.84668e-01  1.00000e+00  8.09060e-17  0.00000e+00  0.00000e+00  1.00000e+00
  225 -2.83691e-01  1.00000e+00 -1.87316e-20  0.00000e+00  0.00000e+00  1.00000e+00
  226 -2.82715e-01  1.00000e+00 -3.51527e-20  0.00000e+00  0.00000e+00  1.00000e+00
  227 -2.81738e-01  1.00000e+00 -5.86045e-20  0.00000e+00  0.00000e+00  1.00000e+00
  228 -2.80762e-01  1.00000e+00  4.53636e-20  0.00000e+00  0.00000e+00  1.00000e+00
  229 -2.79785e-01  1.00000e+00  7.12770e-20  0.00000e+00  0.00000e+00  1.00000e+00
  230 -2.78809e-01  1.00000e+00  8.09593e-17  0.00000e+00  0.00000e+00  1.00000e+00
  231 -2.77832e-01  1.00000e+00 -8.48762e-20  0.00000e+00  0.00000e+00  1.00000e+00
  232 -2.76855e-01  1.00000e+00 -8.57630e-20  0.00000e+00  0.00000e+00  1.00000e+00
  233 -2.75879e-01  1.00000e+00  6.40865e-20  0.00000e+00  0.00000e+00  1.00000e+00
  234 -2.74902e-01  1.00000e+00  8.10652e-17  0.00000e+00  0.00000e+00  1.00000e+00
  235 -2.73926e-01  1.00000e+00 -4.02082e-20  0.00000e+00  0.00000e+00  1.00000e+00
  236 -2.72949e-01  1.00000e+00 -3.36380e-20  0.00000e+00  0.00000e+00  1.00000e+00
  237 -2.71973e-01  1.00000e+00 -3.40639e-20  0.00000e+00  0.00000e+00  1.00000e+00
  238 -2.70996e-01  1.00000e+00 -1.51711e-20  0.00000e+00  0.00000e+00  1.00000e+00
  239 -2.70020e-01  1.00000e+00  9.65593e-21  0.00000e+00  0.00000e+00  1.00000e+00
  240 -2.69043e-01  1.00000e+00  4.84771e-20  0.00000e+00  0.00000e+00  1.00000e+00
  241 -2.68066e-01  1.00000e+00 -4.13124e-20  0.00000e+00  0.00000e+00  1.00000e+00
  242 -2.67090e-01  1.00000e+00 -1.21724e-19  0.00000e+00  0.00000e+00  1.00000e+00
  243 -2.66113e-01  1.00000e+00 -7.83825e-20  0.00000e+00  0.00000e+00  1.00000e+00
  244 -2.65137e-01  1.00000e+00  1.51835e-19  0.00000e+00  0.00000e+00  1.00000e+00
  245 -2.64160e-01  1.00000e+00  8.10523e-17  0.00000e+00  0.00000e+00  1.00000e+00
  246 -2.63184e-01  1.00000e+00  3.23729e-16  0.00000e+00  0.00000e+00  1.00000e+00
  247 -2.62207e-01  1.00000e+00  4.77579e-15  0.00000e+00  0.00000e+00  1.00000e+00
  248 -2.61230e-01  1.00000e+00  5.29799e-14  0.00000e+00  0.00000e+00  1.00000e+00
  249 -2.60254e-01  1.00000e+00  5.68167e-13  0.00000e+00  0.00000e+00  1.00000e+00
  250 -2.59277e-01  1.00000e+00  6.04027e-12  0.00000e+00  0.00000e+00  1.00000e+00
  251 -2.58301e-01  1.00000e+00  6.42474e-11  0.00000e+00  0.00000e+00  1.00000e+00
  252 -2.57324e-01  1.00000e+00  6.83241e-10  0.00000e+00  0.00000e+00  1.00000e+00
  253 -2.56348e-01  1.00000e+00  7.26330e-09  0.00000e+00  0.00000e+00  1.00000e+00
  254 -2.55371e-01  1.00000e+00  7.72213e-08  0.00000e+00  0.00000e+00  1.00000e+00
  255 -2.54395e-01  9.99999e-01  8.22054e-07  0.00000e+00  0.00000e+00  9.99999e-01
  256 -2.53418e-01  9.99993e-01  8.61858e-06  0.00000e+00  0.00000e+00  9.99990e-01
  257 -2.52441e-01  9.99928e-01  8.47151e-05  0.00000e+00  0.00000e+00  9.99900e-01
  258 -2.51465e-01  9.99594e-01  4.81033e-04  0.00000e+00  0.00000e+00  9.99431e-01
  259 -2.50488e-01  9.98737e-01  1.49550e-03  0.00000e+00  0.00000e+00  9.98232e-01
  260 -2.49512e-01  9.97253e-01  3.25454e-03  0.00000e+00  0.00000e+00  9.96156e-01
  261 -2.48535e-01  9.95209e-01  5.67965e-03  0.00000e+00  0.00000e+00  9.93300e-01
  262 -2.47559e-01  9.92760e-01  8.59222e-03  0.00000e+00  0.00000e+00  9.89879e-01
  263 -2.46582e-01  9.90053e-01  1.18177e-02  0.00000e+00  0.00000e+00  9.86102e-01
  264 -2.45605e-01  9.87194e-01  1.52315e-02  0.00000e+00  0.00000e+00  9.82118e-01
  265 -2.44629e-01  9.84247e-01  1.87584e-02  0.00000e+00  0.00000e+00  9.78017e-01
  266 -2.43652e-01  9.81248e-01  2.23572e-02  0.00000e+00  0.00000e+00  9.73846e-01
  267 -2.42676e-01  9.78215e-01  2.60053e-02  0.00000e+00  0.00000e+00  9.69635e-01
  268 -2.41699e-01  9.75160e-01  2.96894e-02  0.00000e+00  0.00000e+00  9.65397e-01
  269 -2.40723e-01  9.72089e-01  3.34013e-02  0.00000e+00  0.00000e+00  9.61144e-01
  270 -2.39746e-01  9.69008e-01  3.71350e-02  0.00000e+00  0.00000e+00  9.56882e-01
  271 -2.38770e-01  9.65920e-01  4.08863e-02  0.00000e+00  0.00000e+00  9.52616e-01
  272 -2.37793e-01  9.62829e-01  4.46521e-02  0.00000e+00  0.00000e+00  9.48350e-01
  273 -2.36816e-01  9.59735e-01  4.84299e-02  0.00000e+00  0.00000e+00  9.44087e-01
  274 -2.35840e-01  9.56641e-01  5.22179e-02  0.00000e+00  0.00000e+00  9.39829e-01
  275 -2.34863e-01  9.53548e-01  5.60145e-02  0.00000e+00  0.00000e+00  9.35578e-01
  276 -2.33887e-01  9.50457e-01  5.98186e-02  0.00000e+00  0.00000e+00  9.31335e-01
  277 -2.32910e-01  9.47369e-01  6.36291e-02  0.00000e+00  0.00000e+00  9.27101e-01
  278 -2.31934e-01  9.44284e-01  6.74453e-02  0.00000e+00  0.00000e+00  9.22878e-01
  279 -2.30957e-01  9.41204e-01  7.12666e-02  0.00000e+00  0.00000e+00  9.18665e-01
  280 -2.29980e-01  9.38128e-01  7.50923e-02  0.00000e+00  0.00000e+00  9.14464e-01
  281 -2.29004e-01  9.35056e-01  7.89219e-02  0.00000e+00  0.00000e+00  9.10276e-01
  282 -2.28027e-01  9.31990e-01  8.27551e-02  0.00000e+00  0.00000e+00  9.06100e-01
  283 -2.27051e-01  9.28929e-01  8.65916e-02  0.00000e+00  0.00000e+00  9.01936e-01
  284 -2.26074e-01  9.25874e-01  9.04309e-02  0.00000e+00  0.00000e+00  8.97786e-01
  285 -2.25098e-01  9.22825e-01  9.42729e-02  0.00000e+00  0.00000e+00  8.93650e-01
  286 -2.24121e-01  9.19782e-01  9.81173e-02  0.00000e+00  0.00000e+00  8.89527e-01
  287 -2.23145e-01  9.16746e-01  1.01964e-01  0.00000e+00  0.00000e+00  8.85419e-01
  288 -2.22168e-01  9.13716e-01  1.05813e-01  0.00000e+00  0.00000e+00  8.81324e-01
  289 -2.21191e-01  9.10692e-01  1.09663e-01  0.00000e+00  0.00000e+00  8.77244e-01
  290 -2.20215e-01  9.07675e-01  1.13515e-01  0.00000e+00  0.00000e+00  8.73178e-01
  291 -2.19238e-01  9.04665e-01  1.17369e-01  0.00000e+00  0.00000e+00  8.69126e-01
  292 -2.18262e-01  9.01661e-01  1.21225e-01  0.00000e+00  0.00000e+00  8.65090e-01
  293 -2.17285e-01  8.98665e-01  1.25081e-01  0.00000e+00  0.00000e+00  8.61067e-01
  294 -2.16309e-01  8.95676e-01  1.28939e-01  0.00000e+00  0.00000e+00  8.57060e-01
  295 -2.15332e-01  8.92693e-01  1.32798e-01  0.00000e+00  0.00000e+00  8.53067e-01
  296 -2.14355e-01  8.89718e-01  1.36658e-01  0.00000e+00  0.00000e+00  8.49089e-01
  297 -2.13379e-01  8.86750e-01  1.40520e-01  0.00000e+00  0.00000e+00  8.45126e-01
  298 -2.12402e-01  8.83789e-01  1.44382e-01  0.00000e+00  0.00000e+00  8.41178e-01
  299 -2.11426e-01  8.80835e-01  1.48245e-01  0.00000e+00  0.00000e+00  8.37245e-01
  300 -2.10449e-01  8.77889e-01  1.52109e-01  0.00000e+00  0.00000e+00  8.33327e-01
  301 -2.09473e-01  8.74949e-01  1.55974e-01  0.00000e+00  0.00000e+00  8.29423e-01
  302 -2.08496e-01  8.72018e-01  1.59839e-01  0.00000e+00  0.00000e+00  8.25535e-01
  303 -2.07520e-01  8.69093e-01  1.63706e-01  0.00000e+00  0.00000e+00  8.21661e-01
  304 -2.06543e-01  8.66176e-01  1.67572e-01  0.00000e+00  0.00000e+00  8.17803e-01
  305 -2.05566e-01  8.63266e-01  1.71440e-01  0.00000e+00  0.00000e+00  8.13959e-01
  306 -2.04590e-01  8.60364e-01  1.75308e-01  0.00000e+00  0.00000e+00  8.10131e-01
  307 -2.03613e-01  8.57469e-01  1.79177e-01  0.00000e+00  0.00000e+00  8.06317e-01
  308 -2.02637e-01  8.54581e-01  1.83046e-01  0.00000e+00  0.00000e+00  8.02518e-01
  309 -2.01660e-01  8.51701e-01  1.86915e-01  0.00000e+00  0.00000e+00  7.98734e-01
  310 -2.00684e-01  8.48828e-01  1.90785e-01  0.00000e+00  0.00000e+00  7.94965e-01
  311 -1.99707e-01  8.45963e-01  1.94656e-01  0.00000e+00  0.00000e+00  7.91210e-01
  312 -1.98730e-01  8.43105e-01  1.98527e-01  0.00000e+00  0.00000e+00  7.87471e-01
  313 -1.97754e-01  8.40255e-01  2.02398e-01  0.00000e+00  0.00000e+00  7.83746e-01
  314 -1.96777e-01  8.37412e-01  2.06270e-01  0.00000e+00  0.00000e+00  7.80036e-01
  315 -1.95801e-01  8.34576e-01  2.10142e-01  0.00000e+00  0.00000e+00  7.76341e-01
  316 -1.94824e-01  8.31748e-01  2.14014e-01  0.00000e+00  0.00000e+00  7.72660e-01
  317 -1.93848e-01  8.28927e-01  2.17887e-01  0.00000e+00  0.00000e+00  7.68995e-01
  318 -1.92871e-01  8.26114e-01  2.21759e-01  0.00000e+00  0.00000e+00  7.65343e-01
  319 -1.91895e-01  8.23309e-01  2.25632e-01  0.00000e+00  0.00000e+00  7.61707e-01
  320 -1.90918e-01  8.20510e-01  2.29506e-01  0.00000e+00  0.00000e+00  7.58085e-01
  321 -1.89941e-01  8.17720e-01  2.33379e-01  0.00000e+00  0.00000e+00  7.54478e-01
  322 -1.88965e-01  8.14936e-01  2.37253e-01  0.00000e+00  0.00000e+00  7.50885e-01
  323 -1.87988e-01  8.12161e-01  2.41127e-01  0.00000e+00  0.00000e+00  7.47307e-01
  324 -1.87012e-01  8.09392e-01  2.45001e-01  0.00000e+00  0.00000e+00  7.43743e-01
  325 -1.86035e-01  8.06631e-01  2.48876e-01  0.00000e+00  0.00000e+00  7.40193e-01
  326 -1.85059e-01  8.03878e-01  2.52750e-01  0.00000e+00  0.00000e+00  7.36658e-01
  327 -1.84082e-01  8.01131e-01  2.56625e-01  0.00000e+00  0.00000e+00  7.33137e-01
  328 -1.83105e-01  7.98393e-01  2.60500e-01  0.00000e+00  0.00000e+00  7.29631e-01
  329 -1.82129e-01  7.95661e-01  2.64374e-01  0.00000e+00  0.00000e+00  7.26139e-01
  330 -1.81152e-01  7.92938e-01  2.68249e-01  0.00000e+00  0.00000e+00  7.22661e-01
  331 -1.80176e-01  7.90221e-01  2.72124e-01  0.00000e+00  0.00000e+00  7.19197e-01
  332 -1.79199e-01  7.87512e-01  2.76000e-01  0.00000e+00  0.00000e+00  7.15748e-01
  333 -1.78223e-01  7.84810e-01  2.79875e-01  0.00000e+00  0.00000e+00  7.12313e-01
  334 -1.77246e-01  7.82116e-01  2.83750e-01  0.00000e+00  0.00000e+00  7.08891e-01
  335 -1.76270e-01  7.79429e-01  2.87625e-01  0.00000e+00  0.00000e+00  7.05484e-01
  336 -1.75293e-01  7.76749e-01  2.91501e-01  0.00000e+00  0.00000e+00  7.02091e-01
  337 -1.74316e-01  7.74077e-01  2.95376e-01  0.00000e+00  0.00000e+00  6.98712e-01
  338 -1.73340e-01  7.71412e-01  2.99252e-01  0.00000e+00  0.00000e+00  6.95346e-01
  339 -1.72363e-01  7.68755e-01  3.03127e-01  0.00000e+00  0.00000e+00  6.91995e-01
  340 -1.71387e-01  7.66104e-01  3.07002e-01  0.00000e+00  0.00000e+00  6.88657e-01
  341 -1.70410e-01  7.63461e-01  3.10878e-01  0.00000e+00  0.00000e+00  6.85334e-01
  342 -1.69434e-01  7.60826e-01  3.14753e-01  0.00000e+00  0.00000e+00  6.82024e-01
  343 -1.68457e-01  7.58197e-01  3.18629e-01  0.00000e+00  0.00000e+00  6.78727e-01
  344 -1.67480e-01  7.55576e-01  3.22504e-01  0.00000e+00  0.00000e+00  6.75445e-01
  345 -1.66504e-01  7.52963e-01  3.26379e-01  0.00000e+00  0.00000e+00  6.72176e-01
  346 -1.65527e-01  7.50356e-01  3.30255e-01  0.00000e+00  0.00000e+00  6.68921e-01
  347 -1.64551e-01  7.47757e-01  3.34130e-01  0.00000e+00  0.00000e+00  6.65679e-01
  348 -1.63574e-01  7.45165e-01  3.38005e-01  0.00000e+00  0.00000e+00  6.62451e-01
  349 -1.62598e-01  7.42580e-01  3.41880e-01  0.00000e+00  0.00000e+00  6.59236e-01
  350 -1.61621e-01  7.40003e-01  3.45755e-01  0.00000e+00  0.00000e+00  6.56035e-01
  351 -1.60645e-01  7.37433e-01  3.49630e-01  0.00000e+00  0.00000e+00  6.52847e-01
  352 -1.59668e-01  7.34870e-01  3.53505e-01  0.00000e+00  0.00000e+00  6.49672e-01
  353 -1.58691e-01  7.32314e-01  3.57380e-01  0.00000e+00  0.00000e+00  6.46511e-01
  354 -1.57715e-01  7.29765e-01  3.61254e-01  0.00000e+00  0.00000e+00  6.43363e-01
  355 -1.56738e-01  7.27224e-01  3.65129e-01  0.00000e+00  0.00000e+00  6.40229e-01
  356 -1.55762e-01  7.24689e-01  3.69003e-01  0.00000e+00  0.00000e+00  6.37107e-01
  357 -1.54785e-01  7.22162e-01  3.72877e-01  0.00000e+00  0.00000e+00  6.33999e-01
  358 -1.53809e-01  7.19642e-01  3.76751e-01  0.00000e+00  0.00000e+00  6.30904e-01
  359 -1.52832e-01  7.17129e-01  3.80625e-01  0.00000e+00  0.00000e+00  6.27822e-01
  360 -1.51855e-01  7.14623e-01  3.84499e-01  0.00000e+00  0.00000e+00  6.24753e-01
  361 -1.50879e-01  7.12125e-01  3.88373e-01  0.00000e+00  0.00000e+00  6.21697e-01
  362 -1.49902e-01  7.09633e-01  3.92246e-01  0.00000e+00  0.00000e+00  6.18654e-01
  363 -1.48926e-01  7.07149e-01  3.96119e-01  0.00000e+00  0.00000e+00  6.15623e-01
  364 -1.47949e-01  7.04671e-01  3.99992e-01  0.00000e+00  0.00000e+00  6.12606e-01
  365 -1.46973e-01  7.02201e-01  4.03865e-01  0.00000e+00  0.00000e+00  6.09602e-01
  366 -1.45996e-01  6.99738e-01  4.07738e-01  0.00000e+00  0.00000e+00  6.06610e-01
  367 -1.45020e-01  6.97282e-01  4.11610e-01  0.00000e+00  0.00000e+00  6.03631e-01
  368 -1.44043e-01  6.94832e-01  4.15483e-01  0.00000e+00  0.00000e+00  6.00665e-01
  369 -1.43066e-01  6.92390e-01  4.19355e-01  0.00000e+00  0.00000e+00  5.97711e-01
  370 -1.42090e-01  6.89955e-01  4.23227e-01  0.00000e+00  0.00000e+00  5.94770e-01
  371 -1.41113e-01  6.87527e-01  4.27098e-01  0.00000e+00  0.00000e+00  5.91842e-01
  372 -1.40137e-01  6.85106e-01  4.30970e-01  0.00000e+00  0.00000e+00  5.88926e-01
  373 -1.39160e-01  6.82692e-01  4.34841e-01  0.00000e+00  0.00000e+00  5.86023e-01
  374 -1.38184e-01  6.80285e-01  4.38711e-01  0.00000e+00  0.00000e+00  5.83132e-01
  375 -1.37207e-01  6.77885e-01  4.42582e-01  0.00000e+00  0.00000e+00  5.80254e-01
  376 -1.36230e-01  6.75491e-01  4.46452e-01  0.00000e+00  0.00000e+00  5.77388e-01
  377 -1.35254e-01  6.73105e-01  4.50322e-01  0.00000e+00  0.00000e+00  5.74534e-01
  378 -1.34277e-01  6.70726e-01  4.54192e-01  0.00000e+00  0.00000e+00  5.71693e-01
  379 -1.33301e-01  6.68353e-01  4.58061e-01  0.00000e+00  0.00000e+00  5.68864e-01
  380 -1.32324e-01  6.65988e-01  4.61930e-01  0.00000e+00  0.00000e+00  5.66047e-01
  381 -1.31348e-01  6.63629e-01  4.65799e-01  0.00000e+00  0.00000e+00  5.63243e-01
  382 -1.30371e-01  6.61277e-01  4.69667e-01  0.00000e+00  0.00000e+00  5.60450e-01
  383 -1.29395e-01  6.58933e-01  4.73535e-01  0.00000e+00  0.00000e+00  5.57670e-01
  384 -1.28418e-01  6.56595e-01  4.77403e-01  0.00000e+00  0.00000e+00  5.54902e-01
  385 -1.27441e-01  6.54264e-01  4.81270e-01  0.00000e+00  0.00000e+00  5.52146e-01
  386 -1.26465e-01  6.51939e-01  4.85137e-01  0.00000e+00  0.00000e+00  5.49402e-01
  387 -1.25488e-01  6.49622e-01  4.89004e-01  0.00000e+00  0.00000e+00  5.46670e-01
  388 -1.24512e-01  6.47311e-01  4.92870e-01  0.00000e+00  0.00000e+00  5.43949e-01
  389 -1.23535e-01  6.45008e-01  4.96735e-01  0.00000e+00  0.00000e+00  5.41241e-01
  390 -1.22559e-01  6.42711e-01  5.00601e-01  0.00000e+00  0.00000e+00  5.38545e-01
  391 -1.21582e-01  6.40421e-01  5.04466e-01  0.00000e+00  0.00000e+00  5.35860e-01
  392 -1.20605e-01  6.38137e-01  5.08330e-01  0.00000e+00  0.00000e+00  5.33187e-01
  393 -1.19629e-01  6.35861e-01  5.12194e-01  0.00000e+00  0.00000e+00  5.30526e-01
  394 -1.18652e-01  6.33591e-01  5.16057e-01  0.00000e+00  0.00000e+00  5.27877e-01
  395 -1.17676e-01  6.31328e-01  5.19920e-01  0.00000e+00  0.00000e+00  5.25239e-01
  396 -1.16699e-01  6.29072e-01  5.23783e-01  0.00000e+00  0.00000e+00  5.22613e-01
  397 -1.15723e-01  6.26822e-01  5.27645e-01  0.00000e+00  0.00000e+00  5.19999e-01
  398 -1.14746e-01  6.24580e-01  5.31506e-01  0.00000e+00  0.00000e+00  5.17396e-01
  399 -1.13770e-01  6.22344e-01  5.35367e-01  0.00000e+00  0.00000e+00  5.14805e-01
  400 -1.12793e-01  6.20115e-01  5.39227e-01  0.00000e+00  0.00000e+00  5.12225e-01
  401 -1.11816e-01  6.17892e-01  5.43087e-01  0.00000e+00  0.00000e+00  5.09657e-01
  402 -1.10840e-01  6.15676e-01  5.46946e-01  0.00000e+00  0.00000e+00  5.07100e-01
  403 -1.09863e-01  6.13467e-01  5.50804e-01  0.00000e+00  0.00000e+00  5.04554e-01
  404 -1.08887e-01  6.11265e-01  5.54662e-01  0.00000e+00  0.00000e+00  5.02020e-01
  405 -1.07910e-01  6.09069e-01  5.58519e-01  0.00000e+00  0.00000e+00  4.99498e-01
  406 -1.06934e-01  6.06880e-01  5.62376e-01  0.00000e+00  0.00000e+00  4.96986e-01
  407 -1.05957e-01  6.04698e-01  5.66231e-01  0.00000e+00  0.00000e+00  4.94486e-01
  408 -1.04980e-01  6.02523e-01  5.70086e-01  0.00000e+00  0.00000e+00  4.91997e-01
  409 -1.04004e-01  6.00354e-01  5.73941e-01  0.00000e+00  0.00000e+00  4.89519e-01
  410 -1.03027e-01  5.98191e-01  5.77794e-01  0.00000e+00  0.00000e+00  4.87053e-01
  411 -1.02051e-01  5.96036e-01  5.81647e-01  0.00000e+00  0.00000e+00  4.84598e-01
  412 -1.01074e-01  5.93887e-01  5.85499e-01  0.00000e+00  0.00000e+00  4.82154e-01
  413 -1.00098e-01  5.91745e-01  5.89350e-01  0.00000e+00  0.00000e+00  4.79721e-01
  414 -9.91211e-02  5.89609e-01  5.93200e-01  0.00000e+00  0.00000e+00  4.77299e-01
  415 -9.81445e-02  5.87481e-01  5.97050e-01  0.00000e+00  0.00000e+00  4.74888e-01
  416 -9.71680e-02  5.85358e-01  6.00898e-01  0.00000e+00  0.00000e+00  4.72488e-01
  417 -9.61914e-02  5.83243e-01  6.04746e-01  0.00000e+00  0.00000e+00  4.70099e-01
  418 -9.52148e-02  5.81134e-01  6.08592e-01  0.00000e+00  0.00000e+00  4.67721e-01
  419 -9.42383e-02  5.79032e-01  6.12438e-01  0.00000e+00  0.00000e+00  4.65354e-01
  420 -9.32617e-02  5.76936e-01  6.16282e-01  0.00000e+00  0.00000e+00  4.62997e-01
  421 -9.22852e-02  5.74847e-01  6.20126e-01  0.00000e+00  0.00000e+00  4.60652e-01
  422 -9.13086e-02  5.72765e-01  6.23968e-01  0.00000e+00  0.00000e+00  4.58318e-01
  423 -9.03320e-02  5.70689e-01  6.27810e-01  0.00000e+00  0.00000e+00  4.55994e-01
  424 -8.93555e-02  5.68620e-01  6.31650e-01  0.00000e+00  0.00000e+00  4.53681e-01
  425 -8.83789e-02  5.66558e-01  6.35489e-01  0.00000e+00  0.00000e+00  4.51379e-01
  426 -8.74023e-02  5.64502e-01  6.39326e-01  0.00000e+00  0.00000e+00  4.49088e-01
  427 -8.64258e-02  5.62453e-01  6.43163e-01  0.00000e+00  0.00000e+00  4.46807e-01
  428 -8.54492e-02  5.60410e-01  6.46998e-01  0.00000e+00  0.00000e+00  4.44538e-01
  429 -8.44727e-02  5.58374e-01  6.50832e-01  0.00000e+00  0.00000e+00  4.42278e-01
  430 -8.34961e-02  5.56345e-01  6.54664e-01  0.00000e+00  0.00000e+00  4.40030e-01
  431 -8.25195e-02  5.54323e-01  6.58495e-01  0.00000e+00  0.00000e+00  4.37792e-01
  432 -8.15430e-02  5.52307e-01  6.62325e-01  0.00000e+00  0.00000e+00  4.35565e-01
  433 -8.05664e-02  5.50298e-01  6.66153e-01  0.00000e+00  0.00000e+00  4.33348e-01
  434 -7.95898e-02  5.48295e-01  6.69980e-01  0.00000e+00  0.00000e+00  4.31142e-01
  435 -7.86133e-02  5.46299e-01  6.73805e-01  0.00000e+00  0.00000e+00  4.28946e-01
  436 -7.76367e-02  5.44310e-01  6.77628e-01  0.00000e+00  0.00000e+00  4.26761e-01
  437 -7.66602e-02  5.42327e-01  6.81450e-01  0.00000e+00  0.00000e+00  4.24586e-01
  438 -7.56836e-02  5.40351e-01  6.85270e-01  0.00000e+00  0.00000e+00  4.22422e-01
  439 -7.47070e-02  5.38382e-01  6.89088e-01  0.00000e+00  0.00000e+00  4.20268e-01
  440 -7.37305e-02  5.36419e-01  6.92905e-01  0.00000e+00  0.00000e+00  4.18125e-01
  441 -7.27539e-02  5.34463e-01  6.96719e-01  0.00000e+00  0.00000e+00  4.15992e-01
  442 -7.17773e-02  5.32514e-01  7.00532e-01  0.00000e+00  0.00000e+00  4.13869e-01
  443 -7.08008e-02  5.30571e-01  7.04343e-01  0.00000e+00  0.00000e+00  4.11757e-01
  444 -6.98242e-02  5.28635e-01  7.08152e-01  0.00000e+00  0.00000e+00  4.09655e-01
  445 -6.88477e-02  5.26706e-01  7.11959e-01  0.00000e+00  0.00000e+00  4.07563e-01
  446 -6.78711e-02  5.24783e-01  7.15765e-01  0.00000e+00  0.00000e+00  4.05482e-01
  447 -6.68945e-02  5.22867e-01  7.19568e-01  0.00000e+00  0.00000e+00  4.03411e-01
  448 -6.59180e-02  5.20958e-01  7.23369e-01  0.00000e+00  0.00000e+00  4.01350e-01
  449 -6.49414e-02  5.19055e-01  7.27168e-01  0.00000e+00  0.00000e+00  3.99299e-01
  450 -6.39648e-02  5.17158e-01  7.30965e-01  0.00000e+00  0.00000e+00  3.97258e-01
  451 -6.29883e-02  5.15269e-01  7.34760e-01  0.00000e+00  0.00000e+00  3.95227e-01
  452 -6.20117e-02  5.13385e-01  7.38553e-01  0.00000e+00  0.00000e+00  3.93206e-01
  453 -6.10352e-02  5.11509e-01  7.42344e-01  0.00000e+00  0.00000e+00  3.91196e-01
  454 -6.00586e-02  5.09638e-01  7.46133e-01  0.00000e+00  0.00000e+00  3.89195e-01
  455 -5.90820e-02  5.07775e-01  7.49919e-01  0.00000e+00  0.00000e+00  3.87203e-01
  456 -5.81055e-02  5.05917e-01  7.53704e-01  0.00000e+00  0.00000e+00  3.85222e-01
  457 -5.71289e-02  5.04066e-01  7.57487e-01  0.00000e+00  0.00000e+00  3.83250e-01
  458 -5.61523e-02  5.02222e-01  7.61268e-01  0.00000e+00  0.00000e+00  3.81288e-01
  459 -5.51758e-02  5.00384e-01  7.65048e-01  0.00000e+00  0.00000e+00  3.79336e-01
  460 -5.41992e-02  4.98551e-01  7.68825e-01  0.00000e+00  0.00000e+00  3.77393e-01
  461 -5.32227e-02  4.96725e-01  7.72601e-01  0.00000e+00  0.00000e+00  3.75459e-01
  462 -5.22461e-02  4.94905e-01  7.76376e-01  0.00000e+00  0.00000e+00  3.73535e-01
  463 -5.12695e-02  4.93092e-01  7.80149e-01  0.00000e+00  0.00000e+00  3.71619e-01
  464 -5.02930e-02  4.91284e-01  7.83921e-01  0.00000e+00  0.00000e+00  3.69713e-01
  465 -4.93164e-02  4.89481e-01  7.87692e-01  0.00000e+00  0.00000e+00  3.67816e-01
  466 -4.83398e-02  4.87685e-01  7.91462e-01  0.00000e+00  0.00000e+00  3.65927e-01
  467 -4.73633e-02  4.85894e-01  7.95231e-01  0.00000e+00  0.00000e+00  3.64047e-01
  468 -4.63867e-02  4.84109e-01  7.99000e-01  0.00000e+00  0.00000e+00  3.62176e-01
  469 -4.54102e-02  4.82329e-01  8.02768e-01  0.00000e+00  0.00000e+00  3.60313e-01
  470 -4.44336e-02  4.80554e-01  8.06536e-01  0.00000e+00  0.00000e+00  3.58459e-01
  471 -4.34570e-02  4.78785e-01  8.10304e-01  0.00000e+00  0.00000e+00  3.56612e-01
  472 -4.24805e-02  4.77021e-01  8.14073e-01  0.00000e+00  0.00000e+00  3.54774e-01
  473 -4.15039e-02  4.75261e-01  8.17842e-01  0.00000e+00  0.00000e+00  3.52943e-01
  474 -4.05273e-02  4.73507e-01  8.21611e-01  0.00000e+00  0.00000e+00  3.51121e-01
  475 -3.95508e-02  4.71757e-01  8.25382e-01  0.00000e+00  0.00000e+00  3.49305e-01
  476 -3.85742e-02  4.70012e-01  8.29154e-01  0.00000e+00  0.00000e+00  3.47498e-01
  477 -3.75977e-02  4.68272e-01  8.32927e-01  0.00000e+00  0.00000e+00  3.45698e-01
  478 -3.66211e-02  4.66535e-01  8.36702e-01  0.00000e+00  0.00000e+00  3.43905e-01
  479 -3.56445e-02  4.64804e-01  8.40478e-01  0.00000e+00  0.00000e+00  3.42119e-01
  480 -3.46680e-02  4.63076e-01  8.44256e-01  0.00000e+00  0.00000e+00  3.40340e-01
  481 -3.36914e-02  4.61353e-01  8.48036e-01  0.00000e+00  0.00000e+00  3.38569e-01
  482 -3.27148e-02  4.59634e-01  8.51818e-01  0.00000e+00  0.00000e+00  3.36804e-01
  483 -3.17383e-02  4.57920e-01  8.55603e-01  0.00000e+00  0.00000e+00  3.35046e-01
  484 -3.07617e-02  4.56209e-01  8.59389e-01  0.00000e+00  0.00000e+00  3.33295e-01
  485 -2.97852e-02  4.54503e-01  8.63178e-01  0.00000e+00  0.00000e+00  3.31551e-01
  486 -2.88086e-02  4.52800e-01  8.66968e-01  0.00000e+00  0.00000e+00  3.29814e-01
  487 -2.78320e-02  4.51102e-01  8.70761e-01  0.00000e+00  0.00000e+00  3.28084e-01
  488 -2.68555e-02  4.49409e-01  8.74556e-01  0.00000e+00  0.00000e+00  3.26360e-01
  489 -2.58789e-02  4.47719e-01  8.78352e-01  0.00000e+00  0.00000e+00  3.24644e-01
  490 -2.49023e-02  4.46034e-01  8.82149e-01  0.00000e+00  0.00000e+00  3.22935e-01
  491 -2.39258e-02  4.44354e-01  8.85947e-01  0.00000e+00  0.00000e+00  3.21233e-01
  492 -2.29492e-02  4.42679e-01  8.89745e-01  0.00000e+00  0.00000e+00  3.19539e-01
  493 -2.19727e-02  4.41009e-01  8.93543e-01  0.00000e+00  0.00000e+00  3.17853e-01
  494 -2.09961e-02  4.39345e-01  8.97340e-01  0.00000e+00  0.00000e+00  3.16175e-01
  495 -2.00195e-02  4.37686e-01  9.01135e-01  0.00000e+00  0.00000e+00  3.14505e-01
  496 -1.90430e-02  4.36034e-01  9.04926e-01  0.00000e+00  0.00000e+00  3.12845e-01
  497 -1.80664e-02  4.34390e-01  9.08712e-01  0.00000e+00  0.00000e+00  3.11194e-01
  498 -1.70898e-02  4.32753e-01  9.12491e-01  0.00000e+00  0.00000e+00  3.09554e-01
  499 -1.61133e-02  4.31126e-01  9.16259e-01  0.00000e+00  0.00000e+00  3.07925e-01
  500 -1.51367e-02  4.29513e-01  9.20006e-01  0.00000e+00  0.00000e+00  3.06314e-01
  501 -1.41602e-02  4.27934e-01  9.23684e-01  0.00000e+00  0.00000e+00  3.04738e-01
  502 -1.31836e-02  4.26466e-01  9.27115e-01  0.00000e+00  0.00000e+00  3.03276e-01
  503 -1.22070e-02  4.25339e-01  9.29753e-01  0.00000e+00  0.00000e+00  3.02154e-01
  504 -1.12305e-02  4.24904e-01  9.30773e-01  0.00000e+00  0.00000e+00  3.01722e-01
  505 -1.02539e-02  4.24862e-01  9.30873e-01  0.00000e+00  0.00000e+00  3.01679e-01
  506 -9.27734e-03  4.24939e-01  9.30692e-01  0.00000e+00  0.00000e+00  3.01756e-01
  507 -8.30078e-03  4.25405e-01  9.29599e-01  0.00000e+00  0.00000e+00  3.02219e-01
  508 -7.32422e-03  4.25731e-01  9.28833e-01  0.00000e+00  0.00000e+00  3.02544e-01
  509 -6.34766e-03  4.25779e-01  9.28723e-01  0.00000e+00  0.00000e+00  3.02591e-01
  510 -5.37109e-03  4.25790e-01  9.28696e-01  0.00000e+00  0.00000e+00  3.02603e-01
  511 -4.39453e-03  4.25814e-01  9.28640e-01  0.00000e+00  0.00000e+00  3.02626e-01
  512 -3.41797e-03  4.25902e-01  9.28435e-01  0.00000e+00  0.00000e+00  3.02714e-01
  513 -2.44141e-03  4.26054e-01  9.28079e-01  0.00000e+00  0.00000e+00  3.02865e-01
  514 -1.46484e-03  4.26154e-01  9.27844e-01  0.00000e+00  0.00000e+00  3.02965e-01
  515 -4.88281e-04  4.26173e-01  9.27799e-01  0.00000e+00  0.00000e+00  3.02984e-01
  516  4.88281e-04  4.26175e-01  9.27793e-01  0.00000e+00  0.00000e+00  3.02986e-01
  517  1.46484e-03  4.26176e-01  9.27793e-01  0.00000e+00  0.00000e+00  3.02986e-01
  518  2.44141e-03  4.26176e-01  9.27792e-01  0.00000e+00  0.00000e+00  3.02987e-01
  519  3.41797e-03  4.26183e-01  9.27776e-01  0.00000e+00  0.00000e+00  3.02994e-01
  520  4.39453e-03  4.26222e-01  9.27685e-01  0.00000e+00  0.00000e+00  3.03032e-01
  521  5.37109e-03  4.26293e-01  9.27519e-01  0.00000e+00  0.00000e+00  3.03103e-01
  522  6.34766e-03  4.26315e-01  9.27466e-01  0.00000e+00  0.00000e+00  3.03125e-01
  523  7.32422e-03  4.26316e-01  9.27465e-01  0.00000e+00  0.00000e+00  3.03126e-01
  524  8.30078e-03  4.26298e-01  9.27507e-01  0.00000e+00  0.00000e+00  3.03108e-01
  525  9.27734e-03  4.26271e-01  9.27570e-01  0.00000e+00  0.00000e+00  3.03081e-01
  526  1.02539e-02  4.26268e-01  9.27578e-01  0.00000e+00  0.00000e+00  3.03078e-01
  527  1.12305e-02  4.26276e-01  9.27558e-01  0.00000e+00  0.00000e+00  3.03086e-01
  528  1.22070e-02  4.26313e-01  9.27472e-01  0.00000e+00  0.00000e+00  3.03123e-01
  529  1.31836e-02  4.26327e-01  9.27440e-01  0.00000e+00  0.00000e+00  3.03136e-01
  530  1.41602e-02  4.26326e-01  9.27441e-01  0.00000e+00  0.00000e+00  3.03136e-01
  531  1.51367e-02  4.26304e-01  9.27494e-01  0.00000e+00  0.00000e+00  3.03114e-01
  532  1.61133e-02  4.26274e-01  9.27563e-01  0.00000e+00  0.00000e+00  3.03084e-01
  533  1.70898e-02  4.26271e-01  9.27571e-01  0.00000e+00  0.00000e+00  3.03081e-01
  534  1.80664e-02  4.26278e-01  9.27554e-01  0.00000e+00  0.00000e+00  3.03088e-01
  535  1.90430e-02  4.26316e-01  9.27466e-01  0.00000e+00  0.00000e+00  3.03125e-01
  536  2.00195e-02  4.26332e-01  9.27427e-01  0.00000e+00  0.00000e+00  3.03142e-01
  537  2.09961e-02  4.26333e-01  9.27426e-01  0.00000e+00  0.00000e+00  3.03142e-01
  538  2.19727e-02  4.26311e-01  9.27477e-01  0.00000e+00  0.00000e+00  3.03121e-01
  539  2.29492e-02  4.26277e-01  9.27556e-01  0.00000e+00  0.00000e+00  3.03087e-01
  540  2.39258e-02  4.26272e-01  9.27568e-01  0.00000e+00  0.00000e+00  3.03082e-01
  541  2.49023e-02  4.26280e-01  9.27549e-01  0.00000e+00  0.00000e+00  3.03090e-01
  542  2.58789e-02  4.26322e-01  9.27451e-01  0.00000e+00  0.00000e+00  3.03132e-01
  543  2.68555e-02  4.26341e-01  9.27408e-01  0.00000e+00  0.00000e+00  3.03150e-01
  544  2.78320e-02  4.26340e-01  9.27409e-01  0.00000e+00  0.00000e+00  3.03150e-01
  545  2.88086e-02  4.26312e-01  9.27476e-01  0.00000e+00  0.00000e+00  3.03121e-01
  546  2.97852e-02  4.26273e-01  9.27566e-01  0.00000e+00  0.00000e+00  3.03083e-01
  547  3.07617e-02  4.26269e-01  9.27576e-01  0.00000e+00  0.00000e+00  3.03079e-01
  548  3.17383e-02  4.26280e-01  9.27551e-01  0.00000e+00  0.00000e+00  3.03089e-01
  549  3.27148e-02  4.26325e-01  9.27444e-01  0.00000e+00  0.00000e+00  3.03135e-01
  550  3.36914e-02  4.26340e-01  9.27410e-01  0.00000e+00  0.00000e+00  3.03149e-01
  551  3.46680e-02  4.26338e-01  9.27414e-01  0.00000e+00  0.00000e+00  3.03148e-01
  552  3.56445e-02  4.26304e-01  9.27493e-01  0.00000e+00  0.00000e+00  3.03114e-01
  553  3.66211e-02  4.26274e-01  9.27563e-01  0.00000e+00  0.00000e+00  3.03084e-01
  554  3.75977e-02  4.26272e-01  9.27569e-01  0.00000e+00  0.00000e+00  3.03082e-01
  555  3.85742e-02  4.26289e-01  9.27529e-01  0.00000e+00  0.00000e+00  3.03099e-01
  556  3.95508e-02  4.26333e-01  9.27425e-01  0.00000e+00  0.00000e+00  3.03143e-01
  557  4.05273e-02  4.26343e-01  9.27403e-01  0.00000e+00  0.00000e+00  3.03152e-01
  558  4.15039e-02  4.26339e-01  9.27412e-01  0.00000e+00  0.00000e+00  3.03149e-01
  559  4.24805e-02  4.26304e-01  9.27494e-01  0.00000e+00  0.00000e+00  3.03113e-01
  560  4.34570e-02  4.26280e-01  9.27551e-01  0.00000e+00  0.00000e+00  3.03089e-01
  561  4.44336e-02  4.26278e-01  9.27554e-01  0.00000e+00  0.00000e+00  3.03088e-01
  562  4.54102e-02  4.26296e-01  9.27514e-01  0.00000e+00  0.00000e+00  3.03105e-01
  563  4.63867e-02  4.26338e-01  9.27415e-01  0.00000e+00  0.00000e+00  3.03147e-01
  564  4.73633e-02  4.26348e-01  9.27393e-01  0.00000e+00  0.00000e+00  3.03157e-01
  565  4.83398e-02  4.26345e-01  9.27398e-01  0.00000e+00  0.00000e+00  3.03155e-01
  566  4.93164e-02  4.26315e-01  9.27469e-01  0.00000e+00  0.00000e+00  3.03124e-01
  567  5.02930e-02  4.26284e-01  9.27541e-01  0.00000e+00  0.00000e+00  3.03094e-01
  568  5.12695e-02  4.26281e-01  9.27548e-01  0.00000e+00  0.00000e+00  3.03091e-01
  569  5.22461e-02  4.26291e-01  9.27524e-01  0.00000e+00  0.00000e+00  3.03101e-01
  570  5.32227e-02  4.26335e-01  9.27421e-01  0.00000e+00  0.00000e+00  3.03145e-01
  571  5.41992e-02  4.26353e-01  9.27381e-01  0.00000e+00  0.00000e+00  3.03162e-01
  572  5.51758e-02  4.26352e-01  9.27382e-01  0.00000e+00  0.00000e+00  3.03162e-01
  573  5.61523e-02  4.26325e-01  9.27446e-01  0.00000e+00  0.00000e+00  3.03134e-01
  574  5.71289e-02  4.26286e-01  9.27537e-01  0.00000e+00  0.00000e+00  3.03095e-01
  575  5.81055e-02  4.26281e-01  9.27549e-01  0.00000e+00  0.00000e+00  3.03090e-01
  576  5.90820e-02  4.26291e-01  9.27527e-01  0.00000e+00  0.00000e+00  3.03100e-01
  577  6.00586e-02  4.26336e-01  9.27421e-01  0.00000e+00  0.00000e+00  3.03145e-01
  578  6.10352e-02  4.26352e-01  9.27384e-01  0.00000e+00  0.00000e+00  3.03161e-01
  579  6.20117e-02  4.26350e-01  9.27387e-01  0.00000e+00  0.00000e+00  3.03159e-01
  580  6.29883e-02  4.26316e-01  9.27468e-01  0.00000e+00  0.00000e+00  3.03125e-01
  581  6.39648e-02  4.26279e-01  9.27555e-01  0.00000e+00  0.00000e+00  3.03088e-01
  582  6.49414e-02  4.26275e-01  9.27563e-01  0.00000e+00  0.00000e+00  3.03084e-01
  583  6.59180e-02  4.26290e-01  9.27529e-01  0.00000e+00  0.00000e+00  3.03099e-01
  584  6.68945e-02  4.26338e-01  9.27416e-01  0.00000e+00  0.00000e+00  3.03147e-01
  585  6.78711e-02  4.26350e-01  9.27388e-01  0.00000e+00  0.00000e+00  3.03159e-01
  586  6.88477e-02  4.26347e-01  9.27395e-01  0.00000e+00  0.00000e+00  3.03156e-01
  587  6.98242e-02  4.26309e-01  9.27484e-01  0.00000e+00  0.00000e+00  3.03118e-01
  588  7.08008e-02  4.26280e-01  9.27552e-01  0.00000e+00  0.00000e+00  3.03089e-01
  589  7.17773e-02  4.26278e-01  9.27556e-01  0.00000e+00  0.00000e+00  3.03087e-01
  590  7.27539e-02  4.26297e-01  9.27513e-01  0.00000e+00  0.00000e+00  3.03106e-01
  591  7.37305e-02  4.26345e-01  9.27401e-01  0.00000e+00  0.00000e+00  3.03153e-01
  592  7.47070e-02  4.26355e-01  9.27376e-01  0.00000e+00  0.00000e+00  3.03164e-01
  593  7.56836e-02  4.26353e-01  9.27382e-01  0.00000e+00  0.00000e+00  3.03161e-01
  594  7.66602e-02  4.26319e-01  9.27463e-01  0.00000e+00  0.00000e+00  3.03127e-01
  595  7.76367e-02  4.26287e-01  9.27537e-01  0.00000e+00  0.00000e+00  3.03095e-01
  596  7.86133e-02  4.26284e-01  9.27545e-01  0.00000e+00  0.00000e+00  3.03092e-01
  597  7.95898e-02  4.26294e-01  9.27520e-01  0.00000e+00  0.00000e+00  3.03103e-01
  598  8.05664e-02  4.26339e-01  9.27415e-01  0.00000e+00  0.00000e+00  3.03148e-01
  599  8.15430e-02  4.26358e-01  9.27371e-01  0.00000e+00  0.00000e+00  3.03166e-01
  600  8.25195e-02  4.26358e-01  9.27370e-01  0.00000e+00  0.00000e+00  3.03167e-01
  601  8.34961e-02  4.26334e-01  9.27428e-01  0.00000e+00  0.00000e+00  3.03142e-01
  602  8.44727e-02  4.26291e-01  9.27529e-01  0.00000e+00  0.00000e+00  3.03099e-01
  603  8.54492e-02  4.26284e-01  9.27545e-01  0.00000e+00  0.00000e+00  3.03092e-01
  604  8.64258e-02  4.26290e-01  9.27530e-01  0.00000e+00  0.00000e+00  3.03099e-01
  605  8.74023e-02  4.26335e-01  9.27426e-01  0.00000e+00  0.00000e+00  3.03143e-01
  606  8.83789e-02  4.26358e-01  9.27371e-01  0.00000e+00  0.00000e+00  3.03166e-01
  607  8.93555e-02  4.26359e-01  9.27370e-01  0.00000e+00  0.00000e+00  3.03167e-01
  608  9.03320e-02  4.26329e-01  9.27439e-01  0.00000e+00  0.00000e+00  3.03137e-01
  609  9.13086e-02  4.26283e-01  9.27549e-01  0.00000e+00  0.00000e+00  3.03091e-01
  610  9.22852e-02  4.26276e-01  9.27564e-01  0.00000e+00  0.00000e+00  3.03084e-01
  611  9.32617e-02  4.26285e-01  9.27542e-01  0.00000e+00  0.00000e+00  3.03094e-01
  612  9.42383e-02  4.26335e-01  9.27426e-01  0.00000e+00  0.00000e+00  3.03143e-01
  613  9.52148e-02  4.26355e-01  9.27379e-01  0.00000e+00  0.00000e+00  3.03163e-01
  614  9.61914e-02  4.26354e-01  9.27381e-01  0.00000e+00  0.00000e+00  3.03162e-01
  615  9.71680e-02  4.26322e-01  9.27458e-01  0.00000e+00  0.00000e+00  3.03129e-01
  616  9.81445e-02  4.26283e-01  9.27549e-01  0.00000e+00  0.00000e+00  3.03091e-01
  617  9.91211e-02  4.26279e-01  9.27559e-01  0.00000e+00  0.00000e+00  3.03086e-01
  618  1.00098e-01  4.26291e-01  9.27530e-01  0.00000e+00  0.00000e+00  3.03099e-01
  619  1.01074e-01  4.26342e-01  9.27411e-01  0.00000e+00  0.00000e+00  3.03149e-01
  620  1.02051e-01  4.26360e-01  9.27369e-01  0.00000e+00  0.00000e+00  3.03167e-01
  621  1.03027e-01  4.26360e-01  9.27369e-01  0.00000e+00  0.00000e+00  3.03167e-01
  622  1.04004e-01  4.26332e-01  9.27434e-01  0.00000e+00  0.00000e+00  3.03140e-01
  623  1.04980e-01  4.26291e-01  9.27532e-01  0.00000e+00  0.00000e+00  3.03098e-01
  624  1.05957e-01  4.26285e-01  9.27546e-01  0.00000e+00  0.00000e+00  3.03092e-01
  625  1.06934e-01  4.26290e-01  9.27534e-01  0.00000e+00  0.00000e+00  3.03097e-01
  626  1.07910e-01  4.26332e-01  9.27435e-01  0.00000e+00  0.00000e+00  3.03139e-01
  627  1.08887e-01  4.26362e-01  9.27365e-01  0.00000e+00  0.00000e+00  3.03169e-01
  628  1.09863e-01  4.26364e-01  9.27360e-01  0.00000e+00  0.00000e+00  3.03171e-01
  629  1.10840e-01  4.26349e-01  9.27397e-01  0.00000e+00  0.00000e+00  3.03155e-01
  630  1.11816e-01  4.26299e-01  9.27515e-01  0.00000e+00  0.00000e+00  3.03106e-01
  631  1.12793e-01  4.26285e-01  9.27547e-01  0.00000e+00  0.00000e+00  3.03092e-01
  632  1.13770e-01  4.26287e-01  9.27542e-01  0.00000e+00  0.00000e+00  3.03094e-01
  633  1.14746e-01  4.26326e-01  9.27451e-01  0.00000e+00  0.00000e+00  3.03132e-01
  634  1.15723e-01  4.26361e-01  9.27368e-01  0.00000e+00  0.00000e+00  3.03168e-01
  635  1.16699e-01  4.26365e-01  9.27361e-01  0.00000e+00  0.00000e+00  3.03171e-01
  636  1.17676e-01  4.26345e-01  9.27406e-01  0.00000e+00  0.00000e+00  3.03152e-01
  637  1.18652e-01  4.26290e-01  9.27537e-01  0.00000e+00  0.00000e+00  3.03096e-01
  638  1.19629e-01  4.26277e-01  9.27568e-01  0.00000e+00  0.00000e+00  3.03083e-01
  639  1.20605e-01  4.26281e-01  9.27559e-01  0.00000e+00  0.00000e+00  3.03087e-01
  640  1.21582e-01  4.26326e-01  9.27453e-01  0.00000e+00  0.00000e+00  3.03132e-01
  641  1.22559e-01  4.26360e-01  9.27374e-01  0.00000e+00  0.00000e+00  3.03165e-01
  642  1.23535e-01  4.26362e-01  9.27370e-01  0.00000e+00  0.00000e+00  3.03167e-01
  643  1.24512e-01  4.26340e-01  9.27421e-01  0.00000e+00  0.00000e+00  3.03146e-01
  644  1.25488e-01  4.26290e-01  9.27537e-01  0.00000e+00  0.00000e+00  3.03096e-01
  645  1.26465e-01  4.26281e-01  9.27559e-01  0.00000e+00  0.00000e+00  3.03087e-01
  646  1.27441e-01  4.26286e-01  9.27548e-01  0.00000e+00  0.00000e+00  3.03091e-01
  647  1.28418e-01  4.26332e-01  9.27443e-01  0.00000e+00  0.00000e+00  3.03136e-01
  648  1.29395e-01  4.26365e-01  9.27365e-01  0.00000e+00  0.00000e+00  3.03169e-01
  649  1.30371e-01  4.26368e-01  9.27359e-01  0.00000e+00  0.00000e+00  3.03172e-01
  650  1.31348e-01  4.26354e-01  9.27393e-01  0.00000e+00  0.00000e+00  3.03158e-01
  651  1.32324e-01  4.26304e-01  9.27510e-01  0.00000e+00  0.00000e+00  3.03108e-01
  652  1.33301e-01  4.26287e-01  9.27550e-01  0.00000e+00  0.00000e+00  3.03091e-01
  653  1.34277e-01  4.26287e-01  9.27549e-01  0.00000e+00  0.00000e+00  3.03091e-01
  654  1.35254e-01  4.26318e-01  9.27480e-01  0.00000e+00  0.00000e+00  3.03120e-01
  655  1.36230e-01  4.26367e-01  9.27367e-01  0.00000e+00  0.00000e+00  3.03168e-01
  656  1.37207e-01  4.26374e-01  9.27349e-01  0.00000e+00  0.00000e+00  3.03176e-01
  657  1.38184e-01  4.26368e-01  9.27365e-01  0.00000e+00  0.00000e+00  3.03169e-01
  658  1.39160e-01  4.26318e-01  9.27481e-01  0.00000e+00  0.00000e+00  3.03120e-01
  659  1.40137e-01  4.26285e-01  9.27555e-01  0.00000e+00  0.00000e+00  3.03089e-01
  660  1.41113e-01  4.26283e-01  9.27559e-01  0.00000e+00  0.00000e+00  3.03087e-01
  661  1.42090e-01  4.26309e-01  9.27498e-01  0.00000e+00  0.00000e+00  3.03113e-01
  662  1.43066e-01  4.26360e-01  9.27378e-01  0.00000e+00  0.00000e+00  3.03164e-01
  663  1.44043e-01  4.26375e-01  9.27359e-01  0.00000e+00  0.00000e+00  3.03172e-01
  664  1.45020e-01  4.26367e-01  9.27379e-01  0.00000e+00  0.00000e+00  3.03164e-01
  665  1.45996e-01  4.26314e-01  9.27506e-01  0.00000e+00  0.00000e+00  3.03110e-01
  666  1.46973e-01  4.26289e-01  9.27570e-01  0.00000e+00  0.00000e+00  3.03083e-01
  667  1.47949e-01  4.26284e-01  9.27571e-01  0.00000e+00  0.00000e+00  3.03082e-01
  668  1.48926e-01  4.26315e-01  9.27496e-01  0.00000e+00  0.00000e+00  3.03114e-01
  669  1.49902e-01  4.26360e-01  9.27378e-01  0.00000e+00  0.00000e+00  3.03164e-01
  670  1.50879e-01  4.26367e-01  9.27362e-01  0.00000e+00  0.00000e+00  3.03171e-01
  671  1.51855e-01  4.26359e-01  9.27383e-01  0.00000e+00  0.00000e+00  3.03162e-01
  672  1.52832e-01  4.26312e-01  9.27499e-01  0.00000e+00  0.00000e+00  3.03113e-01
  673  1.53809e-01  4.26297e-01  9.27553e-01  0.00000e+00  0.00000e+00  3.03090e-01
  674  1.54785e-01  4.26300e-01  9.27555e-01  0.00000e+00  0.00000e+00  3.03089e-01
  675  1.55762e-01  4.26328e-01  9.27496e-01  0.00000e+00  0.00000e+00  3.03114e-01
  676  1.56738e-01  4.26382e-01  9.27378e-01  0.00000e+00  0.00000e+00  3.03164e-01
  677  1.57715e-01  4.26384e-01  9.27356e-01  0.00000e+00  0.00000e+00  3.03174e-01
  678  1.58691e-01  4.26378e-01  9.27362e-01  0.00000e+00  0.00000e+00  3.03171e-01
  679  1.59668e-01  4.26335e-01  9.27451e-01  0.00000e+00  0.00000e+00  3.03133e-01
  680  1.60645e-01  4.26290e-01  9.27545e-01  0.00000e+00  0.00000e+00  3.03093e-01
  681  1.61621e-01  4.26290e-01  9.27556e-01  0.00000e+00  0.00000e+00  3.03089e-01
  682  1.62598e-01  4.26306e-01  9.27527e-01  0.00000e+00  0.00000e+00  3.03101e-01
  683  1.63574e-01  4.26371e-01  9.27395e-01  0.00000e+00  0.00000e+00  3.03157e-01
  684  1.64551e-01  4.26406e-01  9.27343e-01  0.00000e+00  0.00000e+00  3.03179e-01
  685  1.65527e-01  4.26410e-01  9.27344e-01  0.00000e+00  0.00000e+00  3.03179e-01
  686  1.66504e-01  4.26372e-01  9.27432e-01  0.00000e+00  0.00000e+00  3.03141e-01
  687  1.67480e-01  4.26315e-01  9.27560e-01  0.00000e+00  0.00000e+00  3.03087e-01
  688  1.68457e-01  4.26301e-01  9.27577e-01  0.00000e+00  0.00000e+00  3.03080e-01
  689  1.69434e-01  4.26313e-01  9.27549e-01  0.00000e+00  0.00000e+00  3.03092e-01
  690  1.70410e-01  4.26372e-01  9.27411e-01  0.00000e+00  0.00000e+00  3.03151e-01
  691  1.71387e-01  4.26394e-01  9.27359e-01  0.00000e+00  0.00000e+00  3.03172e-01
  692  1.72363e-01  4.26399e-01  9.27362e-01  0.00000e+00  0.00000e+00  3.03171e-01
  693  1.73340e-01  4.26363e-01  9.27457e-01  0.00000e+00  0.00000e+00  3.03131e-01
  694  1.74316e-01  4.26319e-01  9.27564e-01  0.00000e+00  0.00000e+00  3.03086e-01
  695  1.75293e-01  4.26320e-01  9.27575e-01  0.00000e+00  0.00000e+00  3.03081e-01
  696  1.76270e-01  4.26340e-01  9.27540e-01  0.00000e+00  0.00000e+00  3.03096e-01
  697  1.77246e-01  4.26410e-01  9.27401e-01  0.00000e+00  0.00000e+00  3.03155e-01
  698  1.78223e-01  4.26435e-01  9.27354e-01  0.00000e+00  0.00000e+00  3.03175e-01
  699  1.79199e-01  4.26458e-01  9.27355e-01  0.00000e+00  0.00000e+00  3.03174e-01
  700  1.80176e-01  4.26436e-01  9.27433e-01  0.00000e+00  0.00000e+00  3.03142e-01
  701  1.81152e-01  4.26418e-01  9.27541e-01  0.00000e+00  0.00000e+00  3.03095e-01
  702  1.82129e-01  4.26437e-01  9.27557e-01  0.00000e+00  0.00000e+00  3.03088e-01
  703  1.83105e-01  4.26470e-01  9.27542e-01  0.00000e+00  0.00000e+00  3.03095e-01
  704  1.84082e-01  4.26553e-01  9.27432e-01  0.00000e+00  0.00000e+00  3.03142e-01
  705  1.85059e-01  4.26622e-01  9.27349e-01  0.00000e+00  0.00000e+00  3.03177e-01
  706  1.86035e-01  4.26636e-01  9.27342e-01  0.00000e+00  0.00000e+00  3.03180e-01
  707  1.87012e-01  4.26619e-01  9.27383e-01  0.00000e+00  0.00000e+00  3.03163e-01
  708  1.87988e-01  4.26556e-01  9.27517e-01  0.00000e+00  0.00000e+00  3.03106e-01
  709  1.88965e-01  4.26530e-01  9.27563e-01  0.00000e+00  0.00000e+00  3.03086e-01
  710  1.89941e-01  4.26499e-01  9.27558e-01  0.00000e+00  0.00000e+00  3.03088e-01
  711  1.90918e-01  4.26269e-01  9.27460e-01  0.00000e+00  0.00000e+00  3.03130e-01
  712  1.91895e-01  4.23963e-01  9.27355e-01  0.00000e+00  0.00000e+00  3.03175e-01
  713  1.92871e-01  4.11547e-01  9.27344e-01  0.00000e+00  0.00000e+00  3.03179e-01
  714  1.93848e-01  3.82925e-01  9.27384e-01  0.00000e+00  0.00000e+00  3.03163e-01
  715  1.94824e-01  3.42745e-01  9.27530e-01  0.00000e+00  0.00000e+00  3.03106e-01
  716  1.95801e-01  3.04045e-01  9.27596e-01  0.00000e+00  0.00000e+00  3.03082e-01
  717  1.96777e-01  2.78199e-01  9.27602e-01  0.00000e+00  0.00000e+00  3.03082e-01
  718  1.97754e-01  2.66997e-01  9.27569e-01  0.00000e+00  0.00000e+00  3.03094e-01
  719  1.98730e-01  2.64640e-01  9.27436e-01  0.00000e+00  0.00000e+00  3.03139e-01
  720  1.99707e-01  2.64419e-01  9.27347e-01  0.00000e+00  0.00000e+00  3.03169e-01
  721  2.00684e-01  2.64400e-01  9.27336e-01  0.00000e+00  0.00000e+00  3.03172e-01
  722  2.01660e-01  2.64420e-01  9.27345e-01  0.00000e+00  0.00000e+00  3.03169e-01
  723  2.02637e-01  2.64593e-01  9.27431e-01  0.00000e+00  0.00000e+00  3.03140e-01
  724  2.03613e-01  2.64938e-01  9.27555e-01  0.00000e+00  0.00000e+00  3.03098e-01
  725  2.04590e-01  2.65265e-01  9.27585e-01  0.00000e+00  0.00000e+00  3.03089e-01
  726  2.05566e-01  2.65427e-01  9.27587e-01  0.00000e+00  0.00000e+00  3.03089e-01
  727  2.06543e-01  2.65487e-01  9.27552e-01  0.00000e+00  0.00000e+00  3.03101e-01
  728  2.07520e-01  2.65534e-01  9.27428e-01  0.00000e+00  0.00000e+00  3.03143e-01
  729  2.08496e-01  2.65565e-01  9.27341e-01  0.00000e+00  0.00000e+00  3.03172e-01
  730  2.09473e-01  2.65569e-01  9.27329e-01  0.00000e+00  0.00000e+00  3.03175e-01
  731  2.10449e-01  2.65568e-01  9.27332e-01  0.00000e+00  0.00000e+00  3.03174e-01
  732  2.11426e-01  2.65553e-01  9.27387e-01  0.00000e+00  0.00000e+00  3.03155e-01
  733  2.12402e-01  2.65521e-01  9.27517e-01  0.00000e+00  0.00000e+00  3.03111e-01
  734  2.13379e-01  2.65495e-01  9.27580e-01  0.00000e+00  0.00000e+00  3.03090e-01
  735  2.14355e-01  2.65487e-01  9.27586e-01  0.00000e+00  0.00000e+00  3.03089e-01
  736  2.15332e-01  2.65490e-01  9.27571e-01  0.00000e+00  0.00000e+00  3.03094e-01
  737  2.16309e-01  2.65513e-01  9.27468e-01  0.00000e+00  0.00000e+00  3.03129e-01
  738  2.17285e-01  2.65546e-01  9.27336e-01  0.00000e+00  0.00000e+00  3.03173e-01
  739  2.18262e-01  2.65558e-01  9.27308e-01  0.00000e+00  0.00000e+00  3.03182e-01
  740  2.19238e-01  2.65571e-01  9.27307e-01  0.00000e+00  0.00000e+00  3.03181e-01
  741  2.20215e-01  2.65563e-01  9.27361e-01  0.00000e+00  0.00000e+00  3.03163e-01
  742  2.21191e-01  2.65534e-01  9.27519e-01  0.00000e+00  0.00000e+00  3.03109e-01
  743  2.22168e-01  2.65517e-01  9.27606e-01  0.00000e+00  0.00000e+00  3.03081e-01
  744  2.23145e-01  2.65519e-01  9.27615e-01  0.00000e+00  0.00000e+00  3.03079e-01
  745  2.24121e-01  2.65529e-01  9.27595e-01  0.00000e+00  0.00000e+00  3.03086e-01
  746  2.25098e-01  2.65563e-01  9.27467e-01  0.00000e+00  0.00000e+00  3.03129e-01
  747  2.26074e-01  2.65598e-01  9.27341e-01  0.00000e+00  0.00000e+00  3.03171e-01
  748  2.27051e-01  2.65597e-01  9.27321e-01  0.00000e+00  0.00000e+00  3.03177e-01
  749  2.28027e-01  2.65593e-01  9.27326e-01  0.00000e+00  0.00000e+00  3.03175e-01
  750  2.29004e-01  2.65569e-01  9.27408e-01  0.00000e+00  0.00000e+00  3.03147e-01
  751  2.29980e-01  2.65528e-01  9.27562e-01  0.00000e+00  0.00000e+00  3.03096e-01
  752  2.30957e-01  2.65509e-01  9.27612e-01  0.00000e+00  0.00000e+00  3.03080e-01
  753  2.31934e-01  2.65508e-01  9.27617e-01  0.00000e+00  0.00000e+00  3.03080e-01
  754  2.32910e-01  2.65518e-01  9.27580e-01  0.00000e+00  0.00000e+00  3.03093e-01
  755  2.33887e-01  2.65555e-01  9.27436e-01  0.00000e+00  0.00000e+00  3.03141e-01
  756  2.34863e-01  2.65580e-01  9.27332e-01  0.00000e+00  0.00000e+00  3.03176e-01
  757  2.35840e-01  2.65584e-01  9.27318e-01  0.00000e+00  0.00000e+00  3.03179e-01
  758  2.36816e-01  2.65591e-01  9.27323e-01  0.00000e+00  0.00000e+00  3.03177e-01
  759  2.37793e-01  2.65581e-01  9.27396e-01  0.00000e+00  0.00000e+00  3.03152e-01
  760  2.38770e-01  2.65560e-01  9.27536e-01  0.00000e+00  0.00000e+00  3.03106e-01
  761  2.39746e-01  2.65555e-01  9.27588e-01  0.00000e+00  0.00000e+00  3.03089e-01
  762  2.40723e-01  2.65556e-01  9.27593e-01  0.00000e+00  0.00000e+00  3.03089e-01
  763  2.41699e-01  2.65556e-01  9.27578e-01  0.00000e+00  0.00000e+00  3.03094e-01
  764  2.42676e-01  2.65571e-01  9.27478e-01  0.00000e+00  0.00000e+00  3.03127e-01
  765  2.43652e-01  2.65591e-01  9.27342e-01  0.00000e+00  0.00000e+00  3.03172e-01
  766  2.44629e-01  2.65586e-01  9.27305e-01  0.00000e+00  0.00000e+00  3.03183e-01
  767  2.45605e-01  2.65582e-01  9.27303e-01  0.00000e+00  0.00000e+00  3.03183e-01
  768  2.46582e-01  2.65573e-01  9.27341e-01  0.00000e+00  0.00000e+00  3.03170e-01
  769  2.47559e-01  2.65547e-01  9.27486e-01  0.00000e+00  0.00000e+00  3.03122e-01
  770  2.48535e-01  2.65526e-01  9.27600e-01  0.00000e+00  0.00000e+00  3.03085e-01
  771  2.49512e-01  2.65529e-01  9.27616e-01  0.00000e+00  0.00000e+00  3.03080e-01
  772  2.50488e-01  2.65534e-01  9.27605e-01  0.00000e+00  0.00000e+00  3.03084e-01
  773  2.51465e-01  2.65561e-01  9.27495e-01  0.00000e+00  0.00000e+00  3.03121e-01
  774  2.52441e-01  2.65600e-01  9.27335e-01  0.00000e+00  0.00000e+00  3.03174e-01
  775  2.53418e-01  2.65616e-01  9.27299e-01  0.00000e+00  0.00000e+00  3.03184e-01
  776  2.54395e-01  2.65619e-01  9.27299e-01  0.00000e+00  0.00000e+00  3.03184e-01
  777  2.55371e-01  2.65606e-01  9.27361e-01  0.00000e+00  0.00000e+00  3.03163e-01
  778  2.56348e-01  2.65564e-01  9.27540e-01  0.00000e+00  0.00000e+00  3.03104e-01
  779  2.57324e-01  2.65533e-01  9.27635e-01  0.00000e+00  0.00000e+00  3.03074e-01
  780  2.58301e-01  2.65519e-01  9.27645e-01  0.00000e+00  0.00000e+00  3.03072e-01
  781  2.59277e-01  2.65522e-01  9.27619e-01  0.00000e+00  0.00000e+00  3.03080e-01
  782  2.60254e-01  2.65552e-01  9.27469e-01  0.00000e+00  0.00000e+00  3.03130e-01
  783  2.61230e-01  2.65582e-01  9.27326e-01  0.00000e+00  0.00000e+00  3.03177e-01
  784  2.62207e-01  2.65592e-01  9.27304e-01  0.00000e+00  0.00000e+00  3.03183e-01
  785  2.63184e-01  2.65599e-01  9.27309e-01  0.00000e+00  0.00000e+00  3.03181e-01
  786  2.64160e-01  2.65585e-01  9.27390e-01  0.00000e+00  0.00000e+00  3.03155e-01
  787  2.65137e-01  2.65556e-01  9.27550e-01  0.00000e+00  0.00000e+00  3.03103e-01
  788  2.66113e-01  2.65551e-01  9.27609e-01  0.00000e+00  0.00000e+00  3.03085e-01
  789  2.67090e-01  2.65554e-01  9.27614e-01  0.00000e+00  0.00000e+00  3.03084e-01
  790  2.68066e-01  2.65560e-01  9.27591e-01  0.00000e+00  0.00000e+00  3.03092e-01
  791  2.69043e-01  2.65581e-01  9.27471e-01  0.00000e+00  0.00000e+00  3.03131e-01
  792  2.70020e-01  2.65605e-01  9.27337e-01  0.00000e+00  0.00000e+00  3.03174e-01
  793  2.70996e-01  2.65597e-01  9.27307e-01  0.00000e+00  0.00000e+00  3.03182e-01
  794  2.71973e-01  2.65587e-01  9.27307e-01  0.00000e+00  0.00000e+00  3.03182e-01
  795  2.72949e-01  2.65577e-01  9.27341e-01  0.00000e+00  0.00000e+00  3.03171e-01
  796  2.73926e-01  2.65551e-01  9.27474e-01  0.00000e+00  0.00000e+00  3.03129e-01
  797  2.74902e-01  2.65526e-01  9.27604e-01  0.00000e+00  0.00000e+00  3.03087e-01
  798  2.75879e-01  2.65534e-01  9.27627e-01  0.00000e+00  0.00000e+00  3.03080e-01
  799  2.76855e-01  2.65547e-01  9.27621e-01  0.00000e+00  0.00000e+00  3.03082e-01
  800  2.77832e-01  2.65574e-01  9.27526e-01  0.00000e+00  0.00000e+00  3.03113e-01
  801  2.78809e-01  2.65613e-01  9.27340e-01  0.00000e+00  0.00000e+00  3.03172e-01
  802  2.79785e-01  2.65624e-01  9.27275e-01  0.00000e+00  0.00000e+00  3.03192e-01
  803  2.80762e-01  2.65621e-01  9.27271e-01  0.00000e+00  0.00000e+00  3.03193e-01
  804  2.81738e-01  2.65607e-01  9.27309e-01  0.00000e+00  0.00000e+00  3.03182e-01
  805  2.82715e-01  2.65562e-01  9.27484e-01  0.00000e+00  0.00000e+00  3.03125e-01
  806  2.83691e-01  2.65525e-01  9.27649e-01  0.00000e+00  0.00000e+00  3.03072e-01
  807  2.84668e-01  2.65520e-01  9.27673e-01  0.00000e+00  0.00000e+00  3.03065e-01
  808  2.85645e-01  2.65522e-01  9.27660e-01  0.00000e+00  0.00000e+00  3.03069e-01
  809  2.86621e-01  2.65550e-01  9.27521e-01  0.00000e+00  0.00000e+00  3.03113e-01
  810  2.87598e-01  2.65592e-01  9.27326e-01  0.00000e+00  0.00000e+00  3.03175e-01
  811  2.88574e-01  2.65600e-01  9.27285e-01  0.00000e+00  0.00000e+00  3.03188e-01
  812  2.89551e-01  2.65606e-01  9.27287e-01  0.00000e+00  0.00000e+00  3.03188e-01
  813  2.90527e-01  2.65596e-01  9.27357e-01  0.00000e+00  0.00000e+00  3.03167e-01
  814  2.91504e-01  2.65566e-01  9.27549e-01  0.00000e+00  0.00000e+00  3.03106e-01
  815  2.92480e-01  2.65553e-01  9.27647e-01  0.00000e+00  0.00000e+00  3.03075e-01
  816  2.93457e-01  2.65554e-01  9.27655e-01  0.00000e+00  0.00000e+00  3.03073e-01
  817  2.94434e-01  2.65553e-01  9.27629e-01  0.00000e+00  0.00000e+00  3.03080e-01
  818  2.95410e-01  2.65572e-01  9.27483e-01  0.00000e+00  0.00000e+00  3.03126e-01
  819  2.96387e-01  2.65592e-01  9.27321e-01  0.00000e+00  0.00000e+00  3.03178e-01
  820  2.97363e-01  2.65589e-01  9.27290e-01  0.00000e+00  0.00000e+00  3.03188e-01
  821  2.98340e-01  2.65589e-01  9.27294e-01  0.00000e+00  0.00000e+00  3.03188e-01
  822  2.99316e-01  2.65583e-01  9.27346e-01  0.00000e+00  0.00000e+00  3.03174e-01
  823  3.00293e-01  2.65567e-01  9.27487e-01  0.00000e+00  0.00000e+00  3.03130e-01
  824  3.01270e-01  2.65552e-01  9.27606e-01  0.00000e+00  0.00000e+00  3.03091e-01
  825  3.02246e-01  2.65552e-01  9.27633e-01  0.00000e+00  0.00000e+00  3.03082e-01
  826  3.03223e-01  2.65552e-01  9.27627e-01  0.00000e+00  0.00000e+00  3.03081e-01
  827  3.04199e-01  2.65565e-01  9.27555e-01  0.00000e+00  0.00000e+00  3.03102e-01
  828  3.05176e-01  2.65601e-01  9.27367e-01  0.00000e+00  0.00000e+00  3.03162e-01
  829  3.06152e-01  2.65617e-01  9.27270e-01  0.00000e+00  0.00000e+00  3.03194e-01
  830  3.07129e-01  2.65613e-01  9.27267e-01  0.00000e+00  0.00000e+00  3.03199e-01
  831  3.08105e-01  2.65607e-01  9.27287e-01  0.00000e+00  0.00000e+00  3.03195e-01
  832  3.09082e-01  2.65578e-01  9.27422e-01  0.00000e+00  0.00000e+00  3.03153e-01
  833  3.10059e-01  2.65532e-01  9.27638e-01  0.00000e+00  0.00000e+00  3.03081e-01
  834  3.11035e-01  2.65521e-01  9.27691e-01  0.00000e+00  0.00000e+00  3.03063e-01
  835  3.12012e-01  2.65522e-01  9.27680e-01  0.00000e+00  0.00000e+00  3.03062e-01
  836  3.12988e-01  2.65547e-01  9.27560e-01  0.00000e+00  0.00000e+00  3.03099e-01
  837  3.13965e-01  2.65596e-01  9.27347e-01  0.00000e+00  0.00000e+00  3.03169e-01
  838  3.14941e-01  2.65617e-01  9.27269e-01  0.00000e+00  0.00000e+00  3.03195e-01
  839  3.15918e-01  2.65626e-01  9.27270e-01  0.00000e+00  0.00000e+00  3.03199e-01
  840  3.16895e-01  2.65622e-01  9.27310e-01  0.00000e+00  0.00000e+00  3.03189e-01
  841  3.17871e-01  2.65583e-01  9.27506e-01  0.00000e+00  0.00000e+00  3.03126e-01
  842  3.18848e-01  2.65546e-01  9.27677e-01  0.00000e+00  0.00000e+00  3.03070e-01
  843  3.19824e-01  2.65532e-01  9.27691e-01  0.00000e+00  0.00000e+00  3.03061e-01
  844  3.20801e-01  2.65519e-01  9.27672e-01  0.00000e+00  0.00000e+00  3.03064e-01
  845  3.21777e-01  2.65542e-01  9.27530e-01  0.00000e+00  0.00000e+00  3.03107e-01
  846  3.22754e-01  2.65585e-01  9.27319e-01  0.00000e+00  0.00000e+00  3.03177e-01
  847  3.23730e-01  2.65597e-01  9.27269e-01  0.00000e+00  0.00000e+00  3.03195e-01
  848  3.24707e-01  2.65610e-01  9.27279e-01  0.00000e+00  0.00000e+00  3.03196e-01
  849  3.25684e-01  2.65601e-01  9.27362e-01  0.00000e+00  0.00000e+00  3.03174e-01
  850  3.26660e-01  2.65578e-01  9.27507e-01  0.00000e+00  0.00000e+00  3.03128e-01
  851  3.27637e-01  2.65565e-01  9.27599e-01  0.00000e+00  0.00000e+00  3.03098e-01
  852  3.28613e-01  2.65559e-01  9.27640e-01  0.00000e+00  0.00000e+00  3.03082e-01
  853  3.29590e-01  2.65551e-01  9.27637e-01  0.00000e+00  0.00000e+00  3.03078e-01
  854  3.30566e-01  2.65562e-01  9.27561e-01  0.00000e+00  0.00000e+00  3.03101e-01
  855  3.31543e-01  2.65589e-01  9.27371e-01  0.00000e+00  0.00000e+00  3.03163e-01
  856  3.32520e-01  2.65597e-01  9.27295e-01  0.00000e+00  0.00000e+00  3.03189e-01
  857  3.33496e-01  2.65601e-01  9.27286e-01  0.00000e+00  0.00000e+00  3.03197e-01
  858  3.34473e-01  2.65606e-01  9.27292e-01  0.00000e+00  0.00000e+00  3.03201e-01
  859  3.35449e-01  2.65595e-01  9.27359e-01  0.00000e+00  0.00000e+00  3.03180e-01
  860  3.36426e-01  2.65550e-01  9.27612e-01  0.00000e+00  0.00000e+00  3.03095e-01
  861  3.37402e-01  2.65532e-01  9.27714e-01  0.00000e+00  0.00000e+00  3.03058e-01
  862  3.38379e-01  2.65533e-01  9.27698e-01  0.00000e+00  0.00000e+00  3.03059e-01
  863  3.39355e-01  2.65564e-01  9.27540e-01  0.00000e+00  0.00000e+00  3.03108e-01
  864  3.40332e-01  2.65593e-01  9.27401e-01  0.00000e+00  0.00000e+00  3.03154e-01
  865  3.41309e-01  2.65609e-01  9.27327e-01  0.00000e+00  0.00000e+00  3.03181e-01
  866  3.42285e-01  2.65630e-01  9.27236e-01  0.00000e+00  0.00000e+00  3.03215e-01
  867  3.43262e-01  2.65629e-01  9.27238e-01  0.00000e+00  0.00000e+00  3.03220e-01
  868  3.44238e-01  2.65588e-01  9.27428e-01  0.00000e+00  0.00000e+00  3.03158e-01
  869  3.45215e-01  2.65526e-01  9.27714e-01  0.00000e+00  0.00000e+00  3.03063e-01
  870  3.46191e-01  2.65514e-01  9.27748e-01  0.00000e+00  0.00000e+00  3.03048e-01
  871  3.47168e-01  2.65520e-01  9.27709e-01  0.00000e+00  0.00000e+00  3.03057e-01
  872  3.48145e-01  2.65548e-01  9.27568e-01  0.00000e+00  0.00000e+00  3.03101e-01
  873  3.49121e-01  2.65583e-01  9.27423e-01  0.00000e+00  0.00000e+00  3.03149e-01
  874  3.50098e-01  2.65631e-01  9.27232e-01  0.00000e+00  0.00000e+00  3.03214e-01
  875  3.51074e-01  2.65634e-01  9.27235e-01  0.00000e+00  0.00000e+00  3.03218e-01
  876  3.52051e-01  2.65602e-01  9.27393e-01  0.00000e+00  0.00000e+00  3.03167e-01
  877  3.53027e-01  2.65584e-01  9.27480e-01  0.00000e+00  0.00000e+00  3.03139e-01
  878  3.54004e-01  2.65565e-01  9.27604e-01  0.00000e+00  0.00000e+00  3.03098e-01
  879  3.54980e-01  2.65555e-01  9.27641e-01  0.00000e+00  0.00000e+00  3.03084e-01
  880  3.55957e-01  2.65522e-01  9.27726e-01  0.00000e+00  0.00000e+00  3.03053e-01
  881  3.56934e-01  2.65510e-01  9.27707e-01  0.00000e+00  0.00000e+00  3.03059e-01
  882  3.57910e-01  2.65624e-01  9.27168e-01  0.00000e+00  0.00000e+00  3.03240e-01
  883  3.58887e-01  2.65588e-01  9.27355e-01  0.00000e+00  0.00000e+00  3.03178e-01
  884  3.59863e-01  2.65579e-01  9.27420e-01  0.00000e+00  0.00000e+00  3.03158e-01
  885  3.60840e-01  2.65675e-01  9.26988e-01  0.00000e+00  0.00000e+00  3.03304e-01
  886  3.61816e-01  2.65508e-01  9.27847e-01  0.00000e+00  0.00000e+00  3.03017e-01
  887  3.62793e-01  2.65736e-01  9.26828e-01  0.00000e+00  0.00000e+00  3.03360e-01
  888  3.63770e-01  2.65477e-01  9.28092e-01  0.00000e+00  0.00000e+00  3.02936e-01
  889  3.64746e-01  2.65183e-01  9.29200e-01  0.00000e+00  0.00000e+00  3.02590e-01
  890  3.65723e-01  2.66392e-01  9.24252e-01  0.00000e+00  0.00000e+00  3.04400e-01
  891  3.66699e-01  2.64832e-01  9.32139e-01  0.00000e+00  0.00000e+00  3.01885e-01
  892  3.67676e-01  2.62133e-01  8.93869e-01  0.00000e+00  0.00000e+00  2.97402e-01
  893  3.68652e-01  1.73879e-01  4.16030e-01  0.00000e+00  0.00000e+00  1.67225e-01
  894  3.69629e-01  1.25538e-01  4.56104e-03  0.00000e+00  0.00000e+00  1.00604e-01
  895  3.70605e-01  1.25001e-01  1.18927e-05  0.00000e+00  0.00000e+00  1.00002e-01
  896  3.71582e-01  1.25000e-01  3.04953e-08  0.00000e+00  0.00000e+00  1.00000e-01
  897  3.72559e-01  1.25000e-01  7.83961e-11  0.00000e+00  0.00000e+00  1.00000e-01
  898  3.73535e-01  1.25000e-01  1.97521e-13  0.00000e+00  0.00000e+00  1.00000e-01
  899  3.74512e-01  1.25000e-01  4.85710e-16  0.00000e+00  0.00000e+00  1.00000e-01
  900  3.75488e-01  1.25000e-01  0.00000e+00  0.00000e+00  0.00000e+00  1.00000e-01
  901  3.76465e-01  1.25000e-01  0.00000e+00  0.00000e+00  0.00000e+00  1.00000e-01
  902  3.77441e-01  1.25000e-01  0.00000e+00  0.00000e+00  0.00000e+00  1.00000e-01
  903  3.78418e-01  1.25000e-01  0.00000e+00  0.00000e+00  0.00000e+00  1.00000e-01
  904  3.79395e-01  1.25000e-01  0.00000e+00  0.00000e+00  0.00000e+00  1.00000e-01
  905  3.80371e-01  1.25000e-01  0.00000e+00  0.00000e+00  0.00000e+00  1.00000e-01
  906  3.81348e-01  1.25000e-01  0.00000e+00  0.00000e+00  0.00000e+00  1.00000e-01
  907  3.82324e-01  1.25000e-01  0.00000e+00  0.00000e+00  0.00000e+00  1.00000e-01
  908  3.83301e-01  1.25000e-01  0.00000e+00  0.00000e+00  0.00000e+00  1.00000e-01
  909  3.84277e-01  1.25000e-01  0.00000e+00  0.00000e+00  0.00000e+00  1.00000e-01
  910  3.85254e-01  1.25000e-01  0.00000e+00  0.00000e+00  0.00000e+00  1.00000e-01
  911  3.86230e-01  1.25000e-01  0.00000e+00  0.00000e+00  0.00000e+00  1.00000e-01
  912  3.87207e-01  1.25000e-01  0.00000e+00  0.00000e+00  0.00000e+00  1.00000e-01
  913  3.88184e-01  1.25000e-01  0.00000e+00  0.00000e+00  0.00000e+00  1.00000e-01
  914  3.89160e-01  1.25000e-01  0.00000e+00  0.00000e+00  0.00000e+00  1.00000e-01
  915  3.90137e-01  1.25000e-01  0.00000e+00  0.00000e+00  0.00000e+00  1.00000e-01
  916  3.91113e-01  1.25000e-01  0.00000e+00  0.00000e+00  0.00000e+00  1.00000e-01
  917  3.92090e-01  1.25000e-01  0.00000e+00  0.00000e+00  0.00000e+00  1.00000e-01
  918  3.93066e-01  1.25000e-01  0.00000e+00  0.00000e+00  0.00000e+00  1.00000e-01
  919  3.94043e-01  1.25000e-01  0.00000e+00  0.00000e+00  0.00000e+00  1.00000e-01
  920  3.95020e-01  1.25000e-01  0.00000e+00  0.00000e+00  0.00000e+00  1.00000e-01
  921  3.95996e-01  1.25000e-01  0.00000e+00  0.00000e+00  0.00000e+00  1.00000e-01
  922  3.96973e-01  1.25000e-01  0.00000e+00  0.00000e+00  0.00000e+00  1.00000e-01
  923  3.97949e-01  1.25000e-01  0.00000e+00  0.00000e+00  0.00000e+00  1.00000e-01
  924  3.98926e-01  1.25000e-01  0.00000e+00  0.00000e+00  0.00000e+00  1.00000e-01
  925  3.99902e-01  1.25000e-01  0.00000e+00  0.00000e+00  0.00000e+00  1.00000e-01
  926  4.00879e-01  1.25000e-01  0.00000e+00  0.00000e+00  0.00000e+00  1.00000e-01
  927  4.01855e-01  1.25000e-01  0.00000e+00  0.00000e+00  0.00000e+00  1.00000e-01
  928  4.02832e-01  1.25000e-01  0.00000e+00  0.00000e+00  0.00000e+00  1.00000e-01
  929  4.03809e-01  1.25000e-01  0.00000e+00  0.00000e+00  0.00000e+00  1.00000e-01
  930  4.04785e-01  1.25000e-01  0.00000e+00  0.00000e+00  0.00000e+00  1.00000e-01
  931  4.05762e-01  1.25000e-01  0.00000e+00  0.00000e+00  0.00000e+00  1.00000e-01
  932  4.06738e-01  1.25000e-01  0.00000e+00  0.00000e+00  0.00000e+00  1.00000e-01
  933  4.07715e-01  1.25000e-01  0.00000e+00  0.00000e+00  0.00000e+00  1.00000e-01
  934  4.08691e-01  1.25000e-01  0.00000e+00  0.00000e+00  0.00000e+00  1.00000e-01
  935  4.09668e-01  1.25000e-01  0.00000e+00  0.00000e+00  0.00000e+00  1.00000e-01
  936  4.10645e-01  1.25000e-01  0.00000e+00  0.00000e+00  0.00000e+00  1.00000e-01
  937  4.11621e-01  1.25000e-01  0.00000e+00  0.00000e+00  0.00000e+00  1.00000e-01
  938  4.12598e-01  1.25000e-01  0.00000e+00  0.00000e+00  0.00000e+00  1.00000e-01
  939  4.13574e-01  1.25000e-01  0.00000e+00  0.00000e+00  0.00000e+00  1.00000e-01
  940  4.14551e-01  1.25000e-01  0.00000e+00  0.00000e+00  0.00000e+00  1.00000e-01
  941  4.15527e-01  1.25000e-01  0.00000e+00  0.00000e+00  0.00000e+00  1.00000e-01
  942  4.16504e-01  1.25000e-01  0.00000e+00  0.00000e+00  0.00000e+00  1.00000e-01
  943  4.17480e-01  1.25000e-01  0.00000e+00  0.00000e+00  0.00000e+00  1.00000e-01
  944  4.18457e-01  1.25000e-01  0.00000e+00  0.00000e+00  0.00000e+00  1.00000e-01
  945  4.19434e-01  1.25000e-01  0.00000e+00  0.00000e+00  0.00000e+00  1.00000e-01
  946  4.20410e-01  1.25000e-01  0.00000e+00  0.00000e+00  0.00000e+00  1.00000e-01
  947  4.21387e-01  1.25000e-01  0.00000e+00  0.00000e+00  0.00000e+00  1.00000e-01
  948  4.22363e-01  1.25000e-01  0.00000e+00  0.00000e+00  0.00000e+00  1.00000e-01
  949  4.23340e-01  1.25000e-01  0.00000e+00  0.00000e+00  0.00000e+00  1.00000e-01
  950  4.24316e-01  1.25000e-01  0.00000e+00  0.00000e+00  0.00000e+00  1.00000e-01
  951  4.25293e-01  1.25000e-01  0.00000e+00  0.00000e+00  0.00000e+00  1.00000e-01
  952  4.26270e-01  1.25000e-01  0.00000e+00  0.00000e+00  0.00000e+00  1.00000e-01
  953  4.27246e-01  1.25000e-01  0.00000e+00  0.00000e+00  0.00000e+00  1.00000e-01
  954  4.28223e-01  1.25000e-01  0.00000e+00  0.00000e+00  0.00000e+00  1.00000e-01
  955  4.29199e-01  1.25000e-01  0.00000e+00  0.00000e+00  0.00000e+00  1.00000e-01
  956  4.30176e-01  1.25000e-01  0.00000e+00  0.00000e+00  0.00000e+00  1.00000e-01
  957  4.31152e-01  1.25000e-01  0.00000e+00  0.00000e+00  0.00000e+00  1.00000e-01
  958  4.32129e-01  1.25000e-01  0.00000e+00  0.00000e+00  0.00000e+00  1.00000e-01
  959  4.33105e-01  1.25000e-01  0.00000e+00  0.00000e+00  0.00000e+00  1.00000e-01
  960  4.34082e-01  1.25000e-01  0.00000e+00  0.00000e+00  0.00000e+00  1.00000e-01
  961  4.35059e-01  1.25000e-01  0.00000e+00  0.00000e+00  0.00000e+00  1.00000e-01
  962  4.36035e-01  1.25000e-01  0.00000e+00  0.00000e+00  0.00000e+00  1.00000e-01
  963  4.37012e-01  1.25000e-01  0.00000e+00  0.00000e+00  0.00000e+00  1.00000e-01
  964  4.37988e-01  1.25000e-01  0.00000e+00  0.00000e+00  0.00000e+00  1.00000e-01
  965  4.38965e-01  1.25000e-01  0.00000e+00  0.00000e+00  0.00000e+00  1.00000e-01
  966  4.39941e-01  1.25000e-01  0.00000e+00  0.00000e+00  0.00000e+00  1.00000e-01
  967  4.40918e-01  1.25000e-01  0.00000e+00  0.00000e+00  0.00000e+00  1.00000e-01
  968  4.41895e-01  1.25000e-01  0.00000e+00  0.00000e+00  0.00000e+00  1.00000e-01
  969  4.42871e-01  1.25000e-01  0.00000e+00  0.00000e+00  0.00000e+00  1.00000e-01
  970  4.43848e-01  1.25000e-01  0.00000e+00  0.00000e+00  0.00000e+00  1.00000e-01
  971  4.44824e-01  1.25000e-01  0.00000e+00  0.00000e+00  0.00000e+00  1.00000e-01
  972  4.45801e-01  1.25000e-01  0.00000e+00  0.00000e+00  0.00000e+00  1.00000e-01
  973  4.46777e-01  1.25000e-01  0.00000e+00  0.00000e+00  0.00000e+00  1.00000e-01
  974  4.47754e-01  1.25000e-01  0.00000e+00  0.00000e+00  0.00000e+00  1.00000e-01
  975  4.48730e-01  1.25000e-01  0.00000e+00  0.00000e+00  0.00000e+00  1.00000e-01
  976  4.49707e-01  1.25000e-01  0.00000e+00  0.00000e+00  0.00000e+00  1.00000e-01
  977  4.50684e-01  1.25000e-01  0.00000e+00  0.00000e+00  0.00000e+00  1.00000e-01
  978  4.51660e-01  1.25000e-01  0.00000e+00  0.00000e+00  0.00000e+00  1.00000e-01
  979  4.52637e-01  1.25000e-01  0.00000e+00  0.00000e+00  0.00000e+00  1.00000e-01
  980  4.53613e-01  1.25000e-01  0.00000e+00  0.00000e+00  0.00000e+00  1.00000e-01
  981  4.54590e-01  1.25000e-01  0.00000e+00  0.00000e+00  0.00000e+00  1.00000e-01
  982  4.55566e-01  1.25000e-01  0.00000e+00  0.00000e+00  0.00000e+00  1.00000e-01
  983  4.56543e-01  1.25000e-01  0.00000e+00  0.00000e+00  0.00000e+00  1.00000e-01
  984  4.57520e-01  1.25000e-01  0.00000e+00  0.00000e+00  0.00000e+00  1.00000e-01
  985  4.58496e-01  1.25000e-01  0.00000e+00  0.00000e+00  0.00000e+00  1.00000e-01
  986  4.59473e-01  1.25000e-01  0.00000e+00  0.00000e+00  0.00000e+00  1.00000e-01
  987  4.60449e-01  1.25000e-01  0.00000e+00  0.00000e+00  0.00000e+00  1.00000e-01
  988  4.61426e-01  1.25000e-01  0.00000e+00  0.00000e+00  0.00000e+00  1.00000e-01
  989  4.62402e-01  1.25000e-01  0.00000e+00  0.00000e+00  0.00000e+00  1.00000e-01
  990  4.63379e-01  1.25000e-01  0.00000e+00  0.00000e+00  0.00000e+00  1.00000e-01
  991  4.64355e-01  1.25000e-01  0.00000e+00  0.00000e+00  0.00000e+00  1.00000e-01
  992  4.65332e-01  1.25000e-01  0.00000e+00  0.00000e+00  0.00000e+00  1.00000e-01
  993  4.66309e-01  1.25000e-01  0.00000e+00  0.00000e+00  0.00000e+00  1.00000e-01
  994  4.67285e-01  1.25000e-01  0.00000e+00  0.00000e+00  0.00000e+00  1.00000e-01
  995  4.68262e-01  1.25000e-01  0.00000e+00  0.00000e+00  0.00000e+00  1.00000e-01
  996  4.69238e-01  1.25000e-01  0.00000e+00  0.00000e+00  0.00000e+00  1.00000e-01
  997  4.70215e-01  1.25000e-01  0.00000e+00  0.00000e+00  0.00000e+00  1.00000e-01
  998  4.71191e-01  1.25000e-01  0.00000e+00  0.00000e+00  0.00000e+00  1.00000e-01
  999  4.72168e-01  1.25000e-01  0.00000e+00  0.00000e+00  0.00000e+00  1.00000e-01
 1000  4.73145e-01  1.25000e-01  0.00000e+00  0.00000e+00  0.00000e+00  1.00000e-01
 1001  4.74121e-01  1.25000e-01  0.00000e+00  0.00000e+00  0.00000e+00  1.00000e-01
 1002  4.75098e-01  1.25000e-01  0.00000e+00  0.00000e+00  0.00000e+00  1.00000e-01
 1003  4.76074e-01  1.25000e-01  0.00000e+00  0.00000e+00  0.00000e+00  1.00000e-01
 1004  4.77051e-01  1.25000e-01  0.00000e+00  0.00000e+00  0.00000e+00  1.00000e-01
 1005  4.78027e-01  1.25000e-01  0.00000e+00  0.00000e+00  0.00000e+00  1.00000e-01
 1006  4.79004e-01  1.25000e-01  0.00000e+00  0.00000e+00  0.00000e+00  1.00000e-01
 1007  4.79980e-01  1.25000e-01  0.00000e+00  0.00000e+00  0.00000e+00  1.00000e-01
 1008  4.80957e-01  1.25000e-01  0.00000e+00  0.00000e+00  0.00000e+00  1.00000e-01
 1009  4.81934e-01  1.25000e-01  0.00000e+00  0.00000e+00  0.00000e+00  1.00000e-01
 1010  4.82910e-01  1.25000e-01  0.00000e+00  0.00000e+00  0.00000e+00  1.00000e-01
 1011  4.83887e-01  1.25000e-01  0.00000e+00  0.00000e+00  0.00000e+00  1.00000e-01
 1012  4.84863e-01  1.25000e-01  0.00000e+00  0.00000e+00  0.00000e+00  1.00000e-01
 1013  4.85840e-01  1.25000e-01  0.00000e+00  0.00000e+00  0.00000e+00  1.00000e-01
 1014  4.86816e-01  1.25000e-01  0.00000e+00  0.00000e+00  0.00000e+00  1.00000e-01
 1015  4.87793e-01  1.25000e-01  0.00000e+00  0.00000e+00  0.00000e+00  1.00000e-01
 1016  4.88770e-01  1.25000e-01  0.00000e+00  0.00000e+00  0.00000e+00  1.00000e-01
 1017  4.89746e-01  1.25000e-01  0.00000e+00  0.00000e+00  0.00000e+00  1.00000e-01
 1018  4.90723e-01  1.25000e-01  0.00000e+00  0.00000e+00  0.00000e+00  1.00000e-01
 1019  4.91699e-01  1.25000e-01  0.00000e+00  0.00000e+00  0.00000e+00  1.00000e-01
 1020  4.92676e-01  1.25000e-01  0.00000e+00  0.00000e+00  0.00000e+00  1.00000e-01
 1021  4.93652e-01  1.25000e-01  0.00000e+00  0.00000e+00  0.00000e+00  1.00000e-01
 1022  4.94629e-01  1.25000e-01  0.00000e+00  0.00000e+00  0.00000e+00  1.00000e-01
 1023  4.95605e-01  1.25000e-01  0.00000e+00  0.00000e+00  0.00000e+00  1.00000e-01
 1024  4.96582e-01  1.25000e-01  0.00000e+00  0.00000e+00  0.00000e+00  1.00000e-01
 1025  4.97559e-01  1.25000e-01  0.00000e+00  0.00000e+00  0.00000e+00  1.00000e-01
 1026  4.98535e-01  1.25000e-01  0.00000e+00  0.00000e+00  0.00000e+00  1.00000e-01
 1027  4.99512e-01  1.25000e-01  0.00000e+00  0.00000e+00  0.00000e+00  1.00000e-01
