# Nx1 = 1024
# x1-size = 1
# PRIMITIVE vars at Time = 0.190323, level= 0, domain= 0
# [1]=i-zone [2]=x1 [3]=d [4]=V1 [5]=V2 [6]=V3 [7]=P
    4 -4.99512e-01  1.00000e+00  4.21700e-21  0.00000e+00  0.00000e+00  1.00000e+00
    5 -4.98535e-01  1.00000e+00 -2.48661e-23  0.00000e+00  0.00000e+00  1.00000e+00
    6 -4.97559e-01  1.00000e+00 -3.93752e-20  0.00000e+00  0.00000e+00  1.00000e+00
    7 -4.96582e-01  1.00000e+00  4.47579e-21  0.00000e+00  0.00000e+00  1.00000e+00
    8 -4.95605e-01  1.00000e+00  4.51049e-20  0.00000e+00  0.00000e+00  1.00000e+00
    9 -4.94629e-01  1.00000e+00 -1.68775e-21  0.00000e+00  0.00000e+00  1.00000e+00
   10 -4.93652e-01  1.00000e+00  8.09278e-17  0.00000e+00  0.00000e+00  1.00000e+00
   11 -4.92676e-01  1.00000e+00  2.43409e-21  0.00000e+00  0.00000e+00  1.00000e+00
   12 -4.91699e-01  1.00000e+00 -6.75696e-22  0.00000e+00  0.00000e+00  1.00000e+00
   13 -4.90723e-01  1.00000e+00 -3.95903e-20  0.00000e+00  0.00000e+00  1.00000e+00
   14 -4.89746e-01  1.00000e+00  4.40265e-21  0.00000e+00  0.00000e+00  1.00000e+00
   15 -4.88770e-01  1.00000e+00  4.50245e-20  0.00000e+00  0.00000e+00  1.00000e+00
   16 -4.87793e-01  1.00000e+00 -2.22144e-21  0.00000e+00  0.00000e+00  1.00000e+00
   17 -4.86816e-01  1.00000e+00 -3.85208e-20  0.00000e+00  0.00000e+00  1.00000e+00
   18 -4.85840e-01  1.00000e+00  2.92920e-21  0.00000e+00  0.00000e+00  1.00000e+00
   19 -4.84863e-01  1.00000e+00  3.49003e-20  0.00000e+00  0.00000e+00  1.00000e+00
   20 -4.83887e-01  1.00000e+00  2.01217e-21  0.00000e+00  0.00000e+00  1.00000e+00
   21 -4.82910e-01  1.00000e+00  9.56748e-22  0.00000e+00  0.00000e+00  1.00000e+00
   22 -4.81934e-01  1.00000e+00  1.22425e-21  0.00000e+00  0.00000e+00  1.00000e+00
   23 -4.80957e-01  1.00000e+00 -4.10873e-23  0.00000e+00  0.00000e+00  1.00000e+00
   24 -4.79980e-01  1.00000e+00 -3.74780e-20  0.00000e+00  0.00000e+00  1.00000e+00
   25 -4.79004e-01  1.00000e+00  4.31519e-21  0.00000e+00  0.00000e+00  1.00000e+00
   26 -4.78027e-01  1.00000e+00  3.47208e-20  0.00000e+00  0.00000e+00  1.00000e+00
   27 -4.77051e-01  1.00000e+00  5.54415e-22  0.00000e+00  0.00000e+00  1.00000e+00
   28 -4.76074e-01  1.00000e+00 -3.17840e-20  0.00000e+00  0.00000e+00  1.00000e+00
   29 -4.75098e-01  1.00000e+00  7.64527e-21  0.00000e+00  0.00000e+00  1.00000e+00
   30 -4.74121e-01  1.00000e+00  2.12926e-20  0.00000e+00  0.00000e+00  1.00000e+00
   31 -4.73145e-01  1.00000e+00  8.09201e-17  0.00000e+00  0.00000e+00  1.00000e+00
   32 -4.72168e-01  1.00000e+00  5.47188e-21  0.00000e+00  0.00000e+00  1.00000e+00
   33 -4.71191e-01  1.00000e+00  5.37991e-21  0.00000e+00  0.00000e+00  1.00000e+00
   34 -4.70215e-01  1.00000e+00 -4.10934e-20  0.00000e+00  0.00000e+00  1.00000e+00
   35 -4.69238e-01  1.00000e+00 -2.80668e-20  0.00000e+00  0.00000e+00  1.00000e+00
   36 -4.68262e-01  1.00000e+00  5.22311e-20  0.00000e+00  0.00000e+00  1.00000e+00
   37 -4.67285e-01  1.00000e+00  8.09490e-17  0.00000e+00  0.00000e+00  1.00000e+00
   38 -4.66309e-01  1.00000e+00 -4.62917e-21  0.00000e+00  0.00000e+00  1.00000e+00
   39 -4.65332e-01  1.00000e+00 -1.37851e-20  0.00000e+00  0.00000e+00  1.00000e+00
   40 -4.64355e-01  1.00000e+00 -2.95131e-20  0.00000e+00  0.00000e+00  1.00000e+00
   41 -4.63379e-01  1.00000e+00  1.34234e-20  0.00000e+00  0.00000e+00  1.00000e+00
   42 -4.62402e-01  1.00000e+00  8.09357e-17  0.00000e+00  0.00000e+00  1.00000e+00
   43 -4.61426e-01  1.00000e+00  2.77140e-21  0.00000e+00  0.00000e+00  1.00000e+00
   44 -4.60449e-01  1.00000e+00  4.35719e-20  0.00000e+00  0.00000e+00  1.00000e+00
   45 -4.59473e-01  1.00000e+00 -7.82481e-20  0.00000e+00  0.00000e+00  1.00000e+00
   46 -4.58496e-01  1.00000e+00  8.09212e-17  0.00000e+00  0.00000e+00  1.00000e+00
   47 -4.57520e-01  1.00000e+00  8.70254e-20  0.00000e+00  0.00000e+00  1.00000e+00
   48 -4.56543e-01  1.00000e+00  8.46130e-21  0.00000e+00  0.00000e+00  1.00000e+00
   49 -4.55566e-01  1.00000e+00 -7.97121e-20  0.00000e+00  0.00000e+00  1.00000e+00
   50 -4.54590e-01  1.00000e+00  2.11653e-21  0.00000e+00  0.00000e+00  1.00000e+00
   51 -4.53613e-01  1.00000e+00  5.15612e-20  0.00000e+00  0.00000e+00  1.00000e+00
   52 -4.52637e-01  1.00000e+00 -1.02542e-22  0.00000e+00  0.00000e+00  1.00000e+00
   53 -4.51660e-01  1.00000e+00 -6.99761e-21  0.00000e+00  0.00000e+00  1.00000e+00
   54 -4.50684e-01  1.00000e+00  3.18465e-21  0.00000e+00  0.00000e+00  1.00000e+00
   55 -4.49707e-01  1.00000e+00  3.20270e-20  0.00000e+00  0.00000e+00  1.00000e+00
   56 -4.48730e-01  1.00000e+00 -7.01230e-20  0.00000e+00  0.00000e+00  1.00000e+00
   57 -4.47754e-01  1.00000e+00  1.16116e-20  0.00000e+00  0.00000e+00  1.00000e+00
   58 -4.46777e-01  1.00000e+00  5.79006e-20  0.00000e+00  0.00000e+00  1.00000e+00
   59 -4.45801e-01  1.00000e+00  8.09203e-17  0.00000e+00  0.00000e+00  1.00000e+00
   60 -4.44824e-01  1.00000e+00 -6.85935e-20  0.00000e+00  0.00000e+00  1.00000e+00
   61 -4.43848e-01  1.00000e+00  1.69686e-20  0.00000e+00  0.00000e+00  1.00000e+00
   62 -4.42871e-01  1.00000e+00 -1.05829e-21  0.00000e+00  0.00000e+00  1.00000e+00
   63 -4.41895e-01  1.00000e+00  8.09424e-17  0.00000e+00  0.00000e+00  1.00000e+00
   64 -4.40918e-01  1.00000e+00  3.88505e-20  0.00000e+00  0.00000e+00  1.00000e+00
   65 -4.39941e-01  1.00000e+00 -2.56958e-21  0.00000e+00  0.00000e+00  1.00000e+00
   66 -4.38965e-01  1.00000e+00 -1.12288e-20  0.00000e+00  0.00000e+00  1.00000e+00
   67 -4.37988e-01  1.00000e+00 -3.92421e-20  0.00000e+00  0.00000e+00  1.00000e+00
   68 -4.37012e-01  1.00000e+00  5.43743e-20  0.00000e+00  0.00000e+00  1.00000e+00
   69 -4.36035e-01  1.00000e+00  2.68006e-20  0.00000e+00  0.00000e+00  1.00000e+00
   70 -4.35059e-01  1.00000e+00 -5.07970e-20  0.00000e+00  0.00000e+00  1.00000e+00
   71 -4.34082e-01  1.00000e+00 -6.68413e-20  0.00000e+00  0.00000e+00  1.00000e+00
   72 -4.33105e-01  1.00000e+00  6.10827e-20  0.00000e+00  0.00000e+00  1.00000e+00
   73 -4.32129e-01  1.00000e+00 -4.43265e-21  0.00000e+00  0.00000e+00  1.00000e+00
   74 -4.31152e-01  1.00000e+00  8.09239e-17  0.00000e+00  0.00000e+00  1.00000e+00
   75 -4.30176e-01  1.00000e+00  3.64506e-20  0.00000e+00  0.00000e+00  1.00000e+00
   76 -4.29199e-01  1.00000e+00 -2.61602e-20  0.00000e+00  0.00000e+00  1.00000e+00
   77 -4.28223e-01  1.00000e+00 -7.00478e-20  0.00000e+00  0.00000e+00  1.00000e+00
   78 -4.27246e-01  1.00000e+00  1.93019e-20  0.00000e+00  0.00000e+00  1.00000e+00
   79 -4.26270e-01  1.00000e+00  8.48396e-20  0.00000e+00  0.00000e+00  1.00000e+00
   80 -4.25293e-01  1.00000e+00  8.09600e-17  0.00000e+00  0.00000e+00  1.00000e+00
   81 -4.24316e-01  1.00000e+00 -7.29821e-20  0.00000e+00  0.00000e+00  1.00000e+00
   82 -4.23340e-01  1.00000e+00 -2.29240e-20  0.00000e+00  0.00000e+00  1.00000e+00
   83 -4.22363e-01  1.00000e+00  4.61719e-20  0.00000e+00  0.00000e+00  1.00000e+00
   84 -4.21387e-01  1.00000e+00 -1.30311e-20  0.00000e+00  0.00000e+00  1.00000e+00
   85 -4.20410e-01  1.00000e+00 -1.15161e-20  0.00000e+00  0.00000e+00  1.00000e+00
   86 -4.19434e-01  1.00000e+00  1.12764e-20  0.00000e+00  0.00000e+00  1.00000e+00
   87 -4.18457e-01  1.00000e+00  1.78654e-20  0.00000e+00  0.00000e+00  1.00000e+00
   88 -4.17480e-01  1.00000e+00 -6.65924e-20  0.00000e+00  0.00000e+00  1.00000e+00
   89 -4.16504e-01  1.00000e+00  1.09857e-20  0.00000e+00  0.00000e+00  1.00000e+00
   90 -4.15527e-01  1.00000e+00  5.93217e-20  0.00000e+00  0.00000e+00  1.00000e+00
   91 -4.14551e-01  1.00000e+00  8.09516e-17  0.00000e+00  0.00000e+00  1.00000e+00
   92 -4.13574e-01  1.00000e+00 -6.58130e-20  0.00000e+00  0.00000e+00  1.00000e+00
   93 -4.12598e-01  1.00000e+00  1.37276e-20  0.00000e+00  0.00000e+00  1.00000e+00
   94 -4.11621e-01  1.00000e+00 -1.31235e-20  0.00000e+00  0.00000e+00  1.00000e+00
   95 -4.10645e-01  1.00000e+00 -8.40522e-21  0.00000e+00  0.00000e+00  1.00000e+00
   96 -4.09668e-01  1.00000e+00  9.74854e-21  0.00000e+00  0.00000e+00  1.00000e+00
   97 -4.08691e-01  1.00000e+00  8.09512e-17  0.00000e+00  0.00000e+00  1.00000e+00
   98 -4.07715e-01  1.00000e+00 -1.27978e-22  0.00000e+00  0.00000e+00  1.00000e+00
   99 -4.06738e-01  1.00000e+00 -3.97471e-20  0.00000e+00  0.00000e+00  1.00000e+00
  100 -4.05762e-01  1.00000e+00  1.13023e-20  0.00000e+00  0.00000e+00  1.00000e+00
  101 -4.04785e-01  1.00000e+00  3.73647e-20  0.00000e+00  0.00000e+00  1.00000e+00
  102 -4.03809e-01  1.00000e+00  2.42325e-20  0.00000e+00  0.00000e+00  1.00000e+00
  103 -4.02832e-01  1.00000e+00 -4.78492e-20  0.00000e+00  0.00000e+00  1.00000e+00
  104 -4.01855e-01  1.00000e+00  5.58360e-20  0.00000e+00  0.00000e+00  1.00000e+00
  105 -4.00879e-01  1.00000e+00 -4.19502e-20  0.00000e+00  0.00000e+00  1.00000e+00
  106 -3.99902e-01  1.00000e+00 -1.63782e-20  0.00000e+00  0.00000e+00  1.00000e+00
  107 -3.98926e-01  1.00000e+00 -1.40453e-20  0.00000e+00  0.00000e+00  1.00000e+00
  108 -3.97949e-01  1.00000e+00  2.27123e-20  0.00000e+00  0.00000e+00  1.00000e+00
  109 -3.96973e-01  1.00000e+00  8.09362e-17  0.00000e+00  0.00000e+00  1.00000e+00
  110 -3.95996e-01  1.00000e+00  4.18161e-21  0.00000e+00  0.00000e+00  1.00000e+00
  111 -3.95020e-01  1.00000e+00 -6.63127e-21  0.00000e+00  0.00000e+00  1.00000e+00
  112 -3.94043e-01  1.00000e+00 -4.62788e-20  0.00000e+00  0.00000e+00  1.00000e+00
  113 -3.93066e-01  1.00000e+00 -3.18567e-20  0.00000e+00  0.00000e+00  1.00000e+00
  114 -3.92090e-01  1.00000e+00  5.73877e-20  0.00000e+00  0.00000e+00  1.00000e+00
  115 -3.91113e-01  1.00000e+00  8.35938e-20  0.00000e+00  0.00000e+00  1.00000e+00
  116 -3.90137e-01  1.00000e+00 -3.25373e-20  0.00000e+00  0.00000e+00  1.00000e+00
  117 -3.89160e-01  1.00000e+00 -4.78116e-20  0.00000e+00  0.00000e+00  1.00000e+00
  118 -3.88184e-01  1.00000e+00  8.09381e-17  0.00000e+00  0.00000e+00  1.00000e+00
  119 -3.87207e-01  1.00000e+00  2.38323e-20  0.00000e+00  0.00000e+00  1.00000e+00
  120 -3.86230e-01  1.00000e+00 -2.14370e-20  0.00000e+00  0.00000e+00  1.00000e+00
  121 -3.85254e-01  1.00000e+00 -1.24164e-20  0.00000e+00  0.00000e+00  1.00000e+00
  122 -3.84277e-01  1.00000e+00 -1.21819e-20  0.00000e+00  0.00000e+00  1.00000e+00
  123 -3.83301e-01  1.00000e+00  5.41133e-21  0.00000e+00  0.00000e+00  1.00000e+00
  124 -3.82324e-01  1.00000e+00 -4.16280e-20  0.00000e+00  0.00000e+00  1.00000e+00
  125 -3.81348e-01  1.00000e+00  2.70357e-20  0.00000e+00  0.00000e+00  1.00000e+00
  126 -3.80371e-01  1.00000e+00  6.69212e-20  0.00000e+00  0.00000e+00  1.00000e+00
  127 -3.79395e-01  1.00000e+00  1.81217e-20  0.00000e+00  0.00000e+00  1.00000e+00
  128 -3.78418e-01  1.00000e+00 -6.74120e-20  0.00000e+00  0.00000e+00  1.00000e+00
  129 -3.77441e-01  1.00000e+00  6.82890e-21  0.00000e+00  0.00000e+00  1.00000e+00
  130 -3.76465e-01  1.00000e+00  8.09171e-17  0.00000e+00  0.00000e+00  1.00000e+00
  131 -3.75488e-01  1.00000e+00 -2.55010e-21  0.00000e+00  0.00000e+00  1.00000e+00
  132 -3.74512e-01  1.00000e+00 -2.67007e-20  0.00000e+00  0.00000e+00  1.00000e+00
  133 -3.73535e-01  1.00000e+00 -3.44313e-20  0.00000e+00  0.00000e+00  1.00000e+00
  134 -3.72559e-01  1.00000e+00  1.64956e-20  0.00000e+00  0.00000e+00  1.00000e+00
  135 -3.71582e-01  1.00000e+00  2.14552e-20  0.00000e+00  0.00000e+00  1.00000e+00
  136 -3.70605e-01  1.00000e+00  1.49619e-20  0.00000e+00  0.00000e+00  1.00000e+00
  137 -3.69629e-01  1.00000e+00  3.19336e-20  0.00000e+00  0.00000e+00  1.00000e+00
  138 -3.68652e-01  1.00000e+00  5.29057e-20  0.00000e+00  0.00000e+00  1.00000e+00
  139 -3.67676e-01  1.00000e+00 -4.47240e-20  0.00000e+00  0.00000e+00  1.00000e+00
  140 -3.66699e-01  1.00000e+00  2.75574e-20  0.00000e+00  0.00000e+00  1.00000e+00
  141 -3.65723e-01  1.00000e+00 -3.74501e-20  0.00000e+00  0.00000e+00  1.00000e+00
  142 -3.64746e-01  1.00000e+00 -1.54635e-22  0.00000e+00  0.00000e+00  1.00000e+00
  143 -3.63770e-01  1.00000e+00 -3.88159e-20  0.00000e+00  0.00000e+00  1.00000e+00
  144 -3.62793e-01  1.00000e+00 -2.42168e-20  0.00000e+00  0.00000e+00  1.00000e+00
  145 -3.61816e-01  1.00000e+00  1.69484e-20  0.00000e+00  0.00000e+00  1.00000e+00
  146 -3.60840e-01  1.00000e+00  2.19627e-20  0.00000e+00  0.00000e+00  1.00000e+00
  147 -3.59863e-01  1.00000e+00  6.09042e-22  0.00000e+00  0.00000e+00  1.00000e+00
  148 -3.58887e-01  1.00000e+00 -2.28314e-20  0.00000e+00  0.00000e+00  1.00000e+00
  149 -3.57910e-01  1.00000e+00 -1.47738e-20  0.00000e+00  0.00000e+00  1.00000e+00
  150 -3.56934e-01  1.00000e+00  3.50302e-20  0.00000e+00  0.00000e+00  1.00000e+00
  151 -3.55957e-01  1.00000e+00  6.72428e-20  0.00000e+00  0.00000e+00  1.00000e+00
  152 -3.54980e-01  1.00000e+00 -3.67050e-20  0.00000e+00  0.00000e+00  1.00000e+00
  153 -3.54004e-01  1.00000e+00 -3.33473e-20  0.00000e+00  0.00000e+00  1.00000e+00
  154 -3.53027e-01  1.00000e+00 -5.36438e-21  0.00000e+00  0.00000e+00  1.00000e+00
  155 -3.52051e-01  1.00000e+00 -2.07617e-21  0.00000e+00  0.00000e+00  1.00000e+00
  156 -3.51074e-01  1.00000e+00  8.09234e-17  0.00000e+00  0.00000e+00  1.00000e+00
  157 -3.50098e-01  1.00000e+00  1.27431e-20  0.00000e+00  0.00000e+00  1.00000e+00
  158 -3.49121e-01  1.00000e+00 -1.90402e-20  0.00000e+00  0.00000e+00  1.00000e+00
  159 -3.48145e-01  1.00000e+00 -5.23040e-20  0.00000e+00  0.00000e+00  1.00000e+00
  160 -3.47168e-01  1.00000e+00 -2.08957e-20  0.00000e+00  0.00000e+00  1.00000e+00
  161 -3.46191e-01  1.00000e+00  8.15381e-20  0.00000e+00  0.00000e+00  1.00000e+00
  162 -3.45215e-01  1.00000e+00  5.95234e-20  0.00000e+00  0.00000e+00  1.00000e+00
  163 -3.44238e-01  1.00000e+00  2.73098e-21  0.00000e+00  0.00000e+00  1.00000e+00
  164 -3.43262e-01  1.00000e+00 -6.96201e-20  0.00000e+00  0.00000e+00  1.00000e+00
  165 -3.42285e-01  1.00000e+00 -4.29968e-21  0.00000e+00  0.00000e+00  1.00000e+00
  166 -3.41309e-01  1.00000e+00 -6.20839e-21  0.00000e+00  0.00000e+00  1.00000e+00
  167 -3.40332e-01  1.00000e+00 -4.12848e-21  0.00000e+00  0.00000e+00  1.00000e+00
  168 -3.39355e-01  1.00000e+00 -2.61998e-20  0.00000e+00  0.00000e+00  1.00000e+00
  169 -3.38379e-01  1.00000e+00 -3.29887e-20  0.00000e+00  0.00000e+00  1.00000e+00
  170 -3.37402e-01  1.00000e+00 -1.66272e-20  0.00000e+00  0.00000e+00  1.00000e+00
  171 -3.36426e-01  1.00000e+00  8.09462e-17  0.00000e+00  0.00000e+00  1.00000e+00
  172 -3.35449e-01  1.00000e+00  6.32539e-20  0.00000e+00  0.00000e+00  1.00000e+00
  173 -3.34473e-01  1.00000e+00  4.15657e-20  0.00000e+00  0.00000e+00  1.00000e+00
  174 -3.33496e-01  1.00000e+00 -9.75674e-22  0.00000e+00  0.00000e+00  1.00000e+00
  175 -3.32520e-01  1.00000e+00 -3.93899e-20  0.00000e+00  0.00000e+00  1.00000e+00
  176 -3.31543e-01  1.00000e+00  6.12292e-20  0.00000e+00  0.00000e+00  1.00000e+00
  177 -3.30566e-01  1.00000e+00 -3.21684e-20  0.00000e+00  0.00000e+00  1.00000e+00
  178 -3.29590e-01  1.00000e+00 -1.88567e-21  0.00000e+00  0.00000e+00  1.00000e+00
  179 -3.28613e-01  1.00000e+00 -3.47023e-20  0.00000e+00  0.00000e+00  1.00000e+00
  180 -3.27637e-01  1.00000e+00 -3.45984e-20  0.00000e+00  0.00000e+00  1.00000e+00
  181 -3.26660e-01  1.00000e+00  8.09134e-17  0.00000e+00  0.00000e+00  1.00000e+00
  182 -3.25684e-01  1.00000e+00  3.13345e-20  0.00000e+00  0.00000e+00  1.00000e+00
  183 -3.24707e-01  1.00000e+00  1.84445e-20  0.00000e+00  0.00000e+00  1.00000e+00
  184 -3.23730e-01  1.00000e+00 -5.18275e-20  0.00000e+00  0.00000e+00  1.00000e+00
  185 -3.22754e-01  1.00000e+00 -3.31270e-20  0.00000e+00  0.00000e+00  1.00000e+00
  186 -3.21777e-01  1.00000e+00  6.17322e-20  0.00000e+00  0.00000e+00  1.00000e+00
  187 -3.20801e-01  1.00000e+00  8.21136e-20  0.00000e+00  0.00000e+00  1.00000e+00
  188 -3.19824e-01  1.00000e+00 -3.01426e-20  0.00000e+00  0.00000e+00  1.00000e+00
  189 -3.18848e-01  1.00000e+00 -1.51555e-20  0.00000e+00  0.00000e+00  1.00000e+00
  190 -3.17871e-01  1.00000e+00 -8.27123e-21  0.00000e+00  0.00000e+00  1.00000e+00
  191 -3.16895e-01  1.00000e+00 -2.02590e-22  0.00000e+00  0.00000e+00  1.00000e+00
  192 -3.15918e-01  1.00000e+00 -2.30552e-20  0.00000e+00  0.00000e+00  1.00000e+00
  193 -3.14941e-01  1.00000e+00  8.09474e-17  0.00000e+00  0.00000e+00  1.00000e+00
  194 -3.13965e-01  1.00000e+00  5.52837e-21  0.00000e+00  0.00000e+00  1.00000e+00
  195 -3.12988e-01  1.00000e+00 -1.01693e-19  0.00000e+00  0.00000e+00  1.00000e+00
  196 -3.12012e-01  1.00000e+00 -9.59614e-20  0.00000e+00  0.00000e+00  1.00000e+00
  197 -3.11035e-01  1.00000e+00  1.40259e-19  0.00000e+00  0.00000e+00  1.00000e+00
  198 -3.10059e-01  1.00000e+00  1.26706e-19  0.00000e+00  0.00000e+00  1.00000e+00
  199 -3.09082e-01  1.00000e+00 -3.13823e-20  0.00000e+00  0.00000e+00  1.00000e+00
  200 -3.08105e-01  1.00000e+00 -4.29943e-20  0.00000e+00  0.00000e+00  1.00000e+00
  201 -3.07129e-01  1.00000e+00 -3.92563e-21  0.00000e+00  0.00000e+00  1.00000e+00
  202 -3.06152e-01  1.00000e+00  8.09185e-17  0.00000e+00  0.00000e+00  1.00000e+00
  203 -3.05176e-01  1.00000e+00 -2.41755e-21  0.00000e+00  0.00000e+00  1.00000e+00
  204 -3.04199e-01  1.00000e+00 -1.53936e-20  0.00000e+00  0.00000e+00  1.00000e+00
  205 -3.03223e-01  1.00000e+00 -5.95927e-20  0.00000e+00  0.00000e+00  1.00000e+00
  206 -3.02246e-01  1.00000e+00 -6.95376e-20  0.00000e+00  0.00000e+00  1.00000e+00
  207 -3.01270e-01  1.00000e+00 -3.57466e-21  0.00000e+00  0.00000e+00  1.00000e+00
  208 -3.00293e-01  1.00000e+00  9.97025e-20  0.00000e+00  0.00000e+00  1.00000e+00
  209 -2.99316e-01  1.00000e+00  7.70244e-20  0.00000e+00  0.00000e+00  1.00000e+00
  210 -2.98340e-01  1.00000e+00 -2.02817e-20  0.00000e+00  0.00000e+00  1.00000e+00
  211 -2.97363e-01  1.00000e+00 -3.45697e-20  0.00000e+00  0.00000e+00  1.00000e+00
  212 -2.96387e-01  1.00000e+00  5.68320e-20  0.00000e+00  0.00000e+00  1.00000e+00
  213 -2.95410e-01  1.00000e+00  8.08960e-17  0.00000e+00  0.00000e+00  1.00000e+00
  214 -2.94434e-01  1.00000e+00  8.51195e-21  0.00000e+00  0.00000e+00  1.00000e+00
  215 -2.93457e-01  1.00000e+00 -1.90032e-20  0.00000e+00  0.00000e+00  1.00000e+00
  216 -2.92480e-01  1.00000e+00 -1.08900e-19  0.00000e+00  0.00000e+00  1.00000e+00
  217 -2.91504e-01  1.00000e+00 -1.86259e-20  0.00000e+00  0.00000e+00  1.00000e+00
  218 -2.90527e-01  1.00000e+00  7.68015e-20  0.00000e+00  0.00000e+00  1.00000e+00
  219 -2.89551e-01  1.00000e+00  2.81201e-20  0.00000e+00  0.00000e+00  1.00000e+00
  220 -2.88574e-01  1.00000e+00 -1.07676e-20  0.00000e+00  0.00000e+00  1.00000e+00
  221 -2.87598e-01  1.00000e+00 -2.80720e-20  0.00000e+00  0.00000e+00  1.00000e+00
  222 -2.86621e-01  1.00000e+00  2.61325e-20  0.00000e+00  0.00000e+00  1.00000e+00
  223 -2.85645e-01  1.00000e+00  8.09940e-17  0.00000e+00  0.00000e+00  1.00000e+00
  224 -2.84668e-01  1.00000e+00 -3.62651e-20  0.00000e+00  0.00000e+00  1.00000e+00
  225 -2.83691e-01  1.00000e+00  2.68262e-21  0.00000e+00  0.00000e+00  1.00000e+00
  226 -2.82715e-01  1.00000e+00 -5.67521e-20  0.00000e+00  0.00000e+00  1.00000e+00
  227 -2.81738e-01  1.00000e+00 -7.88411e-20  0.00000e+00  0.00000e+00  1.00000e+00
  228 -2.80762e-01  1.00000e+00  4.49062e-20  0.00000e+00  0.00000e+00  1.00000e+00
  229 -2.79785e-01  1.00000e+00  7.72209e-20  0.00000e+00  0.00000e+00  1.00000e+00
  230 -2.78809e-01  1.00000e+00 -8.17628e-22  0.00000e+00  0.00000e+00  1.00000e+00
  231 -2.77832e-01  1.00000e+00  8.08557e-17  0.00000e+00  0.00000e+00  1.00000e+00
  232 -2.76855e-01  1.00000e+00 -6.91034e-20  0.00000e+00  0.00000e+00  1.00000e+00
  233 -2.75879e-01  1.00000e+00  9.43824e-20  0.00000e+00  0.00000e+00  1.00000e+00
  234 -2.74902e-01  1.00000e+00  8.32011e-20  0.00000e+00  0.00000e+00  1.00000e+00
  235 -2.73926e-01  1.00000e+00  8.09119e-17  0.00000e+00  0.00000e+00  1.00000e+00
  236 -2.72949e-01  1.00000e+00  3.16456e-20  0.00000e+00  0.00000e+00  1.00000e+00
  237 -2.71973e-01  1.00000e+00 -4.68715e-20  0.00000e+00  0.00000e+00  1.00000e+00
  238 -2.70996e-01  1.00000e+00 -9.40085e-20  0.00000e+00  0.00000e+00  1.00000e+00
  239 -2.70020e-01  1.00000e+00  3.09374e-20  0.00000e+00  0.00000e+00  1.00000e+00
  240 -2.69043e-01  1.00000e+00  8.09891e-17  0.00000e+00  0.00000e+00  1.00000e+00
  241 -2.68066e-01  1.00000e+00 -5.93660e-20  0.00000e+00  0.00000e+00  1.00000e+00
  242 -2.67090e-01  1.00000e+00 -9.18903e-20  0.00000e+00  0.00000e+00  1.00000e+00
  243 -2.66113e-01  1.00000e+00 -5.55817e-20  0.00000e+00  0.00000e+00  1.00000e+00
  244 -2.65137e-01  1.00000e+00  1.28789e-19  0.00000e+00  0.00000e+00  1.00000e+00
  245 -2.64160e-01  1.00000e+00  7.61589e-20  0.00000e+00  0.00000e+00  1.00000e+00
  246 -2.63184e-01  1.00000e+00 -2.57770e-20  0.00000e+00  0.00000e+00  1.00000e+00
  247 -2.62207e-01  1.00000e+00 -5.68361e-21  0.00000e+00  0.00000e+00  1.00000e+00
  248 -2.61230e-01  1.00000e+00  4.20321e-21  0.00000e+00  0.00000e+00  1.00000e+00
  249 -2.60254e-01  1.00000e+00 -6.21396e-20  0.00000e+00  0.00000e+00  1.00000e+00
  250 -2.59277e-01  1.00000e+00  3.10117e-20  0.00000e+00  0.00000e+00  1.00000e+00
  251 -2.58301e-01  1.00000e+00  3.42554e-20  0.00000e+00  0.00000e+00  1.00000e+00
  252 -2.57324e-01  1.00000e+00 -1.01959e-19  0.00000e+00  0.00000e+00  1.00000e+00
  253 -2.56348e-01  1.00000e+00 -2.40184e-20  0.00000e+00  0.00000e+00  1.00000e+00
  254 -2.55371e-01  1.00000e+00  3.28411e-20  0.00000e+00  0.00000e+00  1.00000e+00
  255 -2.54395e-01  1.00000e+00  4.03514e-20  0.00000e+00  0.00000e+00  1.00000e+00
  256 -2.53418e-01  1.00000e+00  2.27516e-20  0.00000e+00  0.00000e+00  1.00000e+00
  257 -2.52441e-01  1.00000e+00 -3.54003e-21  0.00000e+00  0.00000e+00  1.00000e+00
  258 -2.51465e-01  1.00000e+00  1.26683e-20  0.00000e+00  0.00000e+00  1.00000e+00
  259 -2.50488e-01  1.00000e+00  1.24506e-20  0.00000e+00  0.00000e+00  1.00000e+00
  260 -2.49512e-01  1.00000e+00 -6.21852e-20  0.00000e+00  0.00000e+00  1.00000e+00
  261 -2.48535e-01  1.00000e+00  1.99844e-20  0.00000e+00  0.00000e+00  1.00000e+00
  262 -2.47559e-01  1.00000e+00 -5.78944e-20  0.00000e+00  0.00000e+00  1.00000e+00
  263 -2.46582e-01  1.00000e+00 -9.63292e-20  0.00000e+00  0.00000e+00  1.00000e+00
  264 -2.45605e-01  1.00000e+00  6.39526e-20  0.00000e+00  0.00000e+00  1.00000e+00
  265 -2.44629e-01  1.00000e+00  5.96668e-20  0.00000e+00  0.00000e+00  1.00000e+00
  266 -2.43652e-01  1.00000e+00  7.29240e-21  0.00000e+00  0.00000e+00  1.00000e+00
  267 -2.42676e-01  1.00000e+00 -4.03604e-20  0.00000e+00  0.00000e+00  1.00000e+00
  268 -2.41699e-01  1.00000e+00 -5.24408e-20  0.00000e+00  0.00000e+00  1.00000e+00
  269 -2.40723e-01  1.00000e+00  8.10040e-17  0.00000e+00  0.00000e+00  1.00000e+00
  270 -2.39746e-01  1.00000e+00  2.02379e-16  0.00000e+00  0.00000e+00  1.00000e+00
  271 -2.38770e-01  1.00000e+00  2.95388e-15  0.00000e+00  0.00000e+00  1.00000e+00
  272 -2.37793e-01  1.00000e+00  3.30595e-14  0.00000e+00  0.00000e+00  1.00000e+00
  273 -2.36816e-01  1.00000e+00  3.54954e-13  0.00000e+00  0.00000e+00  1.00000e+00
  274 -2.35840e-01  1.00000e+00  3.77987e-12  0.00000e+00  0.00000e+00  1.00000e+00
  275 -2.34863e-01  1.00000e+00  4.02387e-11  0.00000e+00  0.00000e+00  1.00000e+00
  276 -2.33887e-01  1.00000e+00  4.28369e-10  0.00000e+00  0.00000e+00  1.00000e+00
  277 -2.32910e-01  1.00000e+00  4.56132e-09  0.00000e+00  0.00000e+00  1.00000e+00
  278 -2.31934e-01  1.00000e+00  4.85562e-08  0.00000e+00  0.00000e+00  1.00000e+00
  279 -2.30957e-01  1.00000e+00  5.15475e-07  0.00000e+00  0.00000e+00  9.99999e-01
  280 -2.29980e-01  9.99995e-01  5.47099e-06  0.00000e+00  0.00000e+00  9.99994e-01
  281 -2.29004e-01  9.99953e-01  5.57918e-05  0.00000e+00  0.00000e+00  9.99934e-01
  282 -2.28027e-01  9.99680e-01  3.79245e-04  0.00000e+00  0.00000e+00  9.99551e-01
  283 -2.27051e-01  9.98876e-01  1.33087e-03  0.00000e+00  0.00000e+00  9.98426e-01
  284 -2.26074e-01  9.97377e-01  3.10741e-03  0.00000e+00  0.00000e+00  9.96329e-01
  285 -2.25098e-01  9.95224e-01  5.66239e-03  0.00000e+00  0.00000e+00  9.93320e-01
  286 -2.24121e-01  9.92582e-01  8.80401e-03  0.00000e+00  0.00000e+00  9.89631e-01
  287 -2.23145e-01  9.89627e-01  1.23265e-02  0.00000e+00  0.00000e+00  9.85508e-01
  288 -2.22168e-01  9.86487e-01  1.60775e-02  0.00000e+00  0.00000e+00  9.81133e-01
  289 -2.21191e-01  9.83242e-01  1.99641e-02  0.00000e+00  0.00000e+00  9.76618e-01
  290 -2.20215e-01  9.79935e-01  2.39354e-02  0.00000e+00  0.00000e+00  9.72023e-01
  291 -2.19238e-01  9.76590e-01  2.79640e-02  0.00000e+00  0.00000e+00  9.67380e-01
  292 -2.18262e-01  9.73219e-01  3.20340e-02  0.00000e+00  0.00000e+00  9.62709e-01
  293 -2.17285e-01  9.69832e-01  3.61357e-02  0.00000e+00  0.00000e+00  9.58022e-01
  294 -2.16309e-01  9.66434e-01  4.02622e-02  0.00000e+00  0.00000e+00  9.53325e-01
  295 -2.15332e-01  9.63029e-01  4.44087e-02  0.00000e+00  0.00000e+00  9.48626e-01
  296 -2.14355e-01  9.59620e-01  4.85715e-02  0.00000e+00  0.00000e+00  9.43928e-01
  297 -2.13379e-01  9.56209e-01  5.27478e-02  0.00000e+00  0.00000e+00  9.39235e-01
  298 -2.12402e-01  9.52800e-01  5.69354e-02  0.00000e+00  0.00000e+00  9.34550e-01
  299 -2.11426e-01  9.49392e-01  6.11328e-02  0.00000e+00  0.00000e+00  9.29873e-01
  300 -2.10449e-01  9.45987e-01  6.53384e-02  0.00000e+00  0.00000e+00  9.25208e-01
  301 -2.09473e-01  9.42586e-01  6.95512e-02  0.00000e+00  0.00000e+00  9.20555e-01
  302 -2.08496e-01  9.39190e-01  7.37704e-02  0.00000e+00  0.00000e+00  9.15914e-01
  303 -2.07520e-01  9.35799e-01  7.79951e-02  0.00000e+00  0.00000e+00  9.11288e-01
  304 -2.06543e-01  9.32414e-01  8.22247e-02  0.00000e+00  0.00000e+00  9.06677e-01
  305 -2.05566e-01  9.29035e-01  8.64588e-02  0.00000e+00  0.00000e+00  9.02081e-01
  306 -2.04590e-01  9.25663e-01  9.06967e-02  0.00000e+00  0.00000e+00  8.97500e-01
  307 -2.03613e-01  9.22298e-01  9.49382e-02  0.00000e+00  0.00000e+00  8.92936e-01
  308 -2.02637e-01  9.18941e-01  9.91829e-02  0.00000e+00  0.00000e+00  8.88388e-01
  309 -2.01660e-01  9.15590e-01  1.03430e-01  0.00000e+00  0.00000e+00  8.83857e-01
  310 -2.00684e-01  9.12248e-01  1.07681e-01  0.00000e+00  0.00000e+00  8.79343e-01
  311 -1.99707e-01  9.08913e-01  1.11933e-01  0.00000e+00  0.00000e+00  8.74846e-01
  312 -1.98730e-01  9.05587e-01  1.16188e-01  0.00000e+00  0.00000e+00  8.70367e-01
  313 -1.97754e-01  9.02268e-01  1.20445e-01  0.00000e+00  0.00000e+00  8.65905e-01
  314 -1.96777e-01  8.98958e-01  1.24704e-01  0.00000e+00  0.00000e+00  8.61461e-01
  315 -1.95801e-01  8.95656e-01  1.28964e-01  0.00000e+00  0.00000e+00  8.57034e-01
  316 -1.94824e-01  8.92363e-01  1.33227e-01  0.00000e+00  0.00000e+00  8.52626e-01
  317 -1.93848e-01  8.89078e-01  1.37490e-01  0.00000e+00  0.00000e+00  8.48235e-01
  318 -1.92871e-01  8.85802e-01  1.41755e-01  0.00000e+00  0.00000e+00  8.43862e-01
  319 -1.91895e-01  8.82535e-01  1.46021e-01  0.00000e+00  0.00000e+00  8.39508e-01
  320 -1.90918e-01  8.79276e-01  1.50289e-01  0.00000e+00  0.00000e+00  8.35171e-01
  321 -1.89941e-01  8.76026e-01  1.54557e-01  0.00000e+00  0.00000e+00  8.30853e-01
  322 -1.88965e-01  8.72785e-01  1.58827e-01  0.00000e+00  0.00000e+00  8.26553e-01
  323 -1.87988e-01  8.69553e-01  1.63097e-01  0.00000e+00  0.00000e+00  8.22271e-01
  324 -1.87012e-01  8.66330e-01  1.67368e-01  0.00000e+00  0.00000e+00  8.18006e-01
  325 -1.86035e-01  8.63115e-01  1.71641e-01  0.00000e+00  0.00000e+00  8.13761e-01
  326 -1.85059e-01  8.59910e-01  1.75914e-01  0.00000e+00  0.00000e+00  8.09533e-01
  327 -1.84082e-01  8.56714e-01  1.80187e-01  0.00000e+00  0.00000e+00  8.05323e-01
  328 -1.83105e-01  8.53526e-01  1.84462e-01  0.00000e+00  0.00000e+00  8.01132e-01
  329 -1.82129e-01  8.50348e-01  1.88737e-01  0.00000e+00  0.00000e+00  7.96958e-01
  330 -1.81152e-01  8.47179e-01  1.93012e-01  0.00000e+00  0.00000e+00  7.92803e-01
  331 -1.80176e-01  8.44019e-01  1.97289e-01  0.00000e+00  0.00000e+00  7.88666e-01
  332 -1.79199e-01  8.40867e-01  2.01565e-01  0.00000e+00  0.00000e+00  7.84546e-01
  333 -1.78223e-01  8.37725e-01  2.05843e-01  0.00000e+00  0.00000e+00  7.80445e-01
  334 -1.77246e-01  8.34592e-01  2.10120e-01  0.00000e+00  0.00000e+00  7.76362e-01
  335 -1.76270e-01  8.31468e-01  2.14398e-01  0.00000e+00  0.00000e+00  7.72296e-01
  336 -1.75293e-01  8.28353e-01  2.18677e-01  0.00000e+00  0.00000e+00  7.68249e-01
  337 -1.74316e-01  8.25247e-01  2.22956e-01  0.00000e+00  0.00000e+00  7.64219e-01
  338 -1.73340e-01  8.22151e-01  2.27235e-01  0.00000e+00  0.00000e+00  7.60207e-01
  339 -1.72363e-01  8.19063e-01  2.31514e-01  0.00000e+00  0.00000e+00  7.56213e-01
  340 -1.71387e-01  8.15984e-01  2.35794e-01  0.00000e+00  0.00000e+00  7.52237e-01
  341 -1.70410e-01  8.12915e-01  2.40074e-01  0.00000e+00  0.00000e+00  7.48278e-01
  342 -1.69434e-01  8.09854e-01  2.44354e-01  0.00000e+00  0.00000e+00  7.44337e-01
  343 -1.68457e-01  8.06803e-01  2.48635e-01  0.00000e+00  0.00000e+00  7.40414e-01
  344 -1.67480e-01  8.03760e-01  2.52916e-01  0.00000e+00  0.00000e+00  7.36508e-01
  345 -1.66504e-01  8.00727e-01  2.57197e-01  0.00000e+00  0.00000e+00  7.32620e-01
  346 -1.65527e-01  7.97703e-01  2.61478e-01  0.00000e+00  0.00000e+00  7.28749e-01
  347 -1.64551e-01  7.94688e-01  2.65759e-01  0.00000e+00  0.00000e+00  7.24895e-01
  348 -1.63574e-01  7.91681e-01  2.70040e-01  0.00000e+00  0.00000e+00  7.21059e-01
  349 -1.62598e-01  7.88684e-01  2.74322e-01  0.00000e+00  0.00000e+00  7.17240e-01
  350 -1.61621e-01  7.85696e-01  2.78604e-01  0.00000e+00  0.00000e+00  7.13438e-01
  351 -1.60645e-01  7.82717e-01  2.82885e-01  0.00000e+00  0.00000e+00  7.09654e-01
  352 -1.59668e-01  7.79747e-01  2.87167e-01  0.00000e+00  0.00000e+00  7.05887e-01
  353 -1.58691e-01  7.76786e-01  2.91449e-01  0.00000e+00  0.00000e+00  7.02137e-01
  354 -1.57715e-01  7.73833e-01  2.95731e-01  0.00000e+00  0.00000e+00  6.98404e-01
  355 -1.56738e-01  7.70890e-01  3.00013e-01  0.00000e+00  0.00000e+00  6.94688e-01
  356 -1.55762e-01  7.67956e-01  3.04295e-01  0.00000e+00  0.00000e+00  6.90989e-01
  357 -1.54785e-01  7.65030e-01  3.08576e-01  0.00000e+00  0.00000e+00  6.87306e-01
  358 -1.53809e-01  7.62114e-01  3.12858e-01  0.00000e+00  0.00000e+00  6.83641e-01
  359 -1.52832e-01  7.59206e-01  3.17140e-01  0.00000e+00  0.00000e+00  6.79992e-01
  360 -1.51855e-01  7.56308e-01  3.21422e-01  0.00000e+00  0.00000e+00  6.76360e-01
  361 -1.50879e-01  7.53418e-01  3.25704e-01  0.00000e+00  0.00000e+00  6.72745e-01
  362 -1.49902e-01  7.50537e-01  3.29986e-01  0.00000e+00  0.00000e+00  6.69147e-01
  363 -1.48926e-01  7.47665e-01  3.34267e-01  0.00000e+00  0.00000e+00  6.65565e-01
  364 -1.47949e-01  7.44802e-01  3.38549e-01  0.00000e+00  0.00000e+00  6.61999e-01
  365 -1.46973e-01  7.41948e-01  3.42830e-01  0.00000e+00  0.00000e+00  6.58450e-01
  366 -1.45996e-01  7.39103e-01  3.47112e-01  0.00000e+00  0.00000e+00  6.54918e-01
  367 -1.45020e-01  7.36266e-01  3.51393e-01  0.00000e+00  0.00000e+00  6.51402e-01
  368 -1.44043e-01  7.33438e-01  3.55674e-01  0.00000e+00  0.00000e+00  6.47902e-01
  369 -1.43066e-01  7.30619e-01  3.59955e-01  0.00000e+00  0.00000e+00  6.44418e-01
  370 -1.42090e-01  7.27809e-01  3.64236e-01  0.00000e+00  0.00000e+00  6.40951e-01
  371 -1.41113e-01  7.25008e-01  3.68516e-01  0.00000e+00  0.00000e+00  6.37499e-01
  372 -1.40137e-01  7.22215e-01  3.72797e-01  0.00000e+00  0.00000e+00  6.34064e-01
  373 -1.39160e-01  7.19431e-01  3.77077e-01  0.00000e+00  0.00000e+00  6.30645e-01
  374 -1.38184e-01  7.16656e-01  3.81357e-01  0.00000e+00  0.00000e+00  6.27242e-01
  375 -1.37207e-01  7.13889e-01  3.85637e-01  0.00000e+00  0.00000e+00  6.23854e-01
  376 -1.36230e-01  7.11131e-01  3.89916e-01  0.00000e+00  0.00000e+00  6.20483e-01
  377 -1.35254e-01  7.08382e-01  3.94196e-01  0.00000e+00  0.00000e+00  6.17127e-01
  378 -1.34277e-01  7.05641e-01  3.98475e-01  0.00000e+00  0.00000e+00  6.13787e-01
  379 -1.33301e-01  7.02910e-01  4.02754e-01  0.00000e+00  0.00000e+00  6.10463e-01
  380 -1.32324e-01  7.00186e-01  4.07032e-01  0.00000e+00  0.00000e+00  6.07155e-01
  381 -1.31348e-01  6.97472e-01  4.11311e-01  0.00000e+00  0.00000e+00  6.03862e-01
  382 -1.30371e-01  6.94766e-01  4.15589e-01  0.00000e+00  0.00000e+00  6.00584e-01
  383 -1.29395e-01  6.92068e-01  4.19867e-01  0.00000e+00  0.00000e+00  5.97322e-01
  384 -1.28418e-01  6.89380e-01  4.24144e-01  0.00000e+00  0.00000e+00  5.94076e-01
  385 -1.27441e-01  6.86699e-01  4.28421e-01  0.00000e+00  0.00000e+00  5.90845e-01
  386 -1.26465e-01  6.84028e-01  4.32698e-01  0.00000e+00  0.00000e+00  5.87629e-01
  387 -1.25488e-01  6.81365e-01  4.36974e-01  0.00000e+00  0.00000e+00  5.84428e-01
  388 -1.24512e-01  6.78710e-01  4.41250e-01  0.00000e+00  0.00000e+00  5.81243e-01
  389 -1.23535e-01  6.76064e-01  4.45526e-01  0.00000e+00  0.00000e+00  5.78073e-01
  390 -1.22559e-01  6.73426e-01  4.49801e-01  0.00000e+00  0.00000e+00  5.74918e-01
  391 -1.21582e-01  6.70797e-01  4.54076e-01  0.00000e+00  0.00000e+00  5.71778e-01
  392 -1.20605e-01  6.68176e-01  4.58351e-01  0.00000e+00  0.00000e+00  5.68653e-01
  393 -1.19629e-01  6.65564e-01  4.62625e-01  0.00000e+00  0.00000e+00  5.65543e-01
  394 -1.18652e-01  6.62960e-01  4.66898e-01  0.00000e+00  0.00000e+00  5.62448e-01
  395 -1.17676e-01  6.60365e-01  4.71172e-01  0.00000e+00  0.00000e+00  5.59368e-01
  396 -1.16699e-01  6.57778e-01  4.75444e-01  0.00000e+00  0.00000e+00  5.56303e-01
  397 -1.15723e-01  6.55200e-01  4.79716e-01  0.00000e+00  0.00000e+00  5.53252e-01
  398 -1.14746e-01  6.52630e-01  4.83988e-01  0.00000e+00  0.00000e+00  5.50216e-01
  399 -1.13770e-01  6.50068e-01  4.88259e-01  0.00000e+00  0.00000e+00  5.47195e-01
  400 -1.12793e-01  6.47515e-01  4.92530e-01  0.00000e+00  0.00000e+00  5.44189e-01
  401 -1.11816e-01  6.44970e-01  4.96800e-01  0.00000e+00  0.00000e+00  5.41197e-01
  402 -1.10840e-01  6.42433e-01  5.01069e-01  0.00000e+00  0.00000e+00  5.38219e-01
  403 -1.09863e-01  6.39905e-01  5.05338e-01  0.00000e+00  0.00000e+00  5.35256e-01
  404 -1.08887e-01  6.37385e-01  5.09606e-01  0.00000e+00  0.00000e+00  5.32307e-01
  405 -1.07910e-01  6.34873e-01  5.13874e-01  0.00000e+00  0.00000e+00  5.29373e-01
  406 -1.06934e-01  6.32370e-01  5.18141e-01  0.00000e+00  0.00000e+00  5.26453e-01
  407 -1.05957e-01  6.29875e-01  5.22407e-01  0.00000e+00  0.00000e+00  5.23547e-01
  408 -1.04980e-01  6.27388e-01  5.26673e-01  0.00000e+00  0.00000e+00  5.20656e-01
  409 -1.04004e-01  6.24910e-01  5.30938e-01  0.00000e+00  0.00000e+00  5.17779e-01
  410 -1.03027e-01  6.22439e-01  5.35202e-01  0.00000e+00  0.00000e+00  5.14915e-01
  411 -1.02051e-01  6.19977e-01  5.39465e-01  0.00000e+00  0.00000e+00  5.12066e-01
  412 -1.01074e-01  6.17524e-01  5.43728e-01  0.00000e+00  0.00000e+00  5.09231e-01
  413 -1.00098e-01  6.15078e-01  5.47990e-01  0.00000e+00  0.00000e+00  5.06410e-01
  414 -9.91211e-02  6.12641e-01  5.52251e-01  0.00000e+00  0.00000e+00  5.03603e-01
  415 -9.81445e-02  6.10212e-01  5.56511e-01  0.00000e+00  0.00000e+00  5.00810e-01
  416 -9.71680e-02  6.07791e-01  5.60770e-01  0.00000e+00  0.00000e+00  4.98031e-01
  417 -9.61914e-02  6.05379e-01  5.65028e-01  0.00000e+00  0.00000e+00  4.95265e-01
  418 -9.52148e-02  6.02974e-01  5.69285e-01  0.00000e+00  0.00000e+00  4.92514e-01
  419 -9.42383e-02  6.00578e-01  5.73542e-01  0.00000e+00  0.00000e+00  4.89776e-01
  420 -9.32617e-02  5.98190e-01  5.77797e-01  0.00000e+00  0.00000e+00  4.87052e-01
  421 -9.22852e-02  5.95811e-01  5.82051e-01  0.00000e+00  0.00000e+00  4.84341e-01
  422 -9.13086e-02  5.93439e-01  5.86304e-01  0.00000e+00  0.00000e+00  4.81644e-01
  423 -9.03320e-02  5.91076e-01  5.90556e-01  0.00000e+00  0.00000e+00  4.78961e-01
  424 -8.93555e-02  5.88721e-01  5.94807e-01  0.00000e+00  0.00000e+00  4.76291e-01
  425 -8.83789e-02  5.86373e-01  5.99057e-01  0.00000e+00  0.00000e+00  4.73635e-01
  426 -8.74023e-02  5.84035e-01  6.03305e-01  0.00000e+00  0.00000e+00  4.70992e-01
  427 -8.64258e-02  5.81704e-01  6.07552e-01  0.00000e+00  0.00000e+00  4.68363e-01
  428 -8.54492e-02  5.79381e-01  6.11798e-01  0.00000e+00  0.00000e+00  4.65747e-01
  429 -8.44727e-02  5.77067e-01  6.16042e-01  0.00000e+00  0.00000e+00  4.63145e-01
  430 -8.34961e-02  5.74761e-01  6.20285e-01  0.00000e+00  0.00000e+00  4.60556e-01
  431 -8.25195e-02  5.72463e-01  6.24527e-01  0.00000e+00  0.00000e+00  4.57980e-01
  432 -8.15430e-02  5.70173e-01  6.28767e-01  0.00000e+00  0.00000e+00  4.55417e-01
  433 -8.05664e-02  5.67892e-01  6.33005e-01  0.00000e+00  0.00000e+00  4.52868e-01
  434 -7.95898e-02  5.65618e-01  6.37242e-01  0.00000e+00  0.00000e+00  4.50332e-01
  435 -7.86133e-02  5.63353e-01  6.41477e-01  0.00000e+00  0.00000e+00  4.47809e-01
  436 -7.76367e-02  5.61096e-01  6.45710e-01  0.00000e+00  0.00000e+00  4.45299e-01
  437 -7.66602e-02  5.58847e-01  6.49942e-01  0.00000e+00  0.00000e+00  4.42802e-01
  438 -7.56836e-02  5.56606e-01  6.54172e-01  0.00000e+00  0.00000e+00  4.40319e-01
  439 -7.47070e-02  5.54374e-01  6.58400e-01  0.00000e+00  0.00000e+00  4.37848e-01
  440 -7.37305e-02  5.52149e-01  6.62626e-01  0.00000e+00  0.00000e+00  4.35390e-01
  441 -7.27539e-02  5.49933e-01  6.66850e-01  0.00000e+00  0.00000e+00  4.32946e-01
  442 -7.17773e-02  5.47725e-01  6.71072e-01  0.00000e+00  0.00000e+00  4.30514e-01
  443 -7.08008e-02  5.45525e-01  6.75291e-01  0.00000e+00  0.00000e+00  4.28096e-01
  444 -6.98242e-02  5.43334e-01  6.79509e-01  0.00000e+00  0.00000e+00  4.25690e-01
  445 -6.88477e-02  5.41150e-01  6.83724e-01  0.00000e+00  0.00000e+00  4.23297e-01
  446 -6.78711e-02  5.38975e-01  6.87937e-01  0.00000e+00  0.00000e+00  4.20917e-01
  447 -6.68945e-02  5.36808e-01  6.92148e-01  0.00000e+00  0.00000e+00  4.18549e-01
  448 -6.59180e-02  5.34650e-01  6.96356e-01  0.00000e+00  0.00000e+00  4.16195e-01
  449 -6.49414e-02  5.32499e-01  7.00562e-01  0.00000e+00  0.00000e+00  4.13853e-01
  450 -6.39648e-02  5.30357e-01  7.04765e-01  0.00000e+00  0.00000e+00  4.11524e-01
  451 -6.29883e-02  5.28223e-01  7.08966e-01  0.00000e+00  0.00000e+00  4.09208e-01
  452 -6.20117e-02  5.26097e-01  7.13164e-01  0.00000e+00  0.00000e+00  4.06904e-01
  453 -6.10352e-02  5.23979e-01  7.17359e-01  0.00000e+00  0.00000e+00  4.04613e-01
  454 -6.00586e-02  5.21870e-01  7.21552e-01  0.00000e+00  0.00000e+00  4.02334e-01
  455 -5.90820e-02  5.19769e-01  7.25742e-01  0.00000e+00  0.00000e+00  4.00068e-01
  456 -5.81055e-02  5.17675e-01  7.29929e-01  0.00000e+00  0.00000e+00  3.97814e-01
  457 -5.71289e-02  5.15590e-01  7.34114e-01  0.00000e+00  0.00000e+00  3.95573e-01
  458 -5.61523e-02  5.13513e-01  7.38295e-01  0.00000e+00  0.00000e+00  3.93344e-01
  459 -5.51758e-02  5.11445e-01  7.42474e-01  0.00000e+00  0.00000e+00  3.91127e-01
  460 -5.41992e-02  5.09384e-01  7.46651e-01  0.00000e+00  0.00000e+00  3.88922e-01
  461 -5.32227e-02  5.07331e-01  7.50824e-01  0.00000e+00  0.00000e+00  3.86729e-01
  462 -5.22461e-02  5.05286e-01  7.54995e-01  0.00000e+00  0.00000e+00  3.84549e-01
  463 -5.12695e-02  5.03248e-01  7.59164e-01  0.00000e+00  0.00000e+00  3.82380e-01
  464 -5.02930e-02  5.01219e-01  7.63330e-01  0.00000e+00  0.00000e+00  3.80223e-01
  465 -4.93164e-02  4.99197e-01  7.67493e-01  0.00000e+00  0.00000e+00  3.78077e-01
  466 -4.83398e-02  4.97183e-01  7.71655e-01  0.00000e+00  0.00000e+00  3.75943e-01
  467 -4.73633e-02  4.95176e-01  7.75814e-01  0.00000e+00  0.00000e+00  3.73821e-01
  468 -4.63867e-02  4.93177e-01  7.79972e-01  0.00000e+00  0.00000e+00  3.71710e-01
  469 -4.54102e-02  4.91185e-01  7.84128e-01  0.00000e+00  0.00000e+00  3.69609e-01
  470 -4.44336e-02  4.89200e-01  7.88282e-01  0.00000e+00  0.00000e+00  3.67520e-01
  471 -4.34570e-02  4.87222e-01  7.92435e-01  0.00000e+00  0.00000e+00  3.65441e-01
  472 -4.24805e-02  4.85251e-01  7.96588e-01  0.00000e+00  0.00000e+00  3.63373e-01
  473 -4.15039e-02  4.83287e-01  8.00739e-01  0.00000e+00  0.00000e+00  3.61315e-01
  474 -4.05273e-02  4.81329e-01  8.04891e-01  0.00000e+00  0.00000e+00  3.59268e-01
  475 -3.95508e-02  4.79377e-01  8.09042e-01  0.00000e+00  0.00000e+00  3.57230e-01
  476 -3.85742e-02  4.77432e-01  8.13194e-01  0.00000e+00  0.00000e+00  3.55202e-01
  477 -3.75977e-02  4.75493e-01  8.17346e-01  0.00000e+00  0.00000e+00  3.53184e-01
  478 -3.66211e-02  4.73559e-01  8.21499e-01  0.00000e+00  0.00000e+00  3.51175e-01
  479 -3.56445e-02  4.71632e-01  8.25653e-01  0.00000e+00  0.00000e+00  3.49176e-01
  480 -3.46680e-02  4.69710e-01  8.29809e-01  0.00000e+00  0.00000e+00  3.47185e-01
  481 -3.36914e-02  4.67793e-01  8.33967e-01  0.00000e+00  0.00000e+00  3.45203e-01
  482 -3.27148e-02  4.65882e-01  8.38127e-01  0.00000e+00  0.00000e+00  3.43230e-01
  483 -3.17383e-02  4.63976e-01  8.42289e-01  0.00000e+00  0.00000e+00  3.41266e-01
  484 -3.07617e-02  4.62074e-01  8.46454e-01  0.00000e+00  0.00000e+00  3.39310e-01
  485 -2.97852e-02  4.60178e-01  8.50621e-01  0.00000e+00  0.00000e+00  3.37362e-01
  486 -2.88086e-02  4.58287e-01  8.54792e-01  0.00000e+00  0.00000e+00  3.35423e-01
  487 -2.78320e-02  4.56401e-01  8.58965e-01  0.00000e+00  0.00000e+00  3.33491e-01
  488 -2.68555e-02  4.54520e-01  8.63141e-01  0.00000e+00  0.00000e+00  3.31568e-01
  489 -2.58789e-02  4.52643e-01  8.67320e-01  0.00000e+00  0.00000e+00  3.29654e-01
  490 -2.49023e-02  4.50772e-01  8.71501e-01  0.00000e+00  0.00000e+00  3.27747e-01
  491 -2.39258e-02  4.48906e-01  8.75685e-01  0.00000e+00  0.00000e+00  3.25849e-01
  492 -2.29492e-02  4.47045e-01  8.79871e-01  0.00000e+00  0.00000e+00  3.23960e-01
  493 -2.19727e-02  4.45190e-01  8.84058e-01  0.00000e+00  0.00000e+00  3.22079e-01
  494 -2.09961e-02  4.43340e-01  8.88246e-01  0.00000e+00  0.00000e+00  3.20207e-01
  495 -2.00195e-02  4.41497e-01  8.92434e-01  0.00000e+00  0.00000e+00  3.18345e-01
  496 -1.90430e-02  4.39660e-01  8.96620e-01  0.00000e+00  0.00000e+00  3.16493e-01
  497 -1.80664e-02  4.37831e-01  9.00804e-01  0.00000e+00  0.00000e+00  3.14651e-01
  498 -1.70898e-02  4.36010e-01  9.04983e-01  0.00000e+00  0.00000e+00  3.12820e-01
  499 -1.61133e-02  4.34198e-01  9.09155e-01  0.00000e+00  0.00000e+00  3.11001e-01
  500 -1.51367e-02  4.32397e-01  9.13317e-01  0.00000e+00  0.00000e+00  3.09196e-01
  501 -1.41602e-02  4.30609e-01  9.17460e-01  0.00000e+00  0.00000e+00  3.07409e-01
  502 -1.31836e-02  4.28849e-01  9.21553e-01  0.00000e+00  0.00000e+00  3.05651e-01
  503 -1.22070e-02  4.27168e-01  9.25474e-01  0.00000e+00  0.00000e+00  3.03975e-01
  504 -1.12305e-02  4.25743e-01  9.28807e-01  0.00000e+00  0.00000e+00  3.02556e-01
  505 -1.02539e-02  4.24960e-01  9.30643e-01  0.00000e+00  0.00000e+00  3.01777e-01
  506 -9.27734e-03  4.24836e-01  9.30933e-01  0.00000e+00  0.00000e+00  3.01654e-01
  507 -8.30078e-03  4.24853e-01  9.30893e-01  0.00000e+00  0.00000e+00  3.01671e-01
  508 -7.32422e-03  4.25214e-01  9.30048e-01  0.00000e+00  0.00000e+00  3.02029e-01
  509 -6.34766e-03  4.25683e-01  9.28947e-01  0.00000e+00  0.00000e+00  3.02496e-01
  510 -5.37109e-03  4.25769e-01  9.28745e-01  0.00000e+00  0.00000e+00  3.02582e-01
  511 -4.39453e-03  4.25784e-01  9.28712e-01  0.00000e+00  0.00000e+00  3.02596e-01
  512 -3.41797e-03  4.25798e-01  9.28678e-01  0.00000e+00  0.00000e+00  3.02610e-01
  513 -2.44141e-03  4.25856e-01  9.28543e-01  0.00000e+00  0.00000e+00  3.02668e-01
  514 -1.46484e-03  4.25991e-01  9.28226e-01  0.00000e+00  0.00000e+00  3.02802e-01
  515 -4.88281e-04  4.26125e-01  9.27912e-01  0.00000e+00  0.00000e+00  3.02936e-01
  516  4.88281e-04  4.26170e-01  9.27807e-01  0.00000e+00  0.00000e+00  3.02981e-01
  517  1.46484e-03  4.26176e-01  9.27794e-01  0.00000e+00  0.00000e+00  3.02986e-01
  518  2.44141e-03  4.26176e-01  9.27793e-01  0.00000e+00  0.00000e+00  3.02986e-01
  519  3.41797e-03  4.26176e-01  9.27794e-01  0.00000e+00  0.00000e+00  3.02986e-01
  520  4.39453e-03  4.26177e-01  9.27791e-01  0.00000e+00  0.00000e+00  3.02987e-01
  521  5.37109e-03  4.26197e-01  9.27745e-01  0.00000e+00  0.00000e+00  3.03007e-01
  522  6.34766e-03  4.26265e-01  9.27585e-01  0.00000e+00  0.00000e+00  3.03075e-01
  523  7.32422e-03  4.26315e-01  9.27469e-01  0.00000e+00  0.00000e+00  3.03125e-01
  524  8.30078e-03  4.26320e-01  9.27456e-01  0.00000e+00  0.00000e+00  3.03130e-01
  525  9.27734e-03  4.26313e-01  9.27474e-01  0.00000e+00  0.00000e+00  3.03122e-01
  526  1.02539e-02  4.26277e-01  9.27557e-01  0.00000e+00  0.00000e+00  3.03087e-01
  527  1.12305e-02  4.26265e-01  9.27584e-01  0.00000e+00  0.00000e+00  3.03075e-01
  528  1.22070e-02  4.26267e-01  9.27581e-01  0.00000e+00  0.00000e+00  3.03077e-01
  529  1.31836e-02  4.26297e-01  9.27510e-01  0.00000e+00  0.00000e+00  3.03107e-01
  530  1.41602e-02  4.26327e-01  9.27439e-01  0.00000e+00  0.00000e+00  3.03137e-01
  531  1.51367e-02  4.26330e-01  9.27432e-01  0.00000e+00  0.00000e+00  3.03140e-01
  532  1.61133e-02  4.26320e-01  9.27456e-01  0.00000e+00  0.00000e+00  3.03130e-01
  533  1.70898e-02  4.26281e-01  9.27548e-01  0.00000e+00  0.00000e+00  3.03091e-01
  534  1.80664e-02  4.26269e-01  9.27577e-01  0.00000e+00  0.00000e+00  3.03078e-01
  535  1.90430e-02  4.26270e-01  9.27575e-01  0.00000e+00  0.00000e+00  3.03079e-01
  536  2.00195e-02  4.26298e-01  9.27508e-01  0.00000e+00  0.00000e+00  3.03108e-01
  537  2.09961e-02  4.26333e-01  9.27427e-01  0.00000e+00  0.00000e+00  3.03142e-01
  538  2.19727e-02  4.26337e-01  9.27418e-01  0.00000e+00  0.00000e+00  3.03146e-01
  539  2.29492e-02  4.26328e-01  9.27439e-01  0.00000e+00  0.00000e+00  3.03137e-01
  540  2.39258e-02  4.26286e-01  9.27536e-01  0.00000e+00  0.00000e+00  3.03096e-01
  541  2.49023e-02  4.26270e-01  9.27575e-01  0.00000e+00  0.00000e+00  3.03080e-01
  542  2.58789e-02  4.26271e-01  9.27573e-01  0.00000e+00  0.00000e+00  3.03080e-01
  543  2.68555e-02  4.26303e-01  9.27498e-01  0.00000e+00  0.00000e+00  3.03112e-01
  544  2.78320e-02  4.26341e-01  9.27407e-01  0.00000e+00  0.00000e+00  3.03151e-01
  545  2.88086e-02  4.26346e-01  9.27397e-01  0.00000e+00  0.00000e+00  3.03155e-01
  546  2.97852e-02  4.26333e-01  9.27428e-01  0.00000e+00  0.00000e+00  3.03142e-01
  547  3.07617e-02  4.26282e-01  9.27547e-01  0.00000e+00  0.00000e+00  3.03091e-01
  548  3.17383e-02  4.26266e-01  9.27585e-01  0.00000e+00  0.00000e+00  3.03075e-01
  549  3.27148e-02  4.26268e-01  9.27580e-01  0.00000e+00  0.00000e+00  3.03077e-01
  550  3.36914e-02  4.26306e-01  9.27489e-01  0.00000e+00  0.00000e+00  3.03116e-01
  551  3.46680e-02  4.26342e-01  9.27406e-01  0.00000e+00  0.00000e+00  3.03151e-01
  552  3.56445e-02  4.26345e-01  9.27399e-01  0.00000e+00  0.00000e+00  3.03154e-01
  553  3.66211e-02  4.26326e-01  9.27443e-01  0.00000e+00  0.00000e+00  3.03135e-01
  554  3.75977e-02  4.26278e-01  9.27555e-01  0.00000e+00  0.00000e+00  3.03088e-01
  555  3.85742e-02  4.26269e-01  9.27578e-01  0.00000e+00  0.00000e+00  3.03078e-01
  556  3.95508e-02  4.26274e-01  9.27565e-01  0.00000e+00  0.00000e+00  3.03084e-01
  557  4.05273e-02  4.26319e-01  9.27461e-01  0.00000e+00  0.00000e+00  3.03128e-01
  558  4.15039e-02  4.26346e-01  9.27398e-01  0.00000e+00  0.00000e+00  3.03155e-01
  559  4.24805e-02  4.26347e-01  9.27395e-01  0.00000e+00  0.00000e+00  3.03156e-01
  560  4.34570e-02  4.26324e-01  9.27448e-01  0.00000e+00  0.00000e+00  3.03133e-01
  561  4.44336e-02  4.26282e-01  9.27547e-01  0.00000e+00  0.00000e+00  3.03092e-01
  562  4.54102e-02  4.26276e-01  9.27562e-01  0.00000e+00  0.00000e+00  3.03085e-01
  563  4.63867e-02  4.26282e-01  9.27548e-01  0.00000e+00  0.00000e+00  3.03091e-01
  564  4.73633e-02  4.26324e-01  9.27450e-01  0.00000e+00  0.00000e+00  3.03133e-01
  565  4.83398e-02  4.26350e-01  9.27389e-01  0.00000e+00  0.00000e+00  3.03159e-01
  566  4.93164e-02  4.26351e-01  9.27386e-01  0.00000e+00  0.00000e+00  3.03160e-01
  567  5.02930e-02  4.26335e-01  9.27423e-01  0.00000e+00  0.00000e+00  3.03144e-01
  568  5.12695e-02  4.26290e-01  9.27528e-01  0.00000e+00  0.00000e+00  3.03099e-01
  569  5.22461e-02  4.26279e-01  9.27555e-01  0.00000e+00  0.00000e+00  3.03088e-01
  570  5.32227e-02  4.26281e-01  9.27551e-01  0.00000e+00  0.00000e+00  3.03090e-01
  571  5.41992e-02  4.26316e-01  9.27468e-01  0.00000e+00  0.00000e+00  3.03125e-01
  572  5.51758e-02  4.26354e-01  9.27380e-01  0.00000e+00  0.00000e+00  3.03162e-01
  573  5.61523e-02  4.26358e-01  9.27371e-01  0.00000e+00  0.00000e+00  3.03166e-01
  574  5.71289e-02  4.26346e-01  9.27399e-01  0.00000e+00  0.00000e+00  3.03154e-01
  575  5.81055e-02  4.26296e-01  9.27516e-01  0.00000e+00  0.00000e+00  3.03105e-01
  576  5.90820e-02  4.26278e-01  9.27557e-01  0.00000e+00  0.00000e+00  3.03087e-01
  577  6.00586e-02  4.26280e-01  9.27554e-01  0.00000e+00  0.00000e+00  3.03089e-01
  578  6.10352e-02  4.26316e-01  9.27468e-01  0.00000e+00  0.00000e+00  3.03125e-01
  579  6.20117e-02  4.26354e-01  9.27381e-01  0.00000e+00  0.00000e+00  3.03162e-01
  580  6.29883e-02  4.26357e-01  9.27373e-01  0.00000e+00  0.00000e+00  3.03166e-01
  581  6.39648e-02  4.26340e-01  9.27414e-01  0.00000e+00  0.00000e+00  3.03148e-01
  582  6.49414e-02  4.26286e-01  9.27541e-01  0.00000e+00  0.00000e+00  3.03094e-01
  583  6.59180e-02  4.26272e-01  9.27573e-01  0.00000e+00  0.00000e+00  3.03081e-01
  584  6.68945e-02  4.26276e-01  9.27564e-01  0.00000e+00  0.00000e+00  3.03085e-01
  585  6.78711e-02  4.26321e-01  9.27459e-01  0.00000e+00  0.00000e+00  3.03129e-01
  586  6.88477e-02  4.26354e-01  9.27382e-01  0.00000e+00  0.00000e+00  3.03162e-01
  587  6.98242e-02  4.26356e-01  9.27378e-01  0.00000e+00  0.00000e+00  3.03164e-01
  588  7.08008e-02  4.26333e-01  9.27432e-01  0.00000e+00  0.00000e+00  3.03141e-01
  589  7.17773e-02  4.26284e-01  9.27546e-01  0.00000e+00  0.00000e+00  3.03092e-01
  590  7.27539e-02  4.26275e-01  9.27566e-01  0.00000e+00  0.00000e+00  3.03084e-01
  591  7.37305e-02  4.26282e-01  9.27551e-01  0.00000e+00  0.00000e+00  3.03090e-01
  592  7.47070e-02  4.26329e-01  9.27440e-01  0.00000e+00  0.00000e+00  3.03137e-01
  593  7.56836e-02  4.26358e-01  9.27372e-01  0.00000e+00  0.00000e+00  3.03166e-01
  594  7.66602e-02  4.26360e-01  9.27368e-01  0.00000e+00  0.00000e+00  3.03168e-01
  595  7.76367e-02  4.26341e-01  9.27413e-01  0.00000e+00  0.00000e+00  3.03149e-01
  596  7.86133e-02  4.26293e-01  9.27526e-01  0.00000e+00  0.00000e+00  3.03101e-01
  597  7.95898e-02  4.26282e-01  9.27552e-01  0.00000e+00  0.00000e+00  3.03090e-01
  598  8.05664e-02  4.26284e-01  9.27547e-01  0.00000e+00  0.00000e+00  3.03092e-01
  599  8.15430e-02  4.26320e-01  9.27464e-01  0.00000e+00  0.00000e+00  3.03127e-01
  600  8.25195e-02  4.26359e-01  9.27372e-01  0.00000e+00  0.00000e+00  3.03166e-01
  601  8.34961e-02  4.26364e-01  9.27361e-01  0.00000e+00  0.00000e+00  3.03171e-01
  602  8.44727e-02  4.26354e-01  9.27384e-01  0.00000e+00  0.00000e+00  3.03161e-01
  603  8.54492e-02  4.26305e-01  9.27500e-01  0.00000e+00  0.00000e+00  3.03112e-01
  604  8.64258e-02  4.26282e-01  9.27553e-01  0.00000e+00  0.00000e+00  3.03089e-01
  605  8.74023e-02  4.26282e-01  9.27553e-01  0.00000e+00  0.00000e+00  3.03089e-01
  606  8.83789e-02  4.26314e-01  9.27480e-01  0.00000e+00  0.00000e+00  3.03121e-01
  607  8.93555e-02  4.26359e-01  9.27372e-01  0.00000e+00  0.00000e+00  3.03166e-01
  608  9.03320e-02  4.26365e-01  9.27359e-01  0.00000e+00  0.00000e+00  3.03172e-01
  609  9.13086e-02  4.26353e-01  9.27387e-01  0.00000e+00  0.00000e+00  3.03160e-01
  610  9.22852e-02  4.26296e-01  9.27521e-01  0.00000e+00  0.00000e+00  3.03103e-01
  611  9.32617e-02  4.26274e-01  9.27573e-01  0.00000e+00  0.00000e+00  3.03081e-01
  612  9.42383e-02  4.26275e-01  9.27571e-01  0.00000e+00  0.00000e+00  3.03082e-01
  613  9.52148e-02  4.26314e-01  9.27480e-01  0.00000e+00  0.00000e+00  3.03120e-01
  614  9.61914e-02  4.26358e-01  9.27378e-01  0.00000e+00  0.00000e+00  3.03164e-01
  615  9.71680e-02  4.26362e-01  9.27367e-01  0.00000e+00  0.00000e+00  3.03168e-01
  616  9.81445e-02  4.26346e-01  9.27405e-01  0.00000e+00  0.00000e+00  3.03152e-01
  617  9.91211e-02  4.26291e-01  9.27533e-01  0.00000e+00  0.00000e+00  3.03098e-01
  618  1.00098e-01  4.26277e-01  9.27568e-01  0.00000e+00  0.00000e+00  3.03083e-01
  619  1.01074e-01  4.26280e-01  9.27562e-01  0.00000e+00  0.00000e+00  3.03086e-01
  620  1.02051e-01  4.26322e-01  9.27463e-01  0.00000e+00  0.00000e+00  3.03128e-01
  621  1.03027e-01  4.26363e-01  9.27368e-01  0.00000e+00  0.00000e+00  3.03168e-01
  622  1.04004e-01  4.26367e-01  9.27359e-01  0.00000e+00  0.00000e+00  3.03172e-01
  623  1.04980e-01  4.26355e-01  9.27388e-01  0.00000e+00  0.00000e+00  3.03160e-01
  624  1.05957e-01  4.26304e-01  9.27507e-01  0.00000e+00  0.00000e+00  3.03109e-01
  625  1.06934e-01  4.26284e-01  9.27553e-01  0.00000e+00  0.00000e+00  3.03090e-01
  626  1.07910e-01  4.26284e-01  9.27553e-01  0.00000e+00  0.00000e+00  3.03090e-01
  627  1.08887e-01  4.26311e-01  9.27491e-01  0.00000e+00  0.00000e+00  3.03116e-01
  628  1.09863e-01  4.26361e-01  9.27375e-01  0.00000e+00  0.00000e+00  3.03166e-01
  629  1.10840e-01  4.26371e-01  9.27353e-01  0.00000e+00  0.00000e+00  3.03175e-01
  630  1.11816e-01  4.26367e-01  9.27364e-01  0.00000e+00  0.00000e+00  3.03170e-01
  631  1.12793e-01  4.26322e-01  9.27468e-01  0.00000e+00  0.00000e+00  3.03126e-01
  632  1.13770e-01  4.26286e-01  9.27553e-01  0.00000e+00  0.00000e+00  3.03090e-01
  633  1.14746e-01  4.26283e-01  9.27559e-01  0.00000e+00  0.00000e+00  3.03087e-01
  634  1.15723e-01  4.26304e-01  9.27510e-01  0.00000e+00  0.00000e+00  3.03108e-01
  635  1.16699e-01  4.26360e-01  9.27380e-01  0.00000e+00  0.00000e+00  3.03163e-01
  636  1.17676e-01  4.26373e-01  9.27352e-01  0.00000e+00  0.00000e+00  3.03175e-01
  637  1.18652e-01  4.26368e-01  9.27365e-01  0.00000e+00  0.00000e+00  3.03170e-01
  638  1.19629e-01  4.26315e-01  9.27489e-01  0.00000e+00  0.00000e+00  3.03117e-01
  639  1.20605e-01  4.26279e-01  9.27576e-01  0.00000e+00  0.00000e+00  3.03080e-01
  640  1.21582e-01  4.26276e-01  9.27581e-01  0.00000e+00  0.00000e+00  3.03078e-01
  641  1.22559e-01  4.26303e-01  9.27516e-01  0.00000e+00  0.00000e+00  3.03106e-01
  642  1.23535e-01  4.26359e-01  9.27382e-01  0.00000e+00  0.00000e+00  3.03162e-01
  643  1.24512e-01  4.26371e-01  9.27359e-01  0.00000e+00  0.00000e+00  3.03172e-01
  644  1.25488e-01  4.26364e-01  9.27377e-01  0.00000e+00  0.00000e+00  3.03165e-01
  645  1.26465e-01  4.26313e-01  9.27501e-01  0.00000e+00  0.00000e+00  3.03112e-01
  646  1.27441e-01  4.26287e-01  9.27567e-01  0.00000e+00  0.00000e+00  3.03084e-01
  647  1.28418e-01  4.26287e-01  9.27569e-01  0.00000e+00  0.00000e+00  3.03083e-01
  648  1.29395e-01  4.26314e-01  9.27504e-01  0.00000e+00  0.00000e+00  3.03111e-01
  649  1.30371e-01  4.26370e-01  9.27376e-01  0.00000e+00  0.00000e+00  3.03165e-01
  650  1.31348e-01  4.26376e-01  9.27353e-01  0.00000e+00  0.00000e+00  3.03175e-01
  651  1.32324e-01  4.26371e-01  9.27362e-01  0.00000e+00  0.00000e+00  3.03171e-01
  652  1.33301e-01  4.26327e-01  9.27461e-01  0.00000e+00  0.00000e+00  3.03129e-01
  653  1.34277e-01  4.26288e-01  9.27552e-01  0.00000e+00  0.00000e+00  3.03091e-01
  654  1.35254e-01  4.26289e-01  9.27561e-01  0.00000e+00  0.00000e+00  3.03087e-01
  655  1.36230e-01  4.26307e-01  9.27532e-01  0.00000e+00  0.00000e+00  3.03099e-01
  656  1.37207e-01  4.26368e-01  9.27401e-01  0.00000e+00  0.00000e+00  3.03155e-01
  657  1.38184e-01  4.26392e-01  9.27343e-01  0.00000e+00  0.00000e+00  3.03180e-01
  658  1.39160e-01  4.26392e-01  9.27342e-01  0.00000e+00  0.00000e+00  3.03180e-01
  659  1.40137e-01  4.26358e-01  9.27418e-01  0.00000e+00  0.00000e+00  3.03148e-01
  660  1.41113e-01  4.26295e-01  9.27551e-01  0.00000e+00  0.00000e+00  3.03091e-01
  661  1.42090e-01  4.26286e-01  9.27572e-01  0.00000e+00  0.00000e+00  3.03082e-01
  662  1.43066e-01  4.26296e-01  9.27550e-01  0.00000e+00  0.00000e+00  3.03092e-01
  663  1.44043e-01  4.26357e-01  9.27413e-01  0.00000e+00  0.00000e+00  3.03150e-01
  664  1.45020e-01  4.26385e-01  9.27351e-01  0.00000e+00  0.00000e+00  3.03176e-01
  665  1.45996e-01  4.26398e-01  9.27352e-01  0.00000e+00  0.00000e+00  3.03176e-01
  666  1.46973e-01  4.26363e-01  9.27443e-01  0.00000e+00  0.00000e+00  3.03137e-01
  667  1.47949e-01  4.26314e-01  9.27569e-01  0.00000e+00  0.00000e+00  3.03083e-01
  668  1.48926e-01  4.26304e-01  9.27586e-01  0.00000e+00  0.00000e+00  3.03077e-01
  669  1.49902e-01  4.26316e-01  9.27554e-01  0.00000e+00  0.00000e+00  3.03090e-01
  670  1.50879e-01  4.26376e-01  9.27408e-01  0.00000e+00  0.00000e+00  3.03152e-01
  671  1.51855e-01  4.26396e-01  9.27355e-01  0.00000e+00  0.00000e+00  3.03175e-01
  672  1.52832e-01  4.26399e-01  9.27357e-01  0.00000e+00  0.00000e+00  3.03174e-01
  673  1.53809e-01  4.26365e-01  9.27445e-01  0.00000e+00  0.00000e+00  3.03137e-01
  674  1.54785e-01  4.26319e-01  9.27553e-01  0.00000e+00  0.00000e+00  3.03091e-01
  675  1.55762e-01  4.26320e-01  9.27566e-01  0.00000e+00  0.00000e+00  3.03085e-01
  676  1.56738e-01  4.26334e-01  9.27542e-01  0.00000e+00  0.00000e+00  3.03095e-01
  677  1.57715e-01  4.26396e-01  9.27417e-01  0.00000e+00  0.00000e+00  3.03149e-01
  678  1.58691e-01  4.26428e-01  9.27352e-01  0.00000e+00  0.00000e+00  3.03176e-01
  679  1.59668e-01  4.26447e-01  9.27349e-01  0.00000e+00  0.00000e+00  3.03178e-01
  680  1.60645e-01  4.26433e-01  9.27395e-01  0.00000e+00  0.00000e+00  3.03158e-01
  681  1.61621e-01  4.26388e-01  9.27527e-01  0.00000e+00  0.00000e+00  3.03102e-01
  682  1.62598e-01  4.26404e-01  9.27565e-01  0.00000e+00  0.00000e+00  3.03086e-01
  683  1.63574e-01  4.26430e-01  9.27560e-01  0.00000e+00  0.00000e+00  3.03088e-01
  684  1.64551e-01  4.26511e-01  9.27456e-01  0.00000e+00  0.00000e+00  3.03132e-01
  685  1.65527e-01  4.26593e-01  9.27342e-01  0.00000e+00  0.00000e+00  3.03180e-01
  686  1.66504e-01  4.26630e-01  9.27330e-01  0.00000e+00  0.00000e+00  3.03186e-01
  687  1.67480e-01  4.26617e-01  9.27370e-01  0.00000e+00  0.00000e+00  3.03169e-01
  688  1.68457e-01  4.26549e-01  9.27529e-01  0.00000e+00  0.00000e+00  3.03101e-01
  689  1.69434e-01  4.26522e-01  9.27589e-01  0.00000e+00  0.00000e+00  3.03076e-01
  690  1.70410e-01  4.26514e-01  9.27585e-01  0.00000e+00  0.00000e+00  3.03078e-01
  691  1.71387e-01  4.26529e-01  9.27473e-01  0.00000e+00  0.00000e+00  3.03125e-01
  692  1.72363e-01  4.26371e-01  9.27357e-01  0.00000e+00  0.00000e+00  3.03175e-01
  693  1.73340e-01  4.24611e-01  9.27346e-01  0.00000e+00  0.00000e+00  3.03179e-01
  694  1.74316e-01  4.13649e-01  9.27394e-01  0.00000e+00  0.00000e+00  3.03159e-01
  695  1.75293e-01  3.86075e-01  9.27545e-01  0.00000e+00  0.00000e+00  3.03098e-01
  696  1.76270e-01  3.45659e-01  9.27593e-01  0.00000e+00  0.00000e+00  3.03080e-01
  697  1.77246e-01  3.05772e-01  9.27594e-01  0.00000e+00  0.00000e+00  3.03081e-01
  698  1.78223e-01  2.78715e-01  9.27535e-01  0.00000e+00  0.00000e+00  3.03103e-01
  699  1.79199e-01  2.67078e-01  9.27390e-01  0.00000e+00  0.00000e+00  3.03153e-01
  700  1.80176e-01  2.64624e-01  9.27331e-01  0.00000e+00  0.00000e+00  3.03174e-01
  701  1.81152e-01  2.64362e-01  9.27328e-01  0.00000e+00  0.00000e+00  3.03175e-01
  702  1.82129e-01  2.64344e-01  9.27345e-01  0.00000e+00  0.00000e+00  3.03170e-01
  703  1.83105e-01  2.64352e-01  9.27446e-01  0.00000e+00  0.00000e+00  3.03136e-01
  704  1.84082e-01  2.64543e-01  9.27560e-01  0.00000e+00  0.00000e+00  3.03097e-01
  705  1.85059e-01  2.64943e-01  9.27581e-01  0.00000e+00  0.00000e+00  3.03090e-01
  706  1.86035e-01  2.65276e-01  9.27581e-01  0.00000e+00  0.00000e+00  3.03090e-01
  707  1.87012e-01  2.65437e-01  9.27545e-01  0.00000e+00  0.00000e+00  3.03102e-01
  708  1.87988e-01  2.65517e-01  9.27421e-01  0.00000e+00  0.00000e+00  3.03145e-01
  709  1.88965e-01  2.65554e-01  9.27329e-01  0.00000e+00  0.00000e+00  3.03176e-01
  710  1.89941e-01  2.65567e-01  9.27319e-01  0.00000e+00  0.00000e+00  3.03180e-01
  711  1.90918e-01  2.65570e-01  9.27323e-01  0.00000e+00  0.00000e+00  3.03179e-01
  712  1.91895e-01  2.65556e-01  9.27391e-01  0.00000e+00  0.00000e+00  3.03156e-01
  713  1.92871e-01  2.65524e-01  9.27536e-01  0.00000e+00  0.00000e+00  3.03106e-01
  714  1.93848e-01  2.65506e-01  9.27595e-01  0.00000e+00  0.00000e+00  3.03086e-01
  715  1.94824e-01  2.65491e-01  9.27599e-01  0.00000e+00  0.00000e+00  3.03085e-01
  716  1.95801e-01  2.65493e-01  9.27569e-01  0.00000e+00  0.00000e+00  3.03095e-01
  717  1.96777e-01  2.65519e-01  9.27433e-01  0.00000e+00  0.00000e+00  3.03141e-01
  718  1.97754e-01  2.65543e-01  9.27326e-01  0.00000e+00  0.00000e+00  3.03178e-01
  719  1.98730e-01  2.65548e-01  9.27313e-01  0.00000e+00  0.00000e+00  3.03182e-01
  720  1.99707e-01  2.65560e-01  9.27322e-01  0.00000e+00  0.00000e+00  3.03179e-01
  721  2.00684e-01  2.65547e-01  9.27421e-01  0.00000e+00  0.00000e+00  3.03145e-01
  722  2.01660e-01  2.65520e-01  9.27583e-01  0.00000e+00  0.00000e+00  3.03090e-01
  723  2.02637e-01  2.65512e-01  9.27626e-01  0.00000e+00  0.00000e+00  3.03075e-01
  724  2.03613e-01  2.65513e-01  9.27627e-01  0.00000e+00  0.00000e+00  3.03075e-01
  725  2.04590e-01  2.65526e-01  9.27572e-01  0.00000e+00  0.00000e+00  3.03094e-01
  726  2.05566e-01  2.65566e-01  9.27407e-01  0.00000e+00  0.00000e+00  3.03150e-01
  727  2.06543e-01  2.65594e-01  9.27324e-01  0.00000e+00  0.00000e+00  3.03178e-01
  728  2.07520e-01  2.65600e-01  9.27317e-01  0.00000e+00  0.00000e+00  3.03181e-01
  729  2.08496e-01  2.65595e-01  9.27336e-01  0.00000e+00  0.00000e+00  3.03174e-01
  730  2.09473e-01  2.65568e-01  9.27454e-01  0.00000e+00  0.00000e+00  3.03134e-01
  731  2.10449e-01  2.65535e-01  9.27582e-01  0.00000e+00  0.00000e+00  3.03090e-01
  732  2.11426e-01  2.65520e-01  9.27603e-01  0.00000e+00  0.00000e+00  3.03082e-01
  733  2.12402e-01  2.65512e-01  9.27602e-01  0.00000e+00  0.00000e+00  3.03083e-01
  734  2.13379e-01  2.65522e-01  9.27547e-01  0.00000e+00  0.00000e+00  3.03102e-01
  735  2.14355e-01  2.65556e-01  9.27402e-01  0.00000e+00  0.00000e+00  3.03152e-01
  736  2.15332e-01  2.65578e-01  9.27325e-01  0.00000e+00  0.00000e+00  3.03179e-01
  737  2.16309e-01  2.65584e-01  9.27317e-01  0.00000e+00  0.00000e+00  3.03181e-01
  738  2.17285e-01  2.65587e-01  9.27323e-01  0.00000e+00  0.00000e+00  3.03179e-01
  739  2.18262e-01  2.65574e-01  9.27397e-01  0.00000e+00  0.00000e+00  3.03153e-01
  740  2.19238e-01  2.65549e-01  9.27541e-01  0.00000e+00  0.00000e+00  3.03104e-01
  741  2.20215e-01  2.65545e-01  9.27601e-01  0.00000e+00  0.00000e+00  3.03084e-01
  742  2.21191e-01  2.65549e-01  9.27607e-01  0.00000e+00  0.00000e+00  3.03083e-01
  743  2.22168e-01  2.65556e-01  9.27584e-01  0.00000e+00  0.00000e+00  3.03092e-01
  744  2.23145e-01  2.65583e-01  9.27451e-01  0.00000e+00  0.00000e+00  3.03137e-01
  745  2.24121e-01  2.65610e-01  9.27314e-01  0.00000e+00  0.00000e+00  3.03184e-01
  746  2.25098e-01  2.65602e-01  9.27291e-01  0.00000e+00  0.00000e+00  3.03192e-01
  747  2.26074e-01  2.65592e-01  9.27293e-01  0.00000e+00  0.00000e+00  3.03190e-01
  748  2.27051e-01  2.65569e-01  9.27367e-01  0.00000e+00  0.00000e+00  3.03163e-01
  749  2.28027e-01  2.65530e-01  9.27554e-01  0.00000e+00  0.00000e+00  3.03100e-01
  750  2.29004e-01  2.65515e-01  9.27639e-01  0.00000e+00  0.00000e+00  3.03071e-01
  751  2.29980e-01  2.65519e-01  9.27647e-01  0.00000e+00  0.00000e+00  3.03070e-01
  752  2.30957e-01  2.65531e-01  9.27610e-01  0.00000e+00  0.00000e+00  3.03083e-01
  753  2.31934e-01  2.65570e-01  9.27440e-01  0.00000e+00  0.00000e+00  3.03142e-01
  754  2.32910e-01  2.65598e-01  9.27318e-01  0.00000e+00  0.00000e+00  3.03184e-01
  755  2.33887e-01  2.65608e-01  9.27303e-01  0.00000e+00  0.00000e+00  3.03188e-01
  756  2.34863e-01  2.65613e-01  9.27313e-01  0.00000e+00  0.00000e+00  3.03183e-01
  757  2.35840e-01  2.65593e-01  9.27426e-01  0.00000e+00  0.00000e+00  3.03143e-01
  758  2.36816e-01  2.65557e-01  9.27597e-01  0.00000e+00  0.00000e+00  3.03085e-01
  759  2.37793e-01  2.65547e-01  9.27637e-01  0.00000e+00  0.00000e+00  3.03071e-01
  760  2.38770e-01  2.65530e-01  9.27638e-01  0.00000e+00  0.00000e+00  3.03072e-01
  761  2.39746e-01  2.65537e-01  9.27580e-01  0.00000e+00  0.00000e+00  3.03093e-01
  762  2.40723e-01  2.65567e-01  9.27405e-01  0.00000e+00  0.00000e+00  3.03154e-01
  763  2.41699e-01  2.65585e-01  9.27313e-01  0.00000e+00  0.00000e+00  3.03185e-01
  764  2.42676e-01  2.65589e-01  9.27303e-01  0.00000e+00  0.00000e+00  3.03187e-01
  765  2.43652e-01  2.65593e-01  9.27314e-01  0.00000e+00  0.00000e+00  3.03182e-01
  766  2.44629e-01  2.65577e-01  9.27414e-01  0.00000e+00  0.00000e+00  3.03147e-01
  767  2.45605e-01  2.65549e-01  9.27560e-01  0.00000e+00  0.00000e+00  3.03097e-01
  768  2.46582e-01  2.65544e-01  9.27602e-01  0.00000e+00  0.00000e+00  3.03083e-01
  769  2.47559e-01  2.65547e-01  9.27608e-01  0.00000e+00  0.00000e+00  3.03084e-01
  770  2.48535e-01  2.65557e-01  9.27588e-01  0.00000e+00  0.00000e+00  3.03093e-01
  771  2.49512e-01  2.65585e-01  9.27466e-01  0.00000e+00  0.00000e+00  3.03135e-01
  772  2.50488e-01  2.65617e-01  9.27324e-01  0.00000e+00  0.00000e+00  3.03183e-01
  773  2.51465e-01  2.65613e-01  9.27293e-01  0.00000e+00  0.00000e+00  3.03192e-01
  774  2.52441e-01  2.65605e-01  9.27290e-01  0.00000e+00  0.00000e+00  3.03191e-01
  775  2.53418e-01  2.65586e-01  9.27340e-01  0.00000e+00  0.00000e+00  3.03173e-01
  776  2.54395e-01  2.65543e-01  9.27512e-01  0.00000e+00  0.00000e+00  3.03115e-01
  777  2.55371e-01  2.65514e-01  9.27635e-01  0.00000e+00  0.00000e+00  3.03075e-01
  778  2.56348e-01  2.65519e-01  9.27652e-01  0.00000e+00  0.00000e+00  3.03072e-01
  779  2.57324e-01  2.65534e-01  9.27630e-01  0.00000e+00  0.00000e+00  3.03081e-01
  780  2.58301e-01  2.65579e-01  9.27475e-01  0.00000e+00  0.00000e+00  3.03134e-01
  781  2.59277e-01  2.65620e-01  9.27312e-01  0.00000e+00  0.00000e+00  3.03189e-01
  782  2.60254e-01  2.65626e-01  9.27282e-01  0.00000e+00  0.00000e+00  3.03196e-01
  783  2.61230e-01  2.65624e-01  9.27282e-01  0.00000e+00  0.00000e+00  3.03193e-01
  784  2.62207e-01  2.65602e-01  9.27367e-01  0.00000e+00  0.00000e+00  3.03163e-01
  785  2.63184e-01  2.65550e-01  9.27577e-01  0.00000e+00  0.00000e+00  3.03093e-01
  786  2.64160e-01  2.65526e-01  9.27672e-01  0.00000e+00  0.00000e+00  3.03063e-01
  787  2.65137e-01  2.65521e-01  9.27683e-01  0.00000e+00  0.00000e+00  3.03063e-01
  788  2.66113e-01  2.65531e-01  9.27637e-01  0.00000e+00  0.00000e+00  3.03080e-01
  789  2.67090e-01  2.65571e-01  9.27440e-01  0.00000e+00  0.00000e+00  3.03147e-01
  790  2.68066e-01  2.65599e-01  9.27306e-01  0.00000e+00  0.00000e+00  3.03191e-01
  791  2.69043e-01  2.65603e-01  9.27286e-01  0.00000e+00  0.00000e+00  3.03194e-01
  792  2.70020e-01  2.65603e-01  9.27296e-01  0.00000e+00  0.00000e+00  3.03188e-01
  793  2.70996e-01  2.65582e-01  9.27411e-01  0.00000e+00  0.00000e+00  3.03149e-01
  794  2.71973e-01  2.65546e-01  9.27581e-01  0.00000e+00  0.00000e+00  3.03092e-01
  795  2.72949e-01  2.65547e-01  9.27630e-01  0.00000e+00  0.00000e+00  3.03079e-01
  796  2.73926e-01  2.65553e-01  9.27637e-01  0.00000e+00  0.00000e+00  3.03080e-01
  797  2.74902e-01  2.65565e-01  9.27601e-01  0.00000e+00  0.00000e+00  3.03093e-01
  798  2.75879e-01  2.65595e-01  9.27451e-01  0.00000e+00  0.00000e+00  3.03143e-01
  799  2.76855e-01  2.65611e-01  9.27324e-01  0.00000e+00  0.00000e+00  3.03184e-01
  800  2.77832e-01  2.65601e-01  9.27300e-01  0.00000e+00  0.00000e+00  3.03188e-01
  801  2.78809e-01  2.65588e-01  9.27298e-01  0.00000e+00  0.00000e+00  3.03186e-01
  802  2.79785e-01  2.65578e-01  9.27336e-01  0.00000e+00  0.00000e+00  3.03173e-01
  803  2.80762e-01  2.65553e-01  9.27484e-01  0.00000e+00  0.00000e+00  3.03125e-01
  804  2.81738e-01  2.65531e-01  9.27637e-01  0.00000e+00  0.00000e+00  3.03077e-01
  805  2.82715e-01  2.65540e-01  9.27667e-01  0.00000e+00  0.00000e+00  3.03072e-01
  806  2.83691e-01  2.65549e-01  9.27650e-01  0.00000e+00  0.00000e+00  3.03079e-01
  807  2.84668e-01  2.65581e-01  9.27505e-01  0.00000e+00  0.00000e+00  3.03128e-01
  808  2.85645e-01  2.65616e-01  9.27327e-01  0.00000e+00  0.00000e+00  3.03186e-01
  809  2.86621e-01  2.65626e-01  9.27263e-01  0.00000e+00  0.00000e+00  3.03203e-01
  810  2.87598e-01  2.65622e-01  9.27254e-01  0.00000e+00  0.00000e+00  3.03204e-01
  811  2.88574e-01  2.65610e-01  9.27290e-01  0.00000e+00  0.00000e+00  3.03192e-01
  812  2.89551e-01  2.65559e-01  9.27522e-01  0.00000e+00  0.00000e+00  3.03115e-01
  813  2.90527e-01  2.65519e-01  9.27707e-01  0.00000e+00  0.00000e+00  3.03057e-01
  814  2.91504e-01  2.65517e-01  9.27730e-01  0.00000e+00  0.00000e+00  3.03054e-01
  815  2.92480e-01  2.65527e-01  9.27686e-01  0.00000e+00  0.00000e+00  3.03070e-01
  816  2.93457e-01  2.65568e-01  9.27492e-01  0.00000e+00  0.00000e+00  3.03135e-01
  817  2.94434e-01  2.65603e-01  9.27321e-01  0.00000e+00  0.00000e+00  3.03189e-01
  818  2.95410e-01  2.65616e-01  9.27267e-01  0.00000e+00  0.00000e+00  3.03202e-01
  819  2.96387e-01  2.65622e-01  9.27263e-01  0.00000e+00  0.00000e+00  3.03201e-01
  820  2.97363e-01  2.65602e-01  9.27369e-01  0.00000e+00  0.00000e+00  3.03166e-01
  821  2.98340e-01  2.65558e-01  9.27600e-01  0.00000e+00  0.00000e+00  3.03091e-01
  822  2.99316e-01  2.65545e-01  9.27681e-01  0.00000e+00  0.00000e+00  3.03068e-01
  823  3.00293e-01  2.65544e-01  9.27693e-01  0.00000e+00  0.00000e+00  3.03068e-01
  824  3.01270e-01  2.65543e-01  9.27666e-01  0.00000e+00  0.00000e+00  3.03078e-01
  825  3.02246e-01  2.65574e-01  9.27472e-01  0.00000e+00  0.00000e+00  3.03143e-01
  826  3.03223e-01  2.65604e-01  9.27294e-01  0.00000e+00  0.00000e+00  3.03199e-01
  827  3.04199e-01  2.65600e-01  9.27271e-01  0.00000e+00  0.00000e+00  3.03202e-01
  828  3.05176e-01  2.65592e-01  9.27309e-01  0.00000e+00  0.00000e+00  3.03188e-01
  829  3.06152e-01  2.65585e-01  9.27392e-01  0.00000e+00  0.00000e+00  3.03161e-01
  830  3.07129e-01  2.65581e-01  9.27455e-01  0.00000e+00  0.00000e+00  3.03141e-01
  831  3.08105e-01  2.65555e-01  9.27614e-01  0.00000e+00  0.00000e+00  3.03091e-01
  832  3.09082e-01  2.65542e-01  9.27699e-01  0.00000e+00  0.00000e+00  3.03066e-01
  833  3.10059e-01  2.65548e-01  9.27679e-01  0.00000e+00  0.00000e+00  3.03073e-01
  834  3.11035e-01  2.65588e-01  9.27482e-01  0.00000e+00  0.00000e+00  3.03138e-01
  835  3.12012e-01  2.65608e-01  9.27373e-01  0.00000e+00  0.00000e+00  3.03172e-01
  836  3.12988e-01  2.65609e-01  9.27325e-01  0.00000e+00  0.00000e+00  3.03187e-01
  837  3.13965e-01  2.65618e-01  9.27226e-01  0.00000e+00  0.00000e+00  3.03219e-01
  838  3.14941e-01  2.65620e-01  9.27215e-01  0.00000e+00  0.00000e+00  3.03224e-01
  839  3.15918e-01  2.65577e-01  9.27431e-01  0.00000e+00  0.00000e+00  3.03153e-01
  840  3.16895e-01  2.65513e-01  9.27757e-01  0.00000e+00  0.00000e+00  3.03046e-01
  841  3.17871e-01  2.65508e-01  9.27817e-01  0.00000e+00  0.00000e+00  3.03028e-01
  842  3.18848e-01  2.65553e-01  9.27613e-01  0.00000e+00  0.00000e+00  3.03097e-01
  843  3.19824e-01  2.65573e-01  9.27516e-01  0.00000e+00  0.00000e+00  3.03129e-01
  844  3.20801e-01  2.65576e-01  9.27505e-01  0.00000e+00  0.00000e+00  3.03131e-01
  845  3.21777e-01  2.65649e-01  9.27182e-01  0.00000e+00  0.00000e+00  3.03238e-01
  846  3.22754e-01  2.65643e-01  9.27209e-01  0.00000e+00  0.00000e+00  3.03229e-01
  847  3.23730e-01  2.65605e-01  9.27348e-01  0.00000e+00  0.00000e+00  3.03185e-01
  848  3.24707e-01  2.65591e-01  9.27409e-01  0.00000e+00  0.00000e+00  3.03167e-01
  849  3.25684e-01  2.65441e-01  9.28135e-01  0.00000e+00  0.00000e+00  3.02925e-01
  850  3.26660e-01  2.65626e-01  9.27305e-01  0.00000e+00  0.00000e+00  3.03205e-01
  851  3.27637e-01  2.65516e-01  9.27832e-01  0.00000e+00  0.00000e+00  3.03029e-01
  852  3.28613e-01  2.65314e-01  9.28545e-01  0.00000e+00  0.00000e+00  3.02789e-01
  853  3.29590e-01  2.66103e-01  9.24901e-01  0.00000e+00  0.00000e+00  3.04028e-01
  854  3.30566e-01  2.65048e-01  9.30498e-01  0.00000e+00  0.00000e+00  3.02270e-01
  855  3.31543e-01  2.66346e-01  9.25866e-01  0.00000e+00  0.00000e+00  3.04277e-01
  856  3.32520e-01  2.64582e-01  9.15299e-01  0.00000e+00  0.00000e+00  3.01630e-01
  857  3.33496e-01  2.01952e-01  5.95943e-01  0.00000e+00  0.00000e+00  2.07490e-01
  858  3.34473e-01  1.27107e-01  1.80062e-02  0.00000e+00  0.00000e+00  1.02396e-01
  859  3.35449e-01  1.25006e-01  4.82567e-05  0.00000e+00  0.00000e+00  1.00006e-01
  860  3.36426e-01  1.25000e-01  1.20343e-07  0.00000e+00  0.00000e+00  1.00000e-01
  861  3.37402e-01  1.25000e-01  3.15531e-10  0.00000e+00  0.00000e+00  1.00000e-01
  862  3.38379e-01  1.25000e-01  8.04596e-13  0.00000e+00  0.00000e+00  1.00000e-01
  863  3.39355e-01  1.25000e-01  2.10415e-15  0.00000e+00  0.00000e+00  1.00000e-01
  864  3.40332e-01  1.25000e-01  0.00000e+00  0.00000e+00  0.00000e+00  1.00000e-01
  865  3.41309e-01  1.25000e-01  0.00000e+00  0.00000e+00  0.00000e+00  1.00000e-01
  866  3.42285e-01  1.25000e-01  0.00000e+00  0.00000e+00  0.00000e+00  1.00000e-01
  867  3.43262e-01  1.25000e-01  0.00000e+00  0.00000e+00  0.00000e+00  1.00000e-01
  868  3.44238e-01  1.25000e-01  0.00000e+00  0.00000e+00  0.00000e+00  1.00000e-01
  869  3.45215e-01  1.25000e-01  0.00000e+00  0.00000e+00  0.00000e+00  1.00000e-01
  870  3.46191e-01  1.25000e-01  0.00000e+00  0.00000e+00  0.00000e+00  1.00000e-01
  871  3.47168e-01  1.25000e-01  0.00000e+00  0.00000e+00  0.00000e+00  1.00000e-01
  872  3.48145e-01  1.25000e-01  0.00000e+00  0.00000e+00  0.00000e+00  1.00000e-01
  873  3.49121e-01  1.25000e-01  0.00000e+00  0.00000e+00  0.00000e+00  1.00000e-01
  874  3.50098e-01  1.25000e-01  0.00000e+00  0.00000e+00  0.00000e+00  1.00000e-01
  875  3.51074e-01  1.25000e-01  0.00000e+00  0.00000e+00  0.00000e+00  1.00000e-01
  876  3.52051e-01  1.25000e-01  0.00000e+00  0.00000e+00  0.00000e+00  1.00000e-01
  877  3.53027e-01  1.25000e-01  0.00000e+00  0.00000e+00  0.00000e+00  1.00000e-01
  878  3.54004e-01  1.25000e-01  0.00000e+00  0.00000e+00  0.00000e+00  1.00000e-01
  879  3.54980e-01  1.25000e-01  0.00000e+00  0.00000e+00  0.00000e+00  1.00000e-01
  880  3.55957e-01  1.25000e-01  0.00000e+00  0.00000e+00  0.00000e+00  1.00000e-01
  881  3.56934e-01  1.25000e-01  0.00000e+00  0.00000e+00  0.00000e+00  1.00000e-01
  882  3.57910e-01  1.25000e-01  0.00000e+00  0.00000e+00  0.00000e+00  1.00000e-01
  883  3.58887e-01  1.25000e-01  0.00000e+00  0.00000e+00  0.00000e+00  1.00000e-01
  884  3.59863e-01  1.25000e-01  0.00000e+00  0.00000e+00  0.00000e+00  1.00000e-01
  885  3.60840e-01  1.25000e-01  0.00000e+00  0.00000e+00  0.00000e+00  1.00000e-01
  886  3.61816e-01  1.25000e-01  0.00000e+00  0.00000e+00  0.00000e+00  1.00000e-01
  887  3.62793e-01  1.25000e-01  0.00000e+00  0.00000e+00  0.00000e+00  1.00000e-01
  888  3.63770e-01  1.25000e-01  0.00000e+00  0.00000e+00  0.00000e+00  1.00000e-01
  889  3.64746e-01  1.25000e-01  0.00000e+00  0.00000e+00  0.00000e+00  1.00000e-01
  890  3.65723e-01  1.25000e-01  0.00000e+00  0.00000e+00  0.00000e+00  1.00000e-01
  891  3.66699e-01  1.25000e-01  0.00000e+00  0.00000e+00  0.00000e+00  1.00000e-01
  892  3.67676e-01  1.25000e-01  0.00000e+00  0.00000e+00  0.00000e+00  1.00000e-01
  893  3.68652e-01  1.25000e-01  0.00000e+00  0.00000e+00  0.00000e+00  1.00000e-01
  894  3.69629e-01  1.25000e-01  0.00000e+00  0.00000e+00  0.00000e+00  1.00000e-01
  895  3.70605e-01  1.25000e-01  0.00000e+00  0.00000e+00  0.00000e+00  1.00000e-01
  896  3.71582e-01  1.25000e-01  0.00000e+00  0.00000e+00  0.00000e+00  1.00000e-01
  897  3.72559e-01  1.25000e-01  0.00000e+00  0.00000e+00  0.00000e+00  1.00000e-01
  898  3.73535e-01  1.25000e-01  0.00000e+00  0.00000e+00  0.00000e+00  1.00000e-01
  899  3.74512e-01  1.25000e-01  0.00000e+00  0.00000e+00  0.00000e+00  1.00000e-01
  900  3.75488e-01  1.25000e-01  0.00000e+00  0.00000e+00  0.00000e+00  1.00000e-01
  901  3.76465e-01  1.25000e-01  0.00000e+00  0.00000e+00  0.00000e+00  1.00000e-01
  902  3.77441e-01  1.25000e-01  0.00000e+00  0.00000e+00  0.00000e+00  1.00000e-01
  903  3.78418e-01  1.25000e-01  0.00000e+00  0.00000e+00  0.00000e+00  1.00000e-01
  904  3.79395e-01  1.25000e-01  0.00000e+00  0.00000e+00  0.00000e+00  1.00000e-01
  905  3.80371e-01  1.25000e-01  0.00000e+00  0.00000e+00  0.00000e+00  1.00000e-01
  906  3.81348e-01  1.25000e-01  0.00000e+00  0.00000e+00  0.00000e+00  1.00000e-01
  907  3.82324e-01  1.25000e-01  0.00000e+00  0.00000e+00  0.00000e+00  1.00000e-01
  908  3.83301e-01  1.25000e-01  0.00000e+00  0.00000e+00  0.00000e+00  1.00000e-01
  909  3.84277e-01  1.25000e-01  0.00000e+00  0.00000e+00  0.00000e+00  1.00000e-01
  910  3.85254e-01  1.25000e-01  0.00000e+00  0.00000e+00  0.00000e+00  1.00000e-01
  911  3.86230e-01  1.25000e-01  0.00000e+00  0.00000e+00  0.00000e+00  1.00000e-01
  912  3.87207e-01  1.25000e-01  0.00000e+00  0.00000e+00  0.00000e+00  1.00000e-01
  913  3.88184e-01  1.25000e-01  0.00000e+00  0.00000e+00  0.00000e+00  1.00000e-01
  914  3.89160e-01  1.25000e-01  0.00000e+00  0.00000e+00  0.00000e+00  1.00000e-01
  915  3.90137e-01  1.25000e-01  0.00000e+00  0.00000e+00  0.00000e+00  1.00000e-01
  916  3.91113e-01  1.25000e-01  0.00000e+00  0.00000e+00  0.00000e+00  1.00000e-01
  917  3.92090e-01  1.25000e-01  0.00000e+00  0.00000e+00  0.00000e+00  1.00000e-01
  918  3.93066e-01  1.25000e-01  0.00000e+00  0.00000e+00  0.00000e+00  1.00000e-01
  919  3.94043e-01  1.25000e-01  0.00000e+00  0.00000e+00  0.00000e+00  1.00000e-01
  920  3.95020e-01  1.25000e-01  0.00000e+00  0.00000e+00  0.00000e+00  1.00000e-01
  921  3.95996e-01  1.25000e-01  0.00000e+00  0.00000e+00  0.00000e+00  1.00000e-01
  922  3.96973e-01  1.25000e-01  0.00000e+00  0.00000e+00  0.00000e+00  1.00000e-01
  923  3.97949e-01  1.25000e-01  0.00000e+00  0.00000e+00  0.00000e+00  1.00000e-01
  924  3.98926e-01  1.25000e-01  0.00000e+00  0.00000e+00  0.00000e+00  1.00000e-01
  925  3.99902e-01  1.25000e-01  0.00000e+00  0.00000e+00  0.00000e+00  1.00000e-01
  926  4.00879e-01  1.25000e-01  0.00000e+00  0.00000e+00  0.00000e+00  1.00000e-01
  927  4.01855e-01  1.25000e-01  0.00000e+00  0.00000e+00  0.00000e+00  1.00000e-01
  928  4.02832e-01  1.25000e-01  0.00000e+00  0.00000e+00  0.00000e+00  1.00000e-01
  929  4.03809e-01  1.25000e-01  0.00000e+00  0.00000e+00  0.00000e+00  1.00000e-01
  930  4.04785e-01  1.25000e-01  0.00000e+00  0.00000e+00  0.00000e+00  1.00000e-01
  931  4.05762e-01  1.25000e-01  0.00000e+00  0.00000e+00  0.00000e+00  1.00000e-01
  932  4.06738e-01  1.25000e-01  0.00000e+00  0.00000e+00  0.00000e+00  1.00000e-01
  933  4.07715e-01  1.25000e-01  0.00000e+00  0.00000e+00  0.00000e+00  1.00000e-01
  934  4.08691e-01  1.25000e-01  0.00000e+00  0.00000e+00  0.00000e+00  1.00000e-01
  935  4.09668e-01  1.25000e-01  0.00000e+00  0.00000e+00  0.00000e+00  1.00000e-01
  936  4.10645e-01  1.25000e-01  0.00000e+00  0.00000e+00  0.00000e+00  1.00000e-01
  937  4.11621e-01  1.25000e-01  0.00000e+00  0.00000e+00  0.00000e+00  1.00000e-01
  938  4.12598e-01  1.25000e-01  0.00000e+00  0.00000e+00  0.00000e+00  1.00000e-01
  939  4.13574e-01  1.25000e-01  0.00000e+00  0.00000e+00  0.00000e+00  1.00000e-01
  940  4.14551e-01  1.25000e-01  0.00000e+00  0.00000e+00  0.00000e+00  1.00000e-01
  941  4.15527e-01  1.25000e-01  0.00000e+00  0.00000e+00  0.00000e+00  1.00000e-01
  942  4.16504e-01  1.25000e-01  0.00000e+00  0.00000e+00  0.00000e+00  1.00000e-01
  943  4.17480e-01  1.25000e-01  0.00000e+00  0.00000e+00  0.00000e+00  1.00000e-01
  944  4.18457e-01  1.25000e-01  0.00000e+00  0.00000e+00  0.00000e+00  1.00000e-01
  945  4.19434e-01  1.25000e-01  0.00000e+00  0.00000e+00  0.00000e+00  1.00000e-01
  946  4.20410e-01  1.25000e-01  0.00000e+00  0.00000e+00  0.00000e+00  1.00000e-01
  947  4.21387e-01  1.25000e-01  0.00000e+00  0.00000e+00  0.00000e+00  1.00000e-01
  948  4.22363e-01  1.25000e-01  0.00000e+00  0.00000e+00  0.00000e+00  1.00000e-01
  949  4.23340e-01  1.25000e-01  0.00000e+00  0.00000e+00  0.00000e+00  1.00000e-01
  950  4.24316e-01  1.25000e-01  0.00000e+00  0.00000e+00  0.00000e+00  1.00000e-01
  951  4.25293e-01  1.25000e-01  0.00000e+00  0.00000e+00  0.00000e+00  1.00000e-01
  952  4.26270e-01  1.25000e-01  0.00000e+00  0.00000e+00  0.00000e+00  1.00000e-01
  953  4.27246e-01  1.25000e-01  0.00000e+00  0.00000e+00  0.00000e+00  1.00000e-01
  954  4.28223e-01  1.25000e-01  0.00000e+00  0.00000e+00  0.00000e+00  1.00000e-01
  955  4.29199e-01  1.25000e-01  0.00000e+00  0.00000e+00  0.00000e+00  1.00000e-01
  956  4.30176e-01  1.25000e-01  0.00000e+00  0.00000e+00  0.00000e+00  1.00000e-01
  957  4.31152e-01  1.25000e-01  0.00000e+00  0.00000e+00  0.00000e+00  1.00000e-01
  958  4.32129e-01  1.25000e-01  0.00000e+00  0.00000e+00  0.00000e+00  1.00000e-01
  959  4.33105e-01  1.25000e-01  0.00000e+00  0.00000e+00  0.00000e+00  1.00000e-01
  960  4.34082e-01  1.25000e-01  0.00000e+00  0.00000e+00  0.00000e+00  1.00000e-01
  961  4.35059e-01  1.25000e-01  0.00000e+00  0.00000e+00  0.00000e+00  1.00000e-01
  962  4.36035e-01  1.25000e-01  0.00000e+00  0.00000e+00  0.00000e+00  1.00000e-01
  963  4.37012e-01  1.25000e-01  0.00000e+00  0.00000e+00  0.00000e+00  1.00000e-01
  964  4.37988e-01  1.25000e-01  0.00000e+00  0.00000e+00  0.00000e+00  1.00000e-01
  965  4.38965e-01  1.25000e-01  0.00000e+00  0.00000e+00  0.00000e+00  1.00000e-01
  966  4.39941e-01  1.25000e-01  0.00000e+00  0.00000e+00  0.00000e+00  1.00000e-01
  967  4.40918e-01  1.25000e-01  0.00000e+00  0.00000e+00  0.00000e+00  1.00000e-01
  968  4.41895e-01  1.25000e-01  0.00000e+00  0.00000e+00  0.00000e+00  1.00000e-01
  969  4.42871e-01  1.25000e-01  0.00000e+00  0.00000e+00  0.00000e+00  1.00000e-01
  970  4.43848e-01  1.25000e-01  0.00000e+00  0.00000e+00  0.00000e+00  1.00000e-01
  971  4.44824e-01  1.25000e-01  0.00000e+00  0.00000e+00  0.00000e+00  1.00000e-01
  972  4.45801e-01  1.25000e-01  0.00000e+00  0.00000e+00  0.00000e+00  1.00000e-01
  973  4.46777e-01  1.25000e-01  0.00000e+00  0.00000e+00  0.00000e+00  1.00000e-01
  974  4.47754e-01  1.25000e-01  0.00000e+00  0.00000e+00  0.00000e+00  1.00000e-01
  975  4.48730e-01  1.25000e-01  0.00000e+00  0.00000e+00  0.00000e+00  1.00000e-01
  976  4.49707e-01  1.25000e-01  0.00000e+00  0.00000e+00  0.00000e+00  1.00000e-01
  977  4.50684e-01  1.25000e-01  0.00000e+00  0.00000e+00  0.00000e+00  1.00000e-01
  978  4.51660e-01  1.25000e-01  0.00000e+00  0.00000e+00  0.00000e+00  1.00000e-01
  979  4.52637e-01  1.25000e-01  0.00000e+00  0.00000e+00  0.00000e+00  1.00000e-01
  980  4.53613e-01  1.25000e-01  0.00000e+00  0.00000e+00  0.00000e+00  1.00000e-01
  981  4.54590e-01  1.25000e-01  0.00000e+00  0.00000e+00  0.00000e+00  1.00000e-01
  982  4.55566e-01  1.25000e-01  0.00000e+00  0.00000e+00  0.00000e+00  1.00000e-01
  983  4.56543e-01  1.25000e-01  0.00000e+00  0.00000e+00  0.00000e+00  1.00000e-01
  984  4.57520e-01  1.25000e-01  0.00000e+00  0.00000e+00  0.00000e+00  1.00000e-01
  985  4.58496e-01  1.25000e-01  0.00000e+00  0.00000e+00  0.00000e+00  1.00000e-01
  986  4.59473e-01  1.25000e-01  0.00000e+00  0.00000e+00  0.00000e+00  1.00000e-01
  987  4.60449e-01  1.25000e-01  0.00000e+00  0.00000e+00  0.00000e+00  1.00000e-01
  988  4.61426e-01  1.25000e-01  0.00000e+00  0.00000e+00  0.00000e+00  1.00000e-01
  989  4.62402e-01  1.25000e-01  0.00000e+00  0.00000e+00  0.00000e+00  1.00000e-01
  990  4.63379e-01  1.25000e-01  0.00000e+00  0.00000e+00  0.00000e+00  1.00000e-01
  991  4.64355e-01  1.25000e-01  0.00000e+00  0.00000e+00  0.00000e+00  1.00000e-01
  992  4.65332e-01  1.25000e-01  0.00000e+00  0.00000e+00  0.00000e+00  1.00000e-01
  993  4.66309e-01  1.25000e-01  0.00000e+00  0.00000e+00  0.00000e+00  1.00000e-01
  994  4.67285e-01  1.25000e-01  0.00000e+00  0.00000e+00  0.00000e+00  1.00000e-01
  995  4.68262e-01  1.25000e-01  0.00000e+00  0.00000e+00  0.00000e+00  1.00000e-01
  996  4.69238e-01  1.25000e-01  0.00000e+00  0.00000e+00  0.00000e+00  1.00000e-01
  997  4.70215e-01  1.25000e-01  0.00000e+00  0.00000e+00  0.00000e+00  1.00000e-01
  998  4.71191e-01  1.25000e-01  0.00000e+00  0.00000e+00  0.00000e+00  1.00000e-01
  999  4.72168e-01  1.25000e-01  0.00000e+00  0.00000e+00  0.00000e+00  1.00000e-01
 1000  4.73145e-01  1.25000e-01  0.00000e+00  0.00000e+00  0.00000e+00  1.00000e-01
 1001  4.74121e-01  1.25000e-01  0.00000e+00  0.00000e+00  0.00000e+00  1.00000e-01
 1002  4.75098e-01  1.25000e-01  0.00000e+00  0.00000e+00  0.00000e+00  1.00000e-01
 1003  4.76074e-01  1.25000e-01  0.00000e+00  0.00000e+00  0.00000e+00  1.00000e-01
 1004  4.77051e-01  1.25000e-01  0.00000e+00  0.00000e+00  0.00000e+00  1.00000e-01
 1005  4.78027e-01  1.25000e-01  0.00000e+00  0.00000e+00  0.00000e+00  1.00000e-01
 1006  4.79004e-01  1.25000e-01  0.00000e+00  0.00000e+00  0.00000e+00  1.00000e-01
 1007  4.79980e-01  1.25000e-01  0.00000e+00  0.00000e+00  0.00000e+00  1.00000e-01
 1008  4.80957e-01  1.25000e-01  0.00000e+00  0.00000e+00  0.00000e+00  1.00000e-01
 1009  4.81934e-01  1.25000e-01  0.00000e+00  0.00000e+00  0.00000e+00  1.00000e-01
 1010  4.82910e-01  1.25000e-01  0.00000e+00  0.00000e+00  0.00000e+00  1.00000e-01
 1011  4.83887e-01  1.25000e-01  0.00000e+00  0.00000e+00  0.00000e+00  1.00000e-01
 1012  4.84863e-01  1.25000e-01  0.00000e+00  0.00000e+00  0.00000e+00  1.00000e-01
 1013  4.85840e-01  1.25000e-01  0.00000e+00  0.00000e+00  0.00000e+00  1.00000e-01
 1014  4.86816e-01  1.25000e-01  0.00000e+00  0.00000e+00  0.00000e+00  1.00000e-01
 1015  4.87793e-01  1.25000e-01  0.00000e+00  0.00000e+00  0.00000e+00  1.00000e-01
 1016  4.88770e-01  1.25000e-01  0.00000e+00  0.00000e+00  0.00000e+00  1.00000e-01
 1017  4.89746e-01  1.25000e-01  0.00000e+00  0.00000e+00  0.00000e+00  1.00000e-01
 1018  4.90723e-01  1.25000e-01  0.00000e+00  0.00000e+00  0.00000e+00  1.00000e-01
 1019  4.91699e-01  1.25000e-01  0.00000e+00  0.00000e+00  0.00000e+00  1.00000e-01
 1020  4.92676e-01  1.25000e-01  0.00000e+00  0.00000e+00  0.00000e+00  1.00000e-01
 1021  4.93652e-01  1.25000e-01  0.00000e+00  0.00000e+00  0.00000e+00  1.00000e-01
 1022  4.94629e-01  1.25000e-01  0.00000e+00  0.00000e+00  0.00000e+00  1.00000e-01
 1023  4.95605e-01  1.25000e-01  0.00000e+00  0.00000e+00  0.00000e+00  1.00000e-01
 1024  4.96582e-01  1.25000e-01  0.00000e+00  0.00000e+00  0.00000e+00  1.00000e-01
 1025  4.97559e-01  1.25000e-01  0.00000e+00  0.00000e+00  0.00000e+00  1.00000e-01
 1026  4.98535e-01  1.25000e-01  0.00000e+00  0.00000e+00  0.00000e+00  1.00000e-01
 1027  4.99512e-01  1.25000e-01  0.00000e+00  0.00000e+00  0.00000e+00  1.00000e-01
