# Nx1 = 1024
# x1-size = 1
# PRIMITIVE vars at Time = 0.110243, level= 0, domain= 0
# [1]=i-zone [2]=x1 [3]=d [4]=V1 [5]=V2 [6]=V3 [7]=P
    4 -4.99512e-01  1.00000e+00  0.00000e+00  0.00000e+00  0.00000e+00  1.00000e+00
    5 -4.98535e-01  1.00000e+00  0.00000e+00  0.00000e+00  0.00000e+00  1.00000e+00
    6 -4.97559e-01  1.00000e+00  0.00000e+00  0.00000e+00  0.00000e+00  1.00000e+00
    7 -4.96582e-01  1.00000e+00  0.00000e+00  0.00000e+00  0.00000e+00  1.00000e+00
    8 -4.95605e-01  1.00000e+00  0.00000e+00  0.00000e+00  0.00000e+00  1.00000e+00
    9 -4.94629e-01  1.00000e+00  0.00000e+00  0.00000e+00  0.00000e+00  1.00000e+00
   10 -4.93652e-01  1.00000e+00  0.00000e+00  0.00000e+00  0.00000e+00  1.00000e+00
   11 -4.92676e-01  1.00000e+00  0.00000e+00  0.00000e+00  0.00000e+00  1.00000e+00
   12 -4.91699e-01  1.00000e+00  0.00000e+00  0.00000e+00  0.00000e+00  1.00000e+00
   13 -4.90723e-01  1.00000e+00  0.00000e+00  0.00000e+00  0.00000e+00  1.00000e+00
   14 -4.89746e-01  1.00000e+00  0.00000e+00  0.00000e+00  0.00000e+00  1.00000e+00
   15 -4.88770e-01  1.00000e+00  0.00000e+00  0.00000e+00  0.00000e+00  1.00000e+00
   16 -4.87793e-01  1.00000e+00  0.00000e+00  0.00000e+00  0.00000e+00  1.00000e+00
   17 -4.86816e-01  1.00000e+00  0.00000e+00  0.00000e+00  0.00000e+00  1.00000e+00
   18 -4.85840e-01  1.00000e+00  0.00000e+00  0.00000e+00  0.00000e+00  1.00000e+00
   19 -4.84863e-01  1.00000e+00  0.00000e+00  0.00000e+00  0.00000e+00  1.00000e+00
   20 -4.83887e-01  1.00000e+00  0.00000e+00  0.00000e+00  0.00000e+00  1.00000e+00
   21 -4.82910e-01  1.00000e+00  0.00000e+00  0.00000e+00  0.00000e+00  1.00000e+00
   22 -4.81934e-01  1.00000e+00  0.00000e+00  0.00000e+00  0.00000e+00  1.00000e+00
   23 -4.80957e-01  1.00000e+00  0.00000e+00  0.00000e+00  0.00000e+00  1.00000e+00
   24 -4.79980e-01  1.00000e+00  0.00000e+00  0.00000e+00  0.00000e+00  1.00000e+00
   25 -4.79004e-01  1.00000e+00  0.00000e+00  0.00000e+00  0.00000e+00  1.00000e+00
   26 -4.78027e-01  1.00000e+00  0.00000e+00  0.00000e+00  0.00000e+00  1.00000e+00
   27 -4.77051e-01  1.00000e+00  0.00000e+00  0.00000e+00  0.00000e+00  1.00000e+00
   28 -4.76074e-01  1.00000e+00  0.00000e+00  0.00000e+00  0.00000e+00  1.00000e+00
   29 -4.75098e-01  1.00000e+00  0.00000e+00  0.00000e+00  0.00000e+00  1.00000e+00
   30 -4.74121e-01  1.00000e+00  0.00000e+00  0.00000e+00  0.00000e+00  1.00000e+00
   31 -4.73145e-01  1.00000e+00  0.00000e+00  0.00000e+00  0.00000e+00  1.00000e+00
   32 -4.72168e-01  1.00000e+00  0.00000e+00  0.00000e+00  0.00000e+00  1.00000e+00
   33 -4.71191e-01  1.00000e+00  0.00000e+00  0.00000e+00  0.00000e+00  1.00000e+00
   34 -4.70215e-01  1.00000e+00  0.00000e+00  0.00000e+00  0.00000e+00  1.00000e+00
   35 -4.69238e-01  1.00000e+00  0.00000e+00  0.00000e+00  0.00000e+00  1.00000e+00
   36 -4.68262e-01  1.00000e+00  0.00000e+00  0.00000e+00  0.00000e+00  1.00000e+00
   37 -4.67285e-01  1.00000e+00  0.00000e+00  0.00000e+00  0.00000e+00  1.00000e+00
   38 -4.66309e-01  1.00000e+00  0.00000e+00  0.00000e+00  0.00000e+00  1.00000e+00
   39 -4.65332e-01  1.00000e+00  0.00000e+00  0.00000e+00  0.00000e+00  1.00000e+00
   40 -4.64355e-01  1.00000e+00  0.00000e+00  0.00000e+00  0.00000e+00  1.00000e+00
   41 -4.63379e-01  1.00000e+00  0.00000e+00  0.00000e+00  0.00000e+00  1.00000e+00
   42 -4.62402e-01  1.00000e+00  0.00000e+00  0.00000e+00  0.00000e+00  1.00000e+00
   43 -4.61426e-01  1.00000e+00  0.00000e+00  0.00000e+00  0.00000e+00  1.00000e+00
   44 -4.60449e-01  1.00000e+00  0.00000e+00  0.00000e+00  0.00000e+00  1.00000e+00
   45 -4.59473e-01  1.00000e+00  0.00000e+00  0.00000e+00  0.00000e+00  1.00000e+00
   46 -4.58496e-01  1.00000e+00  0.00000e+00  0.00000e+00  0.00000e+00  1.00000e+00
   47 -4.57520e-01  1.00000e+00  0.00000e+00  0.00000e+00  0.00000e+00  1.00000e+00
   48 -4.56543e-01  1.00000e+00  0.00000e+00  0.00000e+00  0.00000e+00  1.00000e+00
   49 -4.55566e-01  1.00000e+00  0.00000e+00  0.00000e+00  0.00000e+00  1.00000e+00
   50 -4.54590e-01  1.00000e+00  0.00000e+00  0.00000e+00  0.00000e+00  1.00000e+00
   51 -4.53613e-01  1.00000e+00  0.00000e+00  0.00000e+00  0.00000e+00  1.00000e+00
   52 -4.52637e-01  1.00000e+00  0.00000e+00  0.00000e+00  0.00000e+00  1.00000e+00
   53 -4.51660e-01  1.00000e+00  0.00000e+00  0.00000e+00  0.00000e+00  1.00000e+00
   54 -4.50684e-01  1.00000e+00  0.00000e+00  0.00000e+00  0.00000e+00  1.00000e+00
   55 -4.49707e-01  1.00000e+00  0.00000e+00  0.00000e+00  0.00000e+00  1.00000e+00
   56 -4.48730e-01  1.00000e+00  0.00000e+00  0.00000e+00  0.00000e+00  1.00000e+00
   57 -4.47754e-01  1.00000e+00  0.00000e+00  0.00000e+00  0.00000e+00  1.00000e+00
   58 -4.46777e-01  1.00000e+00  0.00000e+00  0.00000e+00  0.00000e+00  1.00000e+00
   59 -4.45801e-01  1.00000e+00  0.00000e+00  0.00000e+00  0.00000e+00  1.00000e+00
   60 -4.44824e-01  1.00000e+00  0.00000e+00  0.00000e+00  0.00000e+00  1.00000e+00
   61 -4.43848e-01  1.00000e+00  0.00000e+00  0.00000e+00  0.00000e+00  1.00000e+00
   62 -4.42871e-01  1.00000e+00  0.00000e+00  0.00000e+00  0.00000e+00  1.00000e+00
   63 -4.41895e-01  1.00000e+00  0.00000e+00  0.00000e+00  0.00000e+00  1.00000e+00
   64 -4.40918e-01  1.00000e+00  0.00000e+00  0.00000e+00  0.00000e+00  1.00000e+00
   65 -4.39941e-01  1.00000e+00  0.00000e+00  0.00000e+00  0.00000e+00  1.00000e+00
   66 -4.38965e-01  1.00000e+00  0.00000e+00  0.00000e+00  0.00000e+00  1.00000e+00
   67 -4.37988e-01  1.00000e+00  0.00000e+00  0.00000e+00  0.00000e+00  1.00000e+00
   68 -4.37012e-01  1.00000e+00  0.00000e+00  0.00000e+00  0.00000e+00  1.00000e+00
   69 -4.36035e-01  1.00000e+00  0.00000e+00  0.00000e+00  0.00000e+00  1.00000e+00
   70 -4.35059e-01  1.00000e+00  0.00000e+00  0.00000e+00  0.00000e+00  1.00000e+00
   71 -4.34082e-01  1.00000e+00  0.00000e+00  0.00000e+00  0.00000e+00  1.00000e+00
   72 -4.33105e-01  1.00000e+00  0.00000e+00  0.00000e+00  0.00000e+00  1.00000e+00
   73 -4.32129e-01  1.00000e+00  0.00000e+00  0.00000e+00  0.00000e+00  1.00000e+00
   74 -4.31152e-01  1.00000e+00  0.00000e+00  0.00000e+00  0.00000e+00  1.00000e+00
   75 -4.30176e-01  1.00000e+00  0.00000e+00  0.00000e+00  0.00000e+00  1.00000e+00
   76 -4.29199e-01  1.00000e+00  0.00000e+00  0.00000e+00  0.00000e+00  1.00000e+00
   77 -4.28223e-01  1.00000e+00  0.00000e+00  0.00000e+00  0.00000e+00  1.00000e+00
   78 -4.27246e-01  1.00000e+00  0.00000e+00  0.00000e+00  0.00000e+00  1.00000e+00
   79 -4.26270e-01  1.00000e+00  0.00000e+00  0.00000e+00  0.00000e+00  1.00000e+00
   80 -4.25293e-01  1.00000e+00  0.00000e+00  0.00000e+00  0.00000e+00  1.00000e+00
   81 -4.24316e-01  1.00000e+00  0.00000e+00  0.00000e+00  0.00000e+00  1.00000e+00
   82 -4.23340e-01  1.00000e+00  0.00000e+00  0.00000e+00  0.00000e+00  1.00000e+00
   83 -4.22363e-01  1.00000e+00  0.00000e+00  0.00000e+00  0.00000e+00  1.00000e+00
   84 -4.21387e-01  1.00000e+00  0.00000e+00  0.00000e+00  0.00000e+00  1.00000e+00
   85 -4.20410e-01  1.00000e+00  0.00000e+00  0.00000e+00  0.00000e+00  1.00000e+00
   86 -4.19434e-01  1.00000e+00  0.00000e+00  0.00000e+00  0.00000e+00  1.00000e+00
   87 -4.18457e-01  1.00000e+00  0.00000e+00  0.00000e+00  0.00000e+00  1.00000e+00
   88 -4.17480e-01  1.00000e+00  0.00000e+00  0.00000e+00  0.00000e+00  1.00000e+00
   89 -4.16504e-01  1.00000e+00  0.00000e+00  0.00000e+00  0.00000e+00  1.00000e+00
   90 -4.15527e-01  1.00000e+00  0.00000e+00  0.00000e+00  0.00000e+00  1.00000e+00
   91 -4.14551e-01  1.00000e+00  0.00000e+00  0.00000e+00  0.00000e+00  1.00000e+00
   92 -4.13574e-01  1.00000e+00  0.00000e+00  0.00000e+00  0.00000e+00  1.00000e+00
   93 -4.12598e-01  1.00000e+00  0.00000e+00  0.00000e+00  0.00000e+00  1.00000e+00
   94 -4.11621e-01  1.00000e+00  0.00000e+00  0.00000e+00  0.00000e+00  1.00000e+00
   95 -4.10645e-01  1.00000e+00  0.00000e+00  0.00000e+00  0.00000e+00  1.00000e+00
   96 -4.09668e-01  1.00000e+00  0.00000e+00  0.00000e+00  0.00000e+00  1.00000e+00
   97 -4.08691e-01  1.00000e+00  0.00000e+00  0.00000e+00  0.00000e+00  1.00000e+00
   98 -4.07715e-01  1.00000e+00  0.00000e+00  0.00000e+00  0.00000e+00  1.00000e+00
   99 -4.06738e-01  1.00000e+00  0.00000e+00  0.00000e+00  0.00000e+00  1.00000e+00
  100 -4.05762e-01  1.00000e+00  0.00000e+00  0.00000e+00  0.00000e+00  1.00000e+00
  101 -4.04785e-01  1.00000e+00  0.00000e+00  0.00000e+00  0.00000e+00  1.00000e+00
  102 -4.03809e-01  1.00000e+00  0.00000e+00  0.00000e+00  0.00000e+00  1.00000e+00
  103 -4.02832e-01  1.00000e+00  0.00000e+00  0.00000e+00  0.00000e+00  1.00000e+00
  104 -4.01855e-01  1.00000e+00  0.00000e+00  0.00000e+00  0.00000e+00  1.00000e+00
  105 -4.00879e-01  1.00000e+00  0.00000e+00  0.00000e+00  0.00000e+00  1.00000e+00
  106 -3.99902e-01  1.00000e+00  0.00000e+00  0.00000e+00  0.00000e+00  1.00000e+00
  107 -3.98926e-01  1.00000e+00  0.00000e+00  0.00000e+00  0.00000e+00  1.00000e+00
  108 -3.97949e-01  1.00000e+00  0.00000e+00  0.00000e+00  0.00000e+00  1.00000e+00
  109 -3.96973e-01  1.00000e+00  0.00000e+00  0.00000e+00  0.00000e+00  1.00000e+00
  110 -3.95996e-01  1.00000e+00  0.00000e+00  0.00000e+00  0.00000e+00  1.00000e+00
  111 -3.95020e-01  1.00000e+00  0.00000e+00  0.00000e+00  0.00000e+00  1.00000e+00
  112 -3.94043e-01  1.00000e+00  0.00000e+00  0.00000e+00  0.00000e+00  1.00000e+00
  113 -3.93066e-01  1.00000e+00  0.00000e+00  0.00000e+00  0.00000e+00  1.00000e+00
  114 -3.92090e-01  1.00000e+00  0.00000e+00  0.00000e+00  0.00000e+00  1.00000e+00
  115 -3.91113e-01  1.00000e+00  0.00000e+00  0.00000e+00  0.00000e+00  1.00000e+00
  116 -3.90137e-01  1.00000e+00  0.00000e+00  0.00000e+00  0.00000e+00  1.00000e+00
  117 -3.89160e-01  1.00000e+00  0.00000e+00  0.00000e+00  0.00000e+00  1.00000e+00
  118 -3.88184e-01  1.00000e+00  0.00000e+00  0.00000e+00  0.00000e+00  1.00000e+00
  119 -3.87207e-01  1.00000e+00  0.00000e+00  0.00000e+00  0.00000e+00  1.00000e+00
  120 -3.86230e-01  1.00000e+00  0.00000e+00  0.00000e+00  0.00000e+00  1.00000e+00
  121 -3.85254e-01  1.00000e+00  0.00000e+00  0.00000e+00  0.00000e+00  1.00000e+00
  122 -3.84277e-01  1.00000e+00  0.00000e+00  0.00000e+00  0.00000e+00  1.00000e+00
  123 -3.83301e-01  1.00000e+00  0.00000e+00  0.00000e+00  0.00000e+00  1.00000e+00
  124 -3.82324e-01  1.00000e+00  0.00000e+00  0.00000e+00  0.00000e+00  1.00000e+00
  125 -3.81348e-01  1.00000e+00  0.00000e+00  0.00000e+00  0.00000e+00  1.00000e+00
  126 -3.80371e-01  1.00000e+00  0.00000e+00  0.00000e+00  0.00000e+00  1.00000e+00
  127 -3.79395e-01  1.00000e+00  0.00000e+00  0.00000e+00  0.00000e+00  1.00000e+00
  128 -3.78418e-01  1.00000e+00  0.00000e+00  0.00000e+00  0.00000e+00  1.00000e+00
  129 -3.77441e-01  1.00000e+00  0.00000e+00  0.00000e+00  0.00000e+00  1.00000e+00
  130 -3.76465e-01  1.00000e+00  0.00000e+00  0.00000e+00  0.00000e+00  1.00000e+00
  131 -3.75488e-01  1.00000e+00  0.00000e+00  0.00000e+00  0.00000e+00  1.00000e+00
  132 -3.74512e-01  1.00000e+00  0.00000e+00  0.00000e+00  0.00000e+00  1.00000e+00
  133 -3.73535e-01  1.00000e+00  0.00000e+00  0.00000e+00  0.00000e+00  1.00000e+00
  134 -3.72559e-01  1.00000e+00  0.00000e+00  0.00000e+00  0.00000e+00  1.00000e+00
  135 -3.71582e-01  1.00000e+00  0.00000e+00  0.00000e+00  0.00000e+00  1.00000e+00
  136 -3.70605e-01  1.00000e+00  0.00000e+00  0.00000e+00  0.00000e+00  1.00000e+00
  137 -3.69629e-01  1.00000e+00  0.00000e+00  0.00000e+00  0.00000e+00  1.00000e+00
  138 -3.68652e-01  1.00000e+00  0.00000e+00  0.00000e+00  0.00000e+00  1.00000e+00
  139 -3.67676e-01  1.00000e+00  0.00000e+00  0.00000e+00  0.00000e+00  1.00000e+00
  140 -3.66699e-01  1.00000e+00  0.00000e+00  0.00000e+00  0.00000e+00  1.00000e+00
  141 -3.65723e-01  1.00000e+00  0.00000e+00  0.00000e+00  0.00000e+00  1.00000e+00
  142 -3.64746e-01  1.00000e+00  0.00000e+00  0.00000e+00  0.00000e+00  1.00000e+00
  143 -3.63770e-01  1.00000e+00  0.00000e+00  0.00000e+00  0.00000e+00  1.00000e+00
  144 -3.62793e-01  1.00000e+00  0.00000e+00  0.00000e+00  0.00000e+00  1.00000e+00
  145 -3.61816e-01  1.00000e+00  0.00000e+00  0.00000e+00  0.00000e+00  1.00000e+00
  146 -3.60840e-01  1.00000e+00  0.00000e+00  0.00000e+00  0.00000e+00  1.00000e+00
  147 -3.59863e-01  1.00000e+00  0.00000e+00  0.00000e+00  0.00000e+00  1.00000e+00
  148 -3.58887e-01  1.00000e+00  0.00000e+00  0.00000e+00  0.00000e+00  1.00000e+00
  149 -3.57910e-01  1.00000e+00  0.00000e+00  0.00000e+00  0.00000e+00  1.00000e+00
  150 -3.56934e-01  1.00000e+00  0.00000e+00  0.00000e+00  0.00000e+00  1.00000e+00
  151 -3.55957e-01  1.00000e+00  0.00000e+00  0.00000e+00  0.00000e+00  1.00000e+00
  152 -3.54980e-01  1.00000e+00  0.00000e+00  0.00000e+00  0.00000e+00  1.00000e+00
  153 -3.54004e-01  1.00000e+00  0.00000e+00  0.00000e+00  0.00000e+00  1.00000e+00
  154 -3.53027e-01  1.00000e+00  0.00000e+00  0.00000e+00  0.00000e+00  1.00000e+00
  155 -3.52051e-01  1.00000e+00  0.00000e+00  0.00000e+00  0.00000e+00  1.00000e+00
  156 -3.51074e-01  1.00000e+00  0.00000e+00  0.00000e+00  0.00000e+00  1.00000e+00
  157 -3.50098e-01  1.00000e+00  0.00000e+00  0.00000e+00  0.00000e+00  1.00000e+00
  158 -3.49121e-01  1.00000e+00  0.00000e+00  0.00000e+00  0.00000e+00  1.00000e+00
  159 -3.48145e-01  1.00000e+00  0.00000e+00  0.00000e+00  0.00000e+00  1.00000e+00
  160 -3.47168e-01  1.00000e+00  0.00000e+00  0.00000e+00  0.00000e+00  1.00000e+00
  161 -3.46191e-01  1.00000e+00  0.00000e+00  0.00000e+00  0.00000e+00  1.00000e+00
  162 -3.45215e-01  1.00000e+00  0.00000e+00  0.00000e+00  0.00000e+00  1.00000e+00
  163 -3.44238e-01  1.00000e+00  0.00000e+00  0.00000e+00  0.00000e+00  1.00000e+00
  164 -3.43262e-01  1.00000e+00  0.00000e+00  0.00000e+00  0.00000e+00  1.00000e+00
  165 -3.42285e-01  1.00000e+00  0.00000e+00  0.00000e+00  0.00000e+00  1.00000e+00
  166 -3.41309e-01  1.00000e+00  0.00000e+00  0.00000e+00  0.00000e+00  1.00000e+00
  167 -3.40332e-01  1.00000e+00  0.00000e+00  0.00000e+00  0.00000e+00  1.00000e+00
  168 -3.39355e-01  1.00000e+00  0.00000e+00  0.00000e+00  0.00000e+00  1.00000e+00
  169 -3.38379e-01  1.00000e+00  0.00000e+00  0.00000e+00  0.00000e+00  1.00000e+00
  170 -3.37402e-01  1.00000e+00  0.00000e+00  0.00000e+00  0.00000e+00  1.00000e+00
  171 -3.36426e-01  1.00000e+00  0.00000e+00  0.00000e+00  0.00000e+00  1.00000e+00
  172 -3.35449e-01  1.00000e+00  0.00000e+00  0.00000e+00  0.00000e+00  1.00000e+00
  173 -3.34473e-01  1.00000e+00  0.00000e+00  0.00000e+00  0.00000e+00  1.00000e+00
  174 -3.33496e-01  1.00000e+00  0.00000e+00  0.00000e+00  0.00000e+00  1.00000e+00
  175 -3.32520e-01  1.00000e+00  0.00000e+00  0.00000e+00  0.00000e+00  1.00000e+00
  176 -3.31543e-01  1.00000e+00  0.00000e+00  0.00000e+00  0.00000e+00  1.00000e+00
  177 -3.30566e-01  1.00000e+00  0.00000e+00  0.00000e+00  0.00000e+00  1.00000e+00
  178 -3.29590e-01  1.00000e+00  0.00000e+00  0.00000e+00  0.00000e+00  1.00000e+00
  179 -3.28613e-01  1.00000e+00  0.00000e+00  0.00000e+00  0.00000e+00  1.00000e+00
  180 -3.27637e-01  1.00000e+00  0.00000e+00  0.00000e+00  0.00000e+00  1.00000e+00
  181 -3.26660e-01  1.00000e+00  0.00000e+00  0.00000e+00  0.00000e+00  1.00000e+00
  182 -3.25684e-01  1.00000e+00  0.00000e+00  0.00000e+00  0.00000e+00  1.00000e+00
  183 -3.24707e-01  1.00000e+00  0.00000e+00  0.00000e+00  0.00000e+00  1.00000e+00
  184 -3.23730e-01  1.00000e+00  0.00000e+00  0.00000e+00  0.00000e+00  1.00000e+00
  185 -3.22754e-01  1.00000e+00  0.00000e+00  0.00000e+00  0.00000e+00  1.00000e+00
  186 -3.21777e-01  1.00000e+00  0.00000e+00  0.00000e+00  0.00000e+00  1.00000e+00
  187 -3.20801e-01  1.00000e+00  0.00000e+00  0.00000e+00  0.00000e+00  1.00000e+00
  188 -3.19824e-01  1.00000e+00  0.00000e+00  0.00000e+00  0.00000e+00  1.00000e+00
  189 -3.18848e-01  1.00000e+00  0.00000e+00  0.00000e+00  0.00000e+00  1.00000e+00
  190 -3.17871e-01  1.00000e+00  0.00000e+00  0.00000e+00  0.00000e+00  1.00000e+00
  191 -3.16895e-01  1.00000e+00  0.00000e+00  0.00000e+00  0.00000e+00  1.00000e+00
  192 -3.15918e-01  1.00000e+00  0.00000e+00  0.00000e+00  0.00000e+00  1.00000e+00
  193 -3.14941e-01  1.00000e+00  0.00000e+00  0.00000e+00  0.00000e+00  1.00000e+00
  194 -3.13965e-01  1.00000e+00  0.00000e+00  0.00000e+00  0.00000e+00  1.00000e+00
  195 -3.12988e-01  1.00000e+00  0.00000e+00  0.00000e+00  0.00000e+00  1.00000e+00
  196 -3.12012e-01  1.00000e+00  0.00000e+00  0.00000e+00  0.00000e+00  1.00000e+00
  197 -3.11035e-01  1.00000e+00  0.00000e+00  0.00000e+00  0.00000e+00  1.00000e+00
  198 -3.10059e-01  1.00000e+00  0.00000e+00  0.00000e+00  0.00000e+00  1.00000e+00
  199 -3.09082e-01  1.00000e+00  0.00000e+00  0.00000e+00  0.00000e+00  1.00000e+00
  200 -3.08105e-01  1.00000e+00  0.00000e+00  0.00000e+00  0.00000e+00  1.00000e+00
  201 -3.07129e-01  1.00000e+00  0.00000e+00  0.00000e+00  0.00000e+00  1.00000e+00
  202 -3.06152e-01  1.00000e+00  0.00000e+00  0.00000e+00  0.00000e+00  1.00000e+00
  203 -3.05176e-01  1.00000e+00  0.00000e+00  0.00000e+00  0.00000e+00  1.00000e+00
  204 -3.04199e-01  1.00000e+00  0.00000e+00  0.00000e+00  0.00000e+00  1.00000e+00
  205 -3.03223e-01  1.00000e+00  0.00000e+00  0.00000e+00  0.00000e+00  1.00000e+00
  206 -3.02246e-01  1.00000e+00  0.00000e+00  0.00000e+00  0.00000e+00  1.00000e+00
  207 -3.01270e-01  1.00000e+00  0.00000e+00  0.00000e+00  0.00000e+00  1.00000e+00
  208 -3.00293e-01  1.00000e+00  0.00000e+00  0.00000e+00  0.00000e+00  1.00000e+00
  209 -2.99316e-01  1.00000e+00  0.00000e+00  0.00000e+00  0.00000e+00  1.00000e+00
  210 -2.98340e-01  1.00000e+00  0.00000e+00  0.00000e+00  0.00000e+00  1.00000e+00
  211 -2.97363e-01  1.00000e+00  0.00000e+00  0.00000e+00  0.00000e+00  1.00000e+00
  212 -2.96387e-01  1.00000e+00  0.00000e+00  0.00000e+00  0.00000e+00  1.00000e+00
  213 -2.95410e-01  1.00000e+00  0.00000e+00  0.00000e+00  0.00000e+00  1.00000e+00
  214 -2.94434e-01  1.00000e+00  0.00000e+00  0.00000e+00  0.00000e+00  1.00000e+00
  215 -2.93457e-01  1.00000e+00  0.00000e+00  0.00000e+00  0.00000e+00  1.00000e+00
  216 -2.92480e-01  1.00000e+00  0.00000e+00  0.00000e+00  0.00000e+00  1.00000e+00
  217 -2.91504e-01  1.00000e+00  0.00000e+00  0.00000e+00  0.00000e+00  1.00000e+00
  218 -2.90527e-01  1.00000e+00  0.00000e+00  0.00000e+00  0.00000e+00  1.00000e+00
  219 -2.89551e-01  1.00000e+00  0.00000e+00  0.00000e+00  0.00000e+00  1.00000e+00
  220 -2.88574e-01  1.00000e+00  0.00000e+00  0.00000e+00  0.00000e+00  1.00000e+00
  221 -2.87598e-01  1.00000e+00  0.00000e+00  0.00000e+00  0.00000e+00  1.00000e+00
  222 -2.86621e-01  1.00000e+00  0.00000e+00  0.00000e+00  0.00000e+00  1.00000e+00
  223 -2.85645e-01  1.00000e+00  0.00000e+00  0.00000e+00  0.00000e+00  1.00000e+00
  224 -2.84668e-01  1.00000e+00  0.00000e+00  0.00000e+00  0.00000e+00  1.00000e+00
  225 -2.83691e-01  1.00000e+00  0.00000e+00  0.00000e+00  0.00000e+00  1.00000e+00
  226 -2.82715e-01  1.00000e+00  0.00000e+00  0.00000e+00  0.00000e+00  1.00000e+00
  227 -2.81738e-01  1.00000e+00  0.00000e+00  0.00000e+00  0.00000e+00  1.00000e+00
  228 -2.80762e-01  1.00000e+00  8.09076e-17  0.00000e+00  0.00000e+00  1.00000e+00
  229 -2.79785e-01  1.00000e+00  2.62866e-22  0.00000e+00  0.00000e+00  1.00000e+00
  230 -2.78809e-01  1.00000e+00 -3.07301e-21  0.00000e+00  0.00000e+00  1.00000e+00
  231 -2.77832e-01  1.00000e+00  3.47049e-21  0.00000e+00  0.00000e+00  1.00000e+00
  232 -2.76855e-01  1.00000e+00  1.12427e-21  0.00000e+00  0.00000e+00  1.00000e+00
  233 -2.75879e-01  1.00000e+00  1.60081e-21  0.00000e+00  0.00000e+00  1.00000e+00
  234 -2.74902e-01  1.00000e+00  2.90002e-21  0.00000e+00  0.00000e+00  1.00000e+00
  235 -2.73926e-01  1.00000e+00  8.09089e-17  0.00000e+00  0.00000e+00  1.00000e+00
  236 -2.72949e-01  1.00000e+00  1.29709e-21  0.00000e+00  0.00000e+00  1.00000e+00
  237 -2.71973e-01  1.00000e+00 -3.27969e-21  0.00000e+00  0.00000e+00  1.00000e+00
  238 -2.70996e-01  1.00000e+00  3.47602e-21  0.00000e+00  0.00000e+00  1.00000e+00
  239 -2.70020e-01  1.00000e+00  2.53605e-22  0.00000e+00  0.00000e+00  1.00000e+00
  240 -2.69043e-01  1.00000e+00 -9.47911e-23  0.00000e+00  0.00000e+00  1.00000e+00
  241 -2.68066e-01  1.00000e+00 -4.40443e-23  0.00000e+00  0.00000e+00  1.00000e+00
  242 -2.67090e-01  1.00000e+00 -6.85970e-22  0.00000e+00  0.00000e+00  1.00000e+00
  243 -2.66113e-01  1.00000e+00 -2.28780e-21  0.00000e+00  0.00000e+00  1.00000e+00
  244 -2.65137e-01  1.00000e+00 -1.52626e-21  0.00000e+00  0.00000e+00  1.00000e+00
  245 -2.64160e-01  1.00000e+00 -4.28218e-22  0.00000e+00  0.00000e+00  1.00000e+00
  246 -2.63184e-01  1.00000e+00 -9.95828e-22  0.00000e+00  0.00000e+00  1.00000e+00
  247 -2.62207e-01  1.00000e+00 -1.88854e-21  0.00000e+00  0.00000e+00  1.00000e+00
  248 -2.61230e-01  1.00000e+00 -3.01568e-21  0.00000e+00  0.00000e+00  1.00000e+00
  249 -2.60254e-01  1.00000e+00 -1.48888e-21  0.00000e+00  0.00000e+00  1.00000e+00
  250 -2.59277e-01  1.00000e+00 -2.37737e-21  0.00000e+00  0.00000e+00  1.00000e+00
  251 -2.58301e-01  1.00000e+00  5.63236e-22  0.00000e+00  0.00000e+00  1.00000e+00
  252 -2.57324e-01  1.00000e+00  1.96071e-21  0.00000e+00  0.00000e+00  1.00000e+00
  253 -2.56348e-01  1.00000e+00  1.34582e-21  0.00000e+00  0.00000e+00  1.00000e+00
  254 -2.55371e-01  1.00000e+00  2.03205e-21  0.00000e+00  0.00000e+00  1.00000e+00
  255 -2.54395e-01  1.00000e+00 -2.39442e-20  0.00000e+00  0.00000e+00  1.00000e+00
  256 -2.53418e-01  1.00000e+00  8.09131e-17  0.00000e+00  0.00000e+00  1.00000e+00
  257 -2.52441e-01  1.00000e+00  1.95353e-20  0.00000e+00  0.00000e+00  1.00000e+00
  258 -2.51465e-01  1.00000e+00 -1.44830e-21  0.00000e+00  0.00000e+00  1.00000e+00
  259 -2.50488e-01  1.00000e+00  3.86365e-21  0.00000e+00  0.00000e+00  1.00000e+00
  260 -2.49512e-01  1.00000e+00 -8.08429e-22  0.00000e+00  0.00000e+00  1.00000e+00
  261 -2.48535e-01  1.00000e+00  6.44974e-22  0.00000e+00  0.00000e+00  1.00000e+00
  262 -2.47559e-01  1.00000e+00  8.08853e-17  0.00000e+00  0.00000e+00  1.00000e+00
  263 -2.46582e-01  1.00000e+00  5.93255e-21  0.00000e+00  0.00000e+00  1.00000e+00
  264 -2.45605e-01  1.00000e+00  1.57876e-20  0.00000e+00  0.00000e+00  1.00000e+00
  265 -2.44629e-01  1.00000e+00  2.32290e-21  0.00000e+00  0.00000e+00  1.00000e+00
  266 -2.43652e-01  1.00000e+00 -3.02843e-21  0.00000e+00  0.00000e+00  1.00000e+00
  267 -2.42676e-01  1.00000e+00  8.09072e-17  0.00000e+00  0.00000e+00  1.00000e+00
  268 -2.41699e-01  1.00000e+00 -1.07402e-21  0.00000e+00  0.00000e+00  1.00000e+00
  269 -2.40723e-01  1.00000e+00 -5.38258e-21  0.00000e+00  0.00000e+00  1.00000e+00
  270 -2.39746e-01  1.00000e+00  3.10843e-21  0.00000e+00  0.00000e+00  1.00000e+00
  271 -2.38770e-01  1.00000e+00  8.09064e-17  0.00000e+00  0.00000e+00  1.00000e+00
  272 -2.37793e-01  1.00000e+00  2.92927e-21  0.00000e+00  0.00000e+00  1.00000e+00
  273 -2.36816e-01  1.00000e+00 -3.20380e-21  0.00000e+00  0.00000e+00  1.00000e+00
  274 -2.35840e-01  1.00000e+00  5.40266e-21  0.00000e+00  0.00000e+00  1.00000e+00
  275 -2.34863e-01  1.00000e+00 -6.25875e-22  0.00000e+00  0.00000e+00  1.00000e+00
  276 -2.33887e-01  1.00000e+00  1.05986e-22  0.00000e+00  0.00000e+00  1.00000e+00
  277 -2.32910e-01  1.00000e+00 -1.93175e-21  0.00000e+00  0.00000e+00  1.00000e+00
  278 -2.31934e-01  1.00000e+00  2.92433e-21  0.00000e+00  0.00000e+00  1.00000e+00
  279 -2.30957e-01  1.00000e+00  8.54353e-22  0.00000e+00  0.00000e+00  1.00000e+00
  280 -2.29980e-01  1.00000e+00 -2.18669e-21  0.00000e+00  0.00000e+00  1.00000e+00
  281 -2.29004e-01  1.00000e+00 -2.78007e-21  0.00000e+00  0.00000e+00  1.00000e+00
  282 -2.28027e-01  1.00000e+00 -4.02995e-21  0.00000e+00  0.00000e+00  1.00000e+00
  283 -2.27051e-01  1.00000e+00 -2.70190e-20  0.00000e+00  0.00000e+00  1.00000e+00
  284 -2.26074e-01  1.00000e+00  8.09070e-17  0.00000e+00  0.00000e+00  1.00000e+00
  285 -2.25098e-01  1.00000e+00  1.94212e-20  0.00000e+00  0.00000e+00  1.00000e+00
  286 -2.24121e-01  1.00000e+00 -7.77811e-21  0.00000e+00  0.00000e+00  1.00000e+00
  287 -2.23145e-01  1.00000e+00 -1.84407e-22  0.00000e+00  0.00000e+00  1.00000e+00
  288 -2.22168e-01  1.00000e+00  8.09059e-17  0.00000e+00  0.00000e+00  1.00000e+00
  289 -2.21191e-01  1.00000e+00 -2.53451e-20  0.00000e+00  0.00000e+00  1.00000e+00
  290 -2.20215e-01  1.00000e+00  5.49854e-21  0.00000e+00  0.00000e+00  1.00000e+00
  291 -2.19238e-01  1.00000e+00  2.32046e-20  0.00000e+00  0.00000e+00  1.00000e+00
  292 -2.18262e-01  1.00000e+00  2.76776e-21  0.00000e+00  0.00000e+00  1.00000e+00
  293 -2.17285e-01  1.00000e+00  7.75132e-21  0.00000e+00  0.00000e+00  1.00000e+00
  294 -2.16309e-01  1.00000e+00 -2.40857e-20  0.00000e+00  0.00000e+00  1.00000e+00
  295 -2.15332e-01  1.00000e+00  7.04701e-21  0.00000e+00  0.00000e+00  1.00000e+00
  296 -2.14355e-01  1.00000e+00  1.89994e-20  0.00000e+00  0.00000e+00  1.00000e+00
  297 -2.13379e-01  1.00000e+00 -8.32348e-22  0.00000e+00  0.00000e+00  1.00000e+00
  298 -2.12402e-01  1.00000e+00 -2.97580e-20  0.00000e+00  0.00000e+00  1.00000e+00
  299 -2.11426e-01  1.00000e+00  8.09021e-17  0.00000e+00  0.00000e+00  1.00000e+00
  300 -2.10449e-01  1.00000e+00  1.71862e-20  0.00000e+00  0.00000e+00  1.00000e+00
  301 -2.09473e-01  1.00000e+00 -6.27922e-21  0.00000e+00  0.00000e+00  1.00000e+00
  302 -2.08496e-01  1.00000e+00 -7.42778e-21  0.00000e+00  0.00000e+00  1.00000e+00
  303 -2.07520e-01  1.00000e+00 -2.76390e-21  0.00000e+00  0.00000e+00  1.00000e+00
  304 -2.06543e-01  1.00000e+00 -3.37898e-21  0.00000e+00  0.00000e+00  1.00000e+00
  305 -2.05566e-01  1.00000e+00  8.09043e-17  0.00000e+00  0.00000e+00  1.00000e+00
  306 -2.04590e-01  1.00000e+00  4.12995e-21  0.00000e+00  0.00000e+00  1.00000e+00
  307 -2.03613e-01  1.00000e+00 -5.03929e-21  0.00000e+00  0.00000e+00  1.00000e+00
  308 -2.02637e-01  1.00000e+00  3.29890e-21  0.00000e+00  0.00000e+00  1.00000e+00
  309 -2.01660e-01  1.00000e+00 -5.68672e-21  0.00000e+00  0.00000e+00  1.00000e+00
  310 -2.00684e-01  1.00000e+00  1.18878e-20  0.00000e+00  0.00000e+00  1.00000e+00
  311 -1.99707e-01  1.00000e+00 -1.97776e-20  0.00000e+00  0.00000e+00  1.00000e+00
  312 -1.98730e-01  1.00000e+00  9.58919e-21  0.00000e+00  0.00000e+00  1.00000e+00
  313 -1.97754e-01  1.00000e+00  1.76837e-20  0.00000e+00  0.00000e+00  1.00000e+00
  314 -1.96777e-01  1.00000e+00 -2.12274e-21  0.00000e+00  0.00000e+00  1.00000e+00
  315 -1.95801e-01  1.00000e+00 -2.66048e-20  0.00000e+00  0.00000e+00  1.00000e+00
  316 -1.94824e-01  1.00000e+00  8.09051e-17  0.00000e+00  0.00000e+00  1.00000e+00
  317 -1.93848e-01  1.00000e+00  1.57533e-20  0.00000e+00  0.00000e+00  1.00000e+00
  318 -1.92871e-01  1.00000e+00 -1.15959e-20  0.00000e+00  0.00000e+00  1.00000e+00
  319 -1.91895e-01  1.00000e+00 -7.45489e-21  0.00000e+00  0.00000e+00  1.00000e+00
  320 -1.90918e-01  1.00000e+00 -1.33987e-20  0.00000e+00  0.00000e+00  1.00000e+00
  321 -1.89941e-01  1.00000e+00  2.03907e-21  0.00000e+00  0.00000e+00  1.00000e+00
  322 -1.88965e-01  1.00000e+00  8.09050e-17  0.00000e+00  0.00000e+00  1.00000e+00
  323 -1.87988e-01  1.00000e+00  2.59369e-21  0.00000e+00  0.00000e+00  1.00000e+00
  324 -1.87012e-01  1.00000e+00 -4.96238e-21  0.00000e+00  0.00000e+00  1.00000e+00
  325 -1.86035e-01  1.00000e+00 -9.57828e-22  0.00000e+00  0.00000e+00  1.00000e+00
  326 -1.85059e-01  1.00000e+00 -2.91656e-20  0.00000e+00  0.00000e+00  1.00000e+00
  327 -1.84082e-01  1.00000e+00  1.24526e-20  0.00000e+00  0.00000e+00  1.00000e+00
  328 -1.83105e-01  1.00000e+00  2.41442e-20  0.00000e+00  0.00000e+00  1.00000e+00
  329 -1.82129e-01  1.00000e+00  1.58546e-21  0.00000e+00  0.00000e+00  1.00000e+00
  330 -1.81152e-01  1.00000e+00 -5.91686e-21  0.00000e+00  0.00000e+00  1.00000e+00
  331 -1.80176e-01  1.00000e+00  8.35282e-22  0.00000e+00  0.00000e+00  1.00000e+00
  332 -1.79199e-01  1.00000e+00 -1.96971e-20  0.00000e+00  0.00000e+00  1.00000e+00
  333 -1.78223e-01  1.00000e+00 -2.54076e-21  0.00000e+00  0.00000e+00  1.00000e+00
  334 -1.77246e-01  1.00000e+00  8.09213e-17  0.00000e+00  0.00000e+00  1.00000e+00
  335 -1.76270e-01  1.00000e+00 -8.53389e-21  0.00000e+00  0.00000e+00  1.00000e+00
  336 -1.75293e-01  1.00000e+00 -9.49732e-21  0.00000e+00  0.00000e+00  1.00000e+00
  337 -1.74316e-01  1.00000e+00 -8.15130e-21  0.00000e+00  0.00000e+00  1.00000e+00
  338 -1.73340e-01  1.00000e+00 -3.55995e-21  0.00000e+00  0.00000e+00  1.00000e+00
  339 -1.72363e-01  1.00000e+00 -3.72214e-21  0.00000e+00  0.00000e+00  1.00000e+00
  340 -1.71387e-01  1.00000e+00 -2.20222e-22  0.00000e+00  0.00000e+00  1.00000e+00
  341 -1.70410e-01  1.00000e+00 -7.48550e-21  0.00000e+00  0.00000e+00  1.00000e+00
  342 -1.69434e-01  1.00000e+00  1.08647e-21  0.00000e+00  0.00000e+00  1.00000e+00
  343 -1.68457e-01  1.00000e+00  8.08809e-17  0.00000e+00  0.00000e+00  1.00000e+00
  344 -1.67480e-01  1.00000e+00  5.33609e-21  0.00000e+00  0.00000e+00  1.00000e+00
  345 -1.66504e-01  1.00000e+00  7.90964e-21  0.00000e+00  0.00000e+00  1.00000e+00
  346 -1.65527e-01  1.00000e+00  7.16864e-21  0.00000e+00  0.00000e+00  1.00000e+00
  347 -1.64551e-01  1.00000e+00 -5.99646e-21  0.00000e+00  0.00000e+00  1.00000e+00
  348 -1.63574e-01  1.00000e+00 -1.15119e-21  0.00000e+00  0.00000e+00  1.00000e+00
  349 -1.62598e-01  1.00000e+00 -1.65821e-20  0.00000e+00  0.00000e+00  1.00000e+00
  350 -1.61621e-01  1.00000e+00  4.55798e-21  0.00000e+00  0.00000e+00  1.00000e+00
  351 -1.60645e-01  1.00000e+00  1.40477e-20  0.00000e+00  0.00000e+00  1.00000e+00
  352 -1.59668e-01  1.00000e+00 -4.29142e-21  0.00000e+00  0.00000e+00  1.00000e+00
  353 -1.58691e-01  1.00000e+00 -8.42025e-22  0.00000e+00  0.00000e+00  1.00000e+00
  354 -1.57715e-01  1.00000e+00 -1.09035e-20  0.00000e+00  0.00000e+00  1.00000e+00
  355 -1.56738e-01  1.00000e+00  8.09049e-17  0.00000e+00  0.00000e+00  1.00000e+00
  356 -1.55762e-01  1.00000e+00 -1.09541e-20  0.00000e+00  0.00000e+00  1.00000e+00
  357 -1.54785e-01  1.00000e+00 -9.90597e-21  0.00000e+00  0.00000e+00  1.00000e+00
  358 -1.53809e-01  1.00000e+00 -1.31860e-20  0.00000e+00  0.00000e+00  1.00000e+00
  359 -1.52832e-01  1.00000e+00 -1.70743e-21  0.00000e+00  0.00000e+00  1.00000e+00
  360 -1.51855e-01  1.00000e+00 -1.32199e-21  0.00000e+00  0.00000e+00  1.00000e+00
  361 -1.50879e-01  1.00000e+00 -2.27453e-20  0.00000e+00  0.00000e+00  1.00000e+00
  362 -1.49902e-01  1.00000e+00 -8.57836e-21  0.00000e+00  0.00000e+00  1.00000e+00
  363 -1.48926e-01  1.00000e+00  1.79310e-20  0.00000e+00  0.00000e+00  1.00000e+00
  364 -1.47949e-01  1.00000e+00  4.95590e-21  0.00000e+00  0.00000e+00  1.00000e+00
  365 -1.46973e-01  1.00000e+00 -3.92797e-21  0.00000e+00  0.00000e+00  1.00000e+00
  366 -1.45996e-01  1.00000e+00  2.23801e-21  0.00000e+00  0.00000e+00  1.00000e+00
  367 -1.45020e-01  1.00000e+00  1.61812e-16  0.00000e+00  0.00000e+00  1.00000e+00
  368 -1.44043e-01  1.00000e+00  1.49679e-15  0.00000e+00  0.00000e+00  1.00000e+00
  369 -1.43066e-01  1.00000e+00  1.71928e-14  0.00000e+00  0.00000e+00  1.00000e+00
  370 -1.42090e-01  1.00000e+00  1.89688e-13  0.00000e+00  0.00000e+00  1.00000e+00
  371 -1.41113e-01  1.00000e+00  2.04000e-12  0.00000e+00  0.00000e+00  1.00000e+00
  372 -1.40137e-01  1.00000e+00  2.19188e-11  0.00000e+00  0.00000e+00  1.00000e+00
  373 -1.39160e-01  1.00000e+00  2.35263e-10  0.00000e+00  0.00000e+00  1.00000e+00
  374 -1.38184e-01  1.00000e+00  2.52411e-09  0.00000e+00  0.00000e+00  1.00000e+00
  375 -1.37207e-01  1.00000e+00  2.70772e-08  0.00000e+00  0.00000e+00  1.00000e+00
  376 -1.36230e-01  1.00000e+00  2.89956e-07  0.00000e+00  0.00000e+00  1.00000e+00
  377 -1.35254e-01  9.99997e-01  3.10244e-06  0.00000e+00  0.00000e+00  9.99996e-01
  378 -1.34277e-01  9.99972e-01  3.29665e-05  0.00000e+00  0.00000e+00  9.99961e-01
  379 -1.33301e-01  9.99745e-01  3.02174e-04  0.00000e+00  0.00000e+00  9.99643e-01
  380 -1.32324e-01  9.98768e-01  1.45798e-03  0.00000e+00  0.00000e+00  9.98276e-01
  381 -1.31348e-01  9.96567e-01  4.06826e-03  0.00000e+00  0.00000e+00  9.95197e-01
  382 -1.30371e-01  9.93087e-01  8.20388e-03  0.00000e+00  0.00000e+00  9.90336e-01
  383 -1.29395e-01  9.88620e-01  1.35296e-02  0.00000e+00  0.00000e+00  9.84105e-01
  384 -1.28418e-01  9.83534e-01  1.96159e-02  0.00000e+00  0.00000e+00  9.77025e-01
  385 -1.27441e-01  9.78107e-01  2.61383e-02  0.00000e+00  0.00000e+00  9.69486e-01
  386 -1.26465e-01  9.72500e-01  3.29068e-02  0.00000e+00  0.00000e+00  9.61714e-01
  387 -1.25488e-01  9.66797e-01  3.98236e-02  0.00000e+00  0.00000e+00  9.53828e-01
  388 -1.24512e-01  9.61040e-01  4.68389e-02  0.00000e+00  0.00000e+00  9.45886e-01
  389 -1.23535e-01  9.55253e-01  5.39250e-02  0.00000e+00  0.00000e+00  9.37921e-01
  390 -1.22559e-01  9.49450e-01  6.10647e-02  0.00000e+00  0.00000e+00  9.29954e-01
  391 -1.21582e-01  9.43642e-01  6.82460e-02  0.00000e+00  0.00000e+00  9.21999e-01
  392 -1.20605e-01  9.37835e-01  7.54603e-02  0.00000e+00  0.00000e+00  9.14066e-01
  393 -1.19629e-01  9.32036e-01  8.27014e-02  0.00000e+00  0.00000e+00  9.06163e-01
  394 -1.18652e-01  9.26248e-01  8.99645e-02  0.00000e+00  0.00000e+00  8.98295e-01
  395 -1.17676e-01  9.20475e-01  9.72458e-02  0.00000e+00  0.00000e+00  8.90466e-01
  396 -1.16699e-01  9.14718e-01  1.04543e-01  0.00000e+00  0.00000e+00  8.82679e-01
  397 -1.15723e-01  9.08980e-01  1.11853e-01  0.00000e+00  0.00000e+00  8.74936e-01
  398 -1.14746e-01  9.03261e-01  1.19174e-01  0.00000e+00  0.00000e+00  8.67240e-01
  399 -1.13770e-01  8.97564e-01  1.26505e-01  0.00000e+00  0.00000e+00  8.59592e-01
  400 -1.12793e-01  8.91889e-01  1.33845e-01  0.00000e+00  0.00000e+00  8.51993e-01
  401 -1.11816e-01  8.86237e-01  1.41192e-01  0.00000e+00  0.00000e+00  8.44444e-01
  402 -1.10840e-01  8.80609e-01  1.48546e-01  0.00000e+00  0.00000e+00  8.36945e-01
  403 -1.09863e-01  8.75005e-01  1.55905e-01  0.00000e+00  0.00000e+00  8.29498e-01
  404 -1.08887e-01  8.69426e-01  1.63270e-01  0.00000e+00  0.00000e+00  8.22103e-01
  405 -1.07910e-01  8.63871e-01  1.70639e-01  0.00000e+00  0.00000e+00  8.14759e-01
  406 -1.06934e-01  8.58342e-01  1.78013e-01  0.00000e+00  0.00000e+00  8.07468e-01
  407 -1.05957e-01  8.52839e-01  1.85390e-01  0.00000e+00  0.00000e+00  8.00230e-01
  408 -1.04980e-01  8.47362e-01  1.92770e-01  0.00000e+00  0.00000e+00  7.93043e-01
  409 -1.04004e-01  8.41910e-01  2.00153e-01  0.00000e+00  0.00000e+00  7.85910e-01
  410 -1.03027e-01  8.36485e-01  2.07539e-01  0.00000e+00  0.00000e+00  7.78829e-01
  411 -1.02051e-01  8.31086e-01  2.14927e-01  0.00000e+00  0.00000e+00  7.71801e-01
  412 -1.01074e-01  8.25714e-01  2.22317e-01  0.00000e+00  0.00000e+00  7.64825e-01
  413 -1.00098e-01  8.20368e-01  2.29709e-01  0.00000e+00  0.00000e+00  7.57901e-01
  414 -9.91211e-02  8.15049e-01  2.37102e-01  0.00000e+00  0.00000e+00  7.51030e-01
  415 -9.81445e-02  8.09756e-01  2.44497e-01  0.00000e+00  0.00000e+00  7.44212e-01
  416 -9.71680e-02  8.04490e-01  2.51893e-01  0.00000e+00  0.00000e+00  7.37445e-01
  417 -9.61914e-02  7.99251e-01  2.59290e-01  0.00000e+00  0.00000e+00  7.30730e-01
  418 -9.52148e-02  7.94039e-01  2.66687e-01  0.00000e+00  0.00000e+00  7.24067e-01
  419 -9.42383e-02  7.88853e-01  2.74086e-01  0.00000e+00  0.00000e+00  7.17455e-01
  420 -9.32617e-02  7.83694e-01  2.81485e-01  0.00000e+00  0.00000e+00  7.10895e-01
  421 -9.22852e-02  7.78562e-01  2.88884e-01  0.00000e+00  0.00000e+00  7.04386e-01
  422 -9.13086e-02  7.73456e-01  2.96284e-01  0.00000e+00  0.00000e+00  6.97928e-01
  423 -9.03320e-02  7.68378e-01  3.03684e-01  0.00000e+00  0.00000e+00  6.91521e-01
  424 -8.93555e-02  7.63326e-01  3.11083e-01  0.00000e+00  0.00000e+00  6.85164e-01
  425 -8.83789e-02  7.58300e-01  3.18483e-01  0.00000e+00  0.00000e+00  6.78857e-01
  426 -8.74023e-02  7.53302e-01  3.25882e-01  0.00000e+00  0.00000e+00  6.72600e-01
  427 -8.64258e-02  7.48330e-01  3.33282e-01  0.00000e+00  0.00000e+00  6.66393e-01
  428 -8.54492e-02  7.43384e-01  3.40680e-01  0.00000e+00  0.00000e+00  6.60236e-01
  429 -8.44727e-02  7.38465e-01  3.48078e-01  0.00000e+00  0.00000e+00  6.54128e-01
  430 -8.34961e-02  7.33573e-01  3.55476e-01  0.00000e+00  0.00000e+00  6.48068e-01
  431 -8.25195e-02  7.28707e-01  3.62873e-01  0.00000e+00  0.00000e+00  6.42058e-01
  432 -8.15430e-02  7.23867e-01  3.70269e-01  0.00000e+00  0.00000e+00  6.36096e-01
  433 -8.05664e-02  7.19054e-01  3.77664e-01  0.00000e+00  0.00000e+00  6.30183e-01
  434 -7.95898e-02  7.14267e-01  3.85058e-01  0.00000e+00  0.00000e+00  6.24317e-01
  435 -7.86133e-02  7.09506e-01  3.92450e-01  0.00000e+00  0.00000e+00  6.18499e-01
  436 -7.76367e-02  7.04772e-01  3.99842e-01  0.00000e+00  0.00000e+00  6.12729e-01
  437 -7.66602e-02  7.00064e-01  4.07232e-01  0.00000e+00  0.00000e+00  6.07006e-01
  438 -7.56836e-02  6.95381e-01  4.14621e-01  0.00000e+00  0.00000e+00  6.01330e-01
  439 -7.47070e-02  6.90725e-01  4.22008e-01  0.00000e+00  0.00000e+00  5.95700e-01
  440 -7.37305e-02  6.86095e-01  4.29394e-01  0.00000e+00  0.00000e+00  5.90117e-01
  441 -7.27539e-02  6.81491e-01  4.36778e-01  0.00000e+00  0.00000e+00  5.84581e-01
  442 -7.17773e-02  6.76913e-01  4.44160e-01  0.00000e+00  0.00000e+00  5.79090e-01
  443 -7.08008e-02  6.72360e-01  4.51540e-01  0.00000e+00  0.00000e+00  5.73645e-01
  444 -6.98242e-02  6.67834e-01  4.58917e-01  0.00000e+00  0.00000e+00  5.68245e-01
  445 -6.88477e-02  6.63333e-01  4.66293e-01  0.00000e+00  0.00000e+00  5.62891e-01
  446 -6.78711e-02  6.58858e-01  4.73666e-01  0.00000e+00  0.00000e+00  5.57582e-01
  447 -6.68945e-02  6.54408e-01  4.81037e-01  0.00000e+00  0.00000e+00  5.52317e-01
  448 -6.59180e-02  6.49985e-01  4.88406e-01  0.00000e+00  0.00000e+00  5.47097e-01
  449 -6.49414e-02  6.45586e-01  4.95771e-01  0.00000e+00  0.00000e+00  5.41921e-01
  450 -6.39648e-02  6.41214e-01  5.03133e-01  0.00000e+00  0.00000e+00  5.36790e-01
  451 -6.29883e-02  6.36867e-01  5.10493e-01  0.00000e+00  0.00000e+00  5.31702e-01
  452 -6.20117e-02  6.32545e-01  5.17849e-01  0.00000e+00  0.00000e+00  5.26657e-01
  453 -6.10352e-02  6.28249e-01  5.25202e-01  0.00000e+00  0.00000e+00  5.21657e-01
  454 -6.00586e-02  6.23979e-01  5.32551e-01  0.00000e+00  0.00000e+00  5.16699e-01
  455 -5.90820e-02  6.19734e-01  5.39896e-01  0.00000e+00  0.00000e+00  5.11784e-01
  456 -5.81055e-02  6.15514e-01  5.47237e-01  0.00000e+00  0.00000e+00  5.06913e-01
  457 -5.71289e-02  6.11320e-01  5.54574e-01  0.00000e+00  0.00000e+00  5.02083e-01
  458 -5.61523e-02  6.07151e-01  5.61907e-01  0.00000e+00  0.00000e+00  4.97296e-01
  459 -5.51758e-02  6.03008e-01  5.69234e-01  0.00000e+00  0.00000e+00  4.92552e-01
  460 -5.41992e-02  5.98890e-01  5.76557e-01  0.00000e+00  0.00000e+00  4.87849e-01
  461 -5.32227e-02  5.94798e-01  5.83874e-01  0.00000e+00  0.00000e+00  4.83189e-01
  462 -5.22461e-02  5.90731e-01  5.91185e-01  0.00000e+00  0.00000e+00  4.78570e-01
  463 -5.12695e-02  5.86690e-01  5.98491e-01  0.00000e+00  0.00000e+00  4.73993e-01
  464 -5.02930e-02  5.82674e-01  6.05790e-01  0.00000e+00  0.00000e+00  4.69457e-01
  465 -4.93164e-02  5.78685e-01  6.13083e-01  0.00000e+00  0.00000e+00  4.64963e-01
  466 -4.83398e-02  5.74720e-01  6.20369e-01  0.00000e+00  0.00000e+00  4.60510e-01
  467 -4.73633e-02  5.70782e-01  6.27647e-01  0.00000e+00  0.00000e+00  4.56098e-01
  468 -4.63867e-02  5.66869e-01  6.34917e-01  0.00000e+00  0.00000e+00  4.51727e-01
  469 -4.54102e-02  5.62982e-01  6.42179e-01  0.00000e+00  0.00000e+00  4.47396e-01
  470 -4.44336e-02  5.59122e-01  6.49433e-01  0.00000e+00  0.00000e+00  4.43107e-01
  471 -4.34570e-02  5.55287e-01  6.56677e-01  0.00000e+00  0.00000e+00  4.38858e-01
  472 -4.24805e-02  5.51478e-01  6.63912e-01  0.00000e+00  0.00000e+00  4.34650e-01
  473 -4.15039e-02  5.47696e-01  6.71136e-01  0.00000e+00  0.00000e+00  4.30482e-01
  474 -4.05273e-02  5.43940e-01  6.78350e-01  0.00000e+00  0.00000e+00  4.26354e-01
  475 -3.95508e-02  5.40210e-01  6.85553e-01  0.00000e+00  0.00000e+00  4.22267e-01
  476 -3.85742e-02  5.36507e-01  6.92744e-01  0.00000e+00  0.00000e+00  4.18220e-01
  477 -3.75977e-02  5.32830e-01  6.99923e-01  0.00000e+00  0.00000e+00  4.14213e-01
  478 -3.66211e-02  5.29180e-01  7.07089e-01  0.00000e+00  0.00000e+00  4.10246e-01
  479 -3.56445e-02  5.25557e-01  7.14243e-01  0.00000e+00  0.00000e+00  4.06318e-01
  480 -3.46680e-02  5.21959e-01  7.21383e-01  0.00000e+00  0.00000e+00  4.02430e-01
  481 -3.36914e-02  5.18389e-01  7.28510e-01  0.00000e+00  0.00000e+00  3.98581e-01
  482 -3.27148e-02  5.14844e-01  7.35624e-01  0.00000e+00  0.00000e+00  3.94771e-01
  483 -3.17383e-02  5.11326e-01  7.42724e-01  0.00000e+00  0.00000e+00  3.90999e-01
  484 -3.07617e-02  5.07834e-01  7.49810e-01  0.00000e+00  0.00000e+00  3.87266e-01
  485 -2.97852e-02  5.04366e-01  7.56884e-01  0.00000e+00  0.00000e+00  3.83569e-01
  486 -2.88086e-02  5.00924e-01  7.63946e-01  0.00000e+00  0.00000e+00  3.79909e-01
  487 -2.78320e-02  4.97506e-01  7.70997e-01  0.00000e+00  0.00000e+00  3.76285e-01
  488 -2.68555e-02  4.94111e-01  7.78037e-01  0.00000e+00  0.00000e+00  3.72695e-01
  489 -2.58789e-02  4.90740e-01  7.85069e-01  0.00000e+00  0.00000e+00  3.69139e-01
  490 -2.49023e-02  4.87389e-01  7.92095e-01  0.00000e+00  0.00000e+00  3.65616e-01
  491 -2.39258e-02  4.84059e-01  7.99115e-01  0.00000e+00  0.00000e+00  3.62123e-01
  492 -2.29492e-02  4.80749e-01  8.06134e-01  0.00000e+00  0.00000e+00  3.58661e-01
  493 -2.19727e-02  4.77456e-01  8.13153e-01  0.00000e+00  0.00000e+00  3.55227e-01
  494 -2.09961e-02  4.74180e-01  8.20175e-01  0.00000e+00  0.00000e+00  3.51819e-01
  495 -2.00195e-02  4.70920e-01  8.27202e-01  0.00000e+00  0.00000e+00  3.48437e-01
  496 -1.90430e-02  4.67674e-01  8.34237e-01  0.00000e+00  0.00000e+00  3.45079e-01
  497 -1.80664e-02  4.64441e-01  8.41283e-01  0.00000e+00  0.00000e+00  3.41744e-01
  498 -1.70898e-02  4.61220e-01  8.48341e-01  0.00000e+00  0.00000e+00  3.38431e-01
  499 -1.61133e-02  4.58012e-01  8.55412e-01  0.00000e+00  0.00000e+00  3.35139e-01
  500 -1.51367e-02  4.54815e-01  8.62497e-01  0.00000e+00  0.00000e+00  3.31869e-01
  501 -1.41602e-02  4.51629e-01  8.69595e-01  0.00000e+00  0.00000e+00  3.28619e-01
  502 -1.31836e-02  4.48457e-01  8.76706e-01  0.00000e+00  0.00000e+00  3.25392e-01
  503 -1.22070e-02  4.45298e-01  8.83826e-01  0.00000e+00  0.00000e+00  3.22188e-01
  504 -1.12305e-02  4.42155e-01  8.90949e-01  0.00000e+00  0.00000e+00  3.19009e-01
  505 -1.02539e-02  4.39032e-01  8.98067e-01  0.00000e+00  0.00000e+00  3.15859e-01
  506 -9.27734e-03  4.35937e-01  9.05164e-01  0.00000e+00  0.00000e+00  3.12745e-01
  507 -8.30078e-03  4.32883e-01  9.12205e-01  0.00000e+00  0.00000e+00  3.09682e-01
  508 -7.32422e-03  4.29918e-01  9.19077e-01  0.00000e+00  0.00000e+00  3.06717e-01
  509 -6.34766e-03  4.27214e-01  9.25379e-01  0.00000e+00  0.00000e+00  3.04019e-01
  510 -5.37109e-03  4.25269e-01  9.29928e-01  0.00000e+00  0.00000e+00  3.02083e-01
  511 -4.39453e-03  4.24680e-01  9.31307e-01  0.00000e+00  0.00000e+00  3.01497e-01
  512 -3.41797e-03  4.24647e-01  9.31387e-01  0.00000e+00  0.00000e+00  3.01464e-01
  513 -2.44141e-03  4.24997e-01  9.30565e-01  0.00000e+00  0.00000e+00  3.01812e-01
  514 -1.46484e-03  4.25641e-01  9.29054e-01  0.00000e+00  0.00000e+00  3.02453e-01
  515 -4.88281e-04  4.25757e-01  9.28783e-01  0.00000e+00  0.00000e+00  3.02568e-01
  516  4.88281e-04  4.25772e-01  9.28748e-01  0.00000e+00  0.00000e+00  3.02583e-01
  517  1.46484e-03  4.25781e-01  9.28726e-01  0.00000e+00  0.00000e+00  3.02592e-01
  518  2.44141e-03  4.25813e-01  9.28653e-01  0.00000e+00  0.00000e+00  3.02623e-01
  519  3.41797e-03  4.25899e-01  9.28452e-01  0.00000e+00  0.00000e+00  3.02709e-01
  520  4.39453e-03  4.26041e-01  9.28120e-01  0.00000e+00  0.00000e+00  3.02850e-01
  521  5.37109e-03  4.26153e-01  9.27858e-01  0.00000e+00  0.00000e+00  3.02961e-01
  522  6.34766e-03  4.26180e-01  9.27794e-01  0.00000e+00  0.00000e+00  3.02988e-01
  523  7.32422e-03  4.26183e-01  9.27787e-01  0.00000e+00  0.00000e+00  3.02991e-01
  524  8.30078e-03  4.26181e-01  9.27791e-01  0.00000e+00  0.00000e+00  3.02990e-01
  525  9.27734e-03  4.26172e-01  9.27813e-01  0.00000e+00  0.00000e+00  3.02980e-01
  526  1.02539e-02  4.26172e-01  9.27815e-01  0.00000e+00  0.00000e+00  3.02980e-01
  527  1.12305e-02  4.26200e-01  9.27747e-01  0.00000e+00  0.00000e+00  3.03008e-01
  528  1.22070e-02  4.26297e-01  9.27521e-01  0.00000e+00  0.00000e+00  3.03105e-01
  529  1.31836e-02  4.26339e-01  9.27423e-01  0.00000e+00  0.00000e+00  3.03146e-01
  530  1.41602e-02  4.26341e-01  9.27419e-01  0.00000e+00  0.00000e+00  3.03148e-01
  531  1.51367e-02  4.26311e-01  9.27490e-01  0.00000e+00  0.00000e+00  3.03118e-01
  532  1.61133e-02  4.26260e-01  9.27608e-01  0.00000e+00  0.00000e+00  3.03068e-01
  533  1.70898e-02  4.26254e-01  9.27624e-01  0.00000e+00  0.00000e+00  3.03061e-01
  534  1.80664e-02  4.26264e-01  9.27600e-01  0.00000e+00  0.00000e+00  3.03071e-01
  535  1.90430e-02  4.26321e-01  9.27468e-01  0.00000e+00  0.00000e+00  3.03128e-01
  536  2.00195e-02  4.26348e-01  9.27404e-01  0.00000e+00  0.00000e+00  3.03155e-01
  537  2.09961e-02  4.26349e-01  9.27403e-01  0.00000e+00  0.00000e+00  3.03155e-01
  538  2.19727e-02  4.26319e-01  9.27474e-01  0.00000e+00  0.00000e+00  3.03125e-01
  539  2.29492e-02  4.26266e-01  9.27597e-01  0.00000e+00  0.00000e+00  3.03073e-01
  540  2.39258e-02  4.26258e-01  9.27616e-01  0.00000e+00  0.00000e+00  3.03065e-01
  541  2.49023e-02  4.26266e-01  9.27598e-01  0.00000e+00  0.00000e+00  3.03072e-01
  542  2.58789e-02  4.26321e-01  9.27470e-01  0.00000e+00  0.00000e+00  3.03127e-01
  543  2.68555e-02  4.26355e-01  9.27390e-01  0.00000e+00  0.00000e+00  3.03161e-01
  544  2.78320e-02  4.26357e-01  9.27385e-01  0.00000e+00  0.00000e+00  3.03163e-01
  545  2.88086e-02  4.26332e-01  9.27444e-01  0.00000e+00  0.00000e+00  3.03138e-01
  546  2.97852e-02  4.26269e-01  9.27592e-01  0.00000e+00  0.00000e+00  3.03075e-01
  547  3.07617e-02  4.26255e-01  9.27625e-01  0.00000e+00  0.00000e+00  3.03061e-01
  548  3.17383e-02  4.26264e-01  9.27606e-01  0.00000e+00  0.00000e+00  3.03069e-01
  549  3.27148e-02  4.26332e-01  9.27448e-01  0.00000e+00  0.00000e+00  3.03136e-01
  550  3.36914e-02  4.26370e-01  9.27359e-01  0.00000e+00  0.00000e+00  3.03174e-01
  551  3.46680e-02  4.26371e-01  9.27357e-01  0.00000e+00  0.00000e+00  3.03175e-01
  552  3.56445e-02  4.26334e-01  9.27444e-01  0.00000e+00  0.00000e+00  3.03138e-01
  553  3.66211e-02  4.26261e-01  9.27614e-01  0.00000e+00  0.00000e+00  3.03066e-01
  554  3.75977e-02  4.26249e-01  9.27644e-01  0.00000e+00  0.00000e+00  3.03053e-01
  555  3.85742e-02  4.26263e-01  9.27611e-01  0.00000e+00  0.00000e+00  3.03067e-01
  556  3.95508e-02  4.26343e-01  9.27426e-01  0.00000e+00  0.00000e+00  3.03146e-01
  557  4.05273e-02  4.26373e-01  9.27356e-01  0.00000e+00  0.00000e+00  3.03176e-01
  558  4.15039e-02  4.26372e-01  9.27359e-01  0.00000e+00  0.00000e+00  3.03175e-01
  559  4.24805e-02  4.26320e-01  9.27482e-01  0.00000e+00  0.00000e+00  3.03123e-01
  560  4.34570e-02  4.26261e-01  9.27618e-01  0.00000e+00  0.00000e+00  3.03064e-01
  561  4.44336e-02  4.26256e-01  9.27632e-01  0.00000e+00  0.00000e+00  3.03059e-01
  562  4.54102e-02  4.26279e-01  9.27578e-01  0.00000e+00  0.00000e+00  3.03082e-01
  563  4.63867e-02  4.26356e-01  9.27400e-01  0.00000e+00  0.00000e+00  3.03158e-01
  564  4.73633e-02  4.26376e-01  9.27355e-01  0.00000e+00  0.00000e+00  3.03177e-01
  565  4.83398e-02  4.26372e-01  9.27365e-01  0.00000e+00  0.00000e+00  3.03173e-01
  566  4.93164e-02  4.26316e-01  9.27497e-01  0.00000e+00  0.00000e+00  3.03117e-01
  567  5.02930e-02  4.26272e-01  9.27599e-01  0.00000e+00  0.00000e+00  3.03073e-01
  568  5.12695e-02  4.26270e-01  9.27606e-01  0.00000e+00  0.00000e+00  3.03070e-01
  569  5.22461e-02  4.26292e-01  9.27554e-01  0.00000e+00  0.00000e+00  3.03092e-01
  570  5.32227e-02  4.26359e-01  9.27400e-01  0.00000e+00  0.00000e+00  3.03158e-01
  571  5.41992e-02  4.26377e-01  9.27359e-01  0.00000e+00  0.00000e+00  3.03176e-01
  572  5.51758e-02  4.26376e-01  9.27361e-01  0.00000e+00  0.00000e+00  3.03175e-01
  573  5.61523e-02  4.26340e-01  9.27449e-01  0.00000e+00  0.00000e+00  3.03137e-01
  574  5.71289e-02  4.26284e-01  9.27580e-01  0.00000e+00  0.00000e+00  3.03082e-01
  575  5.81055e-02  4.26276e-01  9.27600e-01  0.00000e+00  0.00000e+00  3.03073e-01
  576  5.90820e-02  4.26287e-01  9.27577e-01  0.00000e+00  0.00000e+00  3.03083e-01
  577  6.00586e-02  4.26352e-01  9.27425e-01  0.00000e+00  0.00000e+00  3.03148e-01
  578  6.10352e-02  4.26389e-01  9.27338e-01  0.00000e+00  0.00000e+00  3.03185e-01
  579  6.20117e-02  4.26392e-01  9.27334e-01  0.00000e+00  0.00000e+00  3.03187e-01
  580  6.29883e-02  4.26358e-01  9.27413e-01  0.00000e+00  0.00000e+00  3.03153e-01
  581  6.39648e-02  4.26286e-01  9.27584e-01  0.00000e+00  0.00000e+00  3.03081e-01
  582  6.49414e-02  4.26276e-01  9.27617e-01  0.00000e+00  0.00000e+00  3.03067e-01
  583  6.59180e-02  4.26288e-01  9.27589e-01  0.00000e+00  0.00000e+00  3.03078e-01
  584  6.68945e-02  4.26366e-01  9.27412e-01  0.00000e+00  0.00000e+00  3.03154e-01
  585  6.78711e-02  4.26400e-01  9.27332e-01  0.00000e+00  0.00000e+00  3.03188e-01
  586  6.88477e-02  4.26401e-01  9.27332e-01  0.00000e+00  0.00000e+00  3.03188e-01
  587  6.98242e-02  4.26353e-01  9.27445e-01  0.00000e+00  0.00000e+00  3.03140e-01
  588  7.08008e-02  4.26280e-01  9.27613e-01  0.00000e+00  0.00000e+00  3.03069e-01
  589  7.17773e-02  4.26275e-01  9.27636e-01  0.00000e+00  0.00000e+00  3.03059e-01
  590  7.27539e-02  4.26296e-01  9.27590e-01  0.00000e+00  0.00000e+00  3.03079e-01
  591  7.37305e-02  4.26383e-01  9.27393e-01  0.00000e+00  0.00000e+00  3.03163e-01
  592  7.47070e-02  4.26413e-01  9.27334e-01  0.00000e+00  0.00000e+00  3.03188e-01
  593  7.56836e-02  4.26411e-01  9.27342e-01  0.00000e+00  0.00000e+00  3.03185e-01
  594  7.66602e-02  4.26354e-01  9.27483e-01  0.00000e+00  0.00000e+00  3.03125e-01
  595  7.76367e-02  4.26301e-01  9.27610e-01  0.00000e+00  0.00000e+00  3.03071e-01
  596  7.86133e-02  4.26298e-01  9.27621e-01  0.00000e+00  0.00000e+00  3.03067e-01
  597  7.95898e-02  4.26323e-01  9.27562e-01  0.00000e+00  0.00000e+00  3.03092e-01
  598  8.05664e-02  4.26403e-01  9.27383e-01  0.00000e+00  0.00000e+00  3.03168e-01
  599  8.15430e-02  4.26424e-01  9.27337e-01  0.00000e+00  0.00000e+00  3.03187e-01
  600  8.25195e-02  4.26431e-01  9.27343e-01  0.00000e+00  0.00000e+00  3.03185e-01
  601  8.34961e-02  4.26392e-01  9.27454e-01  0.00000e+00  0.00000e+00  3.03138e-01
  602  8.44727e-02  4.26342e-01  9.27580e-01  0.00000e+00  0.00000e+00  3.03084e-01
  603  8.54492e-02  4.26346e-01  9.27596e-01  0.00000e+00  0.00000e+00  3.03078e-01
  604  8.64258e-02  4.26363e-01  9.27572e-01  0.00000e+00  0.00000e+00  3.03088e-01
  605  8.74023e-02  4.26441e-01  9.27427e-01  0.00000e+00  0.00000e+00  3.03150e-01
  606  8.83789e-02  4.26485e-01  9.27335e-01  0.00000e+00  0.00000e+00  3.03189e-01
  607  8.93555e-02  4.26533e-01  9.27330e-01  0.00000e+00  0.00000e+00  3.03191e-01
  608  9.03320e-02  4.26527e-01  9.27392e-01  0.00000e+00  0.00000e+00  3.03165e-01
  609  9.13086e-02  4.26491e-01  9.27568e-01  0.00000e+00  0.00000e+00  3.03090e-01
  610  9.22852e-02  4.26501e-01  9.27616e-01  0.00000e+00  0.00000e+00  3.03070e-01
  611  9.32617e-02  4.26511e-01  9.27600e-01  0.00000e+00  0.00000e+00  3.03077e-01
  612  9.42383e-02  4.26581e-01  9.27434e-01  0.00000e+00  0.00000e+00  3.03148e-01
  613  9.52148e-02  4.26617e-01  9.27323e-01  0.00000e+00  0.00000e+00  3.03195e-01
  614  9.61914e-02  4.26610e-01  9.27318e-01  0.00000e+00  0.00000e+00  3.03198e-01
  615  9.71680e-02  4.26545e-01  9.27404e-01  0.00000e+00  0.00000e+00  3.03161e-01
  616  9.81445e-02  4.26352e-01  9.27603e-01  0.00000e+00  0.00000e+00  3.03077e-01
  617  9.91211e-02  4.25222e-01  9.27646e-01  0.00000e+00  0.00000e+00  3.03059e-01
  618  1.00098e-01  4.16561e-01  9.27615e-01  0.00000e+00  0.00000e+00  3.03072e-01
  619  1.01074e-01  3.88531e-01  9.27426e-01  0.00000e+00  0.00000e+00  3.03149e-01
  620  1.02051e-01  3.43824e-01  9.27320e-01  0.00000e+00  0.00000e+00  3.03190e-01
  621  1.03027e-01  3.00335e-01  9.27310e-01  0.00000e+00  0.00000e+00  3.03191e-01
  622  1.04004e-01  2.74131e-01  9.27355e-01  0.00000e+00  0.00000e+00  3.03173e-01
  623  1.04980e-01  2.65308e-01  9.27528e-01  0.00000e+00  0.00000e+00  3.03113e-01
  624  1.05957e-01  2.64016e-01  9.27638e-01  0.00000e+00  0.00000e+00  3.03076e-01
  625  1.06934e-01  2.63947e-01  9.27650e-01  0.00000e+00  0.00000e+00  3.03072e-01
  626  1.07910e-01  2.63967e-01  9.27637e-01  0.00000e+00  0.00000e+00  3.03078e-01
  627  1.08887e-01  2.64196e-01  9.27515e-01  0.00000e+00  0.00000e+00  3.03120e-01
  628  1.09863e-01  2.64745e-01  9.27350e-01  0.00000e+00  0.00000e+00  3.03177e-01
  629  1.10840e-01  2.65233e-01  9.27314e-01  0.00000e+00  0.00000e+00  3.03190e-01
  630  1.11816e-01  2.65455e-01  9.27313e-01  0.00000e+00  0.00000e+00  3.03190e-01
  631  1.12793e-01  2.65509e-01  9.27359e-01  0.00000e+00  0.00000e+00  3.03173e-01
  632  1.13770e-01  2.65498e-01  9.27507e-01  0.00000e+00  0.00000e+00  3.03123e-01
  633  1.14746e-01  2.65489e-01  9.27608e-01  0.00000e+00  0.00000e+00  3.03088e-01
  634  1.15723e-01  2.65497e-01  9.27623e-01  0.00000e+00  0.00000e+00  3.03084e-01
  635  1.16699e-01  2.65506e-01  9.27620e-01  0.00000e+00  0.00000e+00  3.03085e-01
  636  1.17676e-01  2.65523e-01  9.27553e-01  0.00000e+00  0.00000e+00  3.03110e-01
  637  1.18652e-01  2.65557e-01  9.27389e-01  0.00000e+00  0.00000e+00  3.03166e-01
  638  1.19629e-01  2.65569e-01  9.27312e-01  0.00000e+00  0.00000e+00  3.03192e-01
  639  1.20605e-01  2.65565e-01  9.27304e-01  0.00000e+00  0.00000e+00  3.03194e-01
  640  1.21582e-01  2.65558e-01  9.27318e-01  0.00000e+00  0.00000e+00  3.03188e-01
  641  1.22559e-01  2.65531e-01  9.27436e-01  0.00000e+00  0.00000e+00  3.03147e-01
  642  1.23535e-01  2.65491e-01  9.27617e-01  0.00000e+00  0.00000e+00  3.03086e-01
  643  1.24512e-01  2.65485e-01  9.27661e-01  0.00000e+00  0.00000e+00  3.03072e-01
  644  1.25488e-01  2.65488e-01  9.27661e-01  0.00000e+00  0.00000e+00  3.03074e-01
  645  1.26465e-01  2.65517e-01  9.27566e-01  0.00000e+00  0.00000e+00  3.03108e-01
  646  1.27441e-01  2.65571e-01  9.27364e-01  0.00000e+00  0.00000e+00  3.03176e-01
  647  1.28418e-01  2.65596e-01  9.27293e-01  0.00000e+00  0.00000e+00  3.03201e-01
  648  1.29395e-01  2.65598e-01  9.27287e-01  0.00000e+00  0.00000e+00  3.03201e-01
  649  1.30371e-01  2.65590e-01  9.27318e-01  0.00000e+00  0.00000e+00  3.03189e-01
  650  1.31348e-01  2.65551e-01  9.27500e-01  0.00000e+00  0.00000e+00  3.03127e-01
  651  1.32324e-01  2.65513e-01  9.27677e-01  0.00000e+00  0.00000e+00  3.03066e-01
  652  1.33301e-01  2.65517e-01  9.27703e-01  0.00000e+00  0.00000e+00  3.03059e-01
  653  1.34277e-01  2.65524e-01  9.27689e-01  0.00000e+00  0.00000e+00  3.03066e-01
  654  1.35254e-01  2.65558e-01  9.27536e-01  0.00000e+00  0.00000e+00  3.03119e-01
  655  1.36230e-01  2.65603e-01  9.27334e-01  0.00000e+00  0.00000e+00  3.03188e-01
  656  1.37207e-01  2.65597e-01  9.27293e-01  0.00000e+00  0.00000e+00  3.03202e-01
  657  1.38184e-01  2.65590e-01  9.27292e-01  0.00000e+00  0.00000e+00  3.03201e-01
  658  1.39160e-01  2.65567e-01  9.27370e-01  0.00000e+00  0.00000e+00  3.03173e-01
  659  1.40137e-01  2.65525e-01  9.27576e-01  0.00000e+00  0.00000e+00  3.03103e-01
  660  1.41113e-01  2.65513e-01  9.27665e-01  0.00000e+00  0.00000e+00  3.03073e-01
  661  1.42090e-01  2.65519e-01  9.27676e-01  0.00000e+00  0.00000e+00  3.03072e-01
  662  1.43066e-01  2.65530e-01  9.27654e-01  0.00000e+00  0.00000e+00  3.03082e-01
  663  1.44043e-01  2.65567e-01  9.27499e-01  0.00000e+00  0.00000e+00  3.03135e-01
  664  1.45020e-01  2.65602e-01  9.27335e-01  0.00000e+00  0.00000e+00  3.03191e-01
  665  1.45996e-01  2.65607e-01  9.27308e-01  0.00000e+00  0.00000e+00  3.03199e-01
  666  1.46973e-01  2.65612e-01  9.27313e-01  0.00000e+00  0.00000e+00  3.03196e-01
  667  1.47949e-01  2.65600e-01  9.27386e-01  0.00000e+00  0.00000e+00  3.03171e-01
  668  1.48926e-01  2.65575e-01  9.27509e-01  0.00000e+00  0.00000e+00  3.03130e-01
  669  1.49902e-01  2.65552e-01  9.27618e-01  0.00000e+00  0.00000e+00  3.03095e-01
  670  1.50879e-01  2.65540e-01  9.27674e-01  0.00000e+00  0.00000e+00  3.03080e-01
  671  1.51855e-01  2.65529e-01  9.27676e-01  0.00000e+00  0.00000e+00  3.03082e-01
  672  1.52832e-01  2.65548e-01  9.27563e-01  0.00000e+00  0.00000e+00  3.03121e-01
  673  1.53809e-01  2.65584e-01  9.27377e-01  0.00000e+00  0.00000e+00  3.03183e-01
  674  1.54785e-01  2.65599e-01  9.27305e-01  0.00000e+00  0.00000e+00  3.03206e-01
  675  1.55762e-01  2.65607e-01  9.27286e-01  0.00000e+00  0.00000e+00  3.03210e-01
  676  1.56738e-01  2.65613e-01  9.27289e-01  0.00000e+00  0.00000e+00  3.03207e-01
  677  1.57715e-01  2.65581e-01  9.27450e-01  0.00000e+00  0.00000e+00  3.03153e-01
  678  1.58691e-01  2.65528e-01  9.27703e-01  0.00000e+00  0.00000e+00  3.03069e-01
  679  1.59668e-01  2.65526e-01  9.27746e-01  0.00000e+00  0.00000e+00  3.03059e-01
  680  1.60645e-01  2.65537e-01  9.27705e-01  0.00000e+00  0.00000e+00  3.03075e-01
  681  1.61621e-01  2.65578e-01  9.27524e-01  0.00000e+00  0.00000e+00  3.03138e-01
  682  1.62598e-01  2.65609e-01  9.27398e-01  0.00000e+00  0.00000e+00  3.03180e-01
  683  1.63574e-01  2.65635e-01  9.27307e-01  0.00000e+00  0.00000e+00  3.03210e-01
  684  1.64551e-01  2.65633e-01  9.27258e-01  0.00000e+00  0.00000e+00  3.03223e-01
  685  1.65527e-01  2.65614e-01  9.27308e-01  0.00000e+00  0.00000e+00  3.03206e-01
  686  1.66504e-01  2.65541e-01  9.27600e-01  0.00000e+00  0.00000e+00  3.03108e-01
  687  1.67480e-01  2.65505e-01  9.27747e-01  0.00000e+00  0.00000e+00  3.03061e-01
  688  1.68457e-01  2.65508e-01  9.27761e-01  0.00000e+00  0.00000e+00  3.03061e-01
  689  1.69434e-01  2.65533e-01  9.27701e-01  0.00000e+00  0.00000e+00  3.03084e-01
  690  1.70410e-01  2.65575e-01  9.27542e-01  0.00000e+00  0.00000e+00  3.03138e-01
  691  1.71387e-01  2.65616e-01  9.27357e-01  0.00000e+00  0.00000e+00  3.03200e-01
  692  1.72363e-01  2.65635e-01  9.27269e-01  0.00000e+00  0.00000e+00  3.03228e-01
  693  1.73340e-01  2.65625e-01  9.27315e-01  0.00000e+00  0.00000e+00  3.03212e-01
  694  1.74316e-01  2.65591e-01  9.27479e-01  0.00000e+00  0.00000e+00  3.03155e-01
  695  1.75293e-01  2.65572e-01  9.27561e-01  0.00000e+00  0.00000e+00  3.03129e-01
  696  1.76270e-01  2.65552e-01  9.27670e-01  0.00000e+00  0.00000e+00  3.03096e-01
  697  1.77246e-01  2.65544e-01  9.27729e-01  0.00000e+00  0.00000e+00  3.03080e-01
  698  1.78223e-01  2.65538e-01  9.27762e-01  0.00000e+00  0.00000e+00  3.03071e-01
  699  1.79199e-01  2.65590e-01  9.27509e-01  0.00000e+00  0.00000e+00  3.03158e-01
  700  1.80176e-01  2.65623e-01  9.27279e-01  0.00000e+00  0.00000e+00  3.03236e-01
  701  1.81152e-01  2.65592e-01  9.27410e-01  0.00000e+00  0.00000e+00  3.03192e-01
  702  1.82129e-01  2.65606e-01  9.27353e-01  0.00000e+00  0.00000e+00  3.03212e-01
  703  1.83105e-01  2.65616e-01  9.27332e-01  0.00000e+00  0.00000e+00  3.03220e-01
  704  1.84082e-01  2.65572e-01  9.27572e-01  0.00000e+00  0.00000e+00  3.03141e-01
  705  1.85059e-01  2.65621e-01  9.27384e-01  0.00000e+00  0.00000e+00  3.03207e-01
  706  1.86035e-01  2.65430e-01  9.28390e-01  0.00000e+00  0.00000e+00  3.02872e-01
  707  1.87012e-01  2.65602e-01  9.27569e-01  0.00000e+00  0.00000e+00  3.03150e-01
  708  1.87988e-01  2.65733e-01  9.26748e-01  0.00000e+00  0.00000e+00  3.03430e-01
  709  1.88965e-01  2.65178e-01  9.29506e-01  0.00000e+00  0.00000e+00  3.02517e-01
  710  1.89941e-01  2.66290e-01  9.24683e-01  0.00000e+00  0.00000e+00  3.04222e-01
  711  1.90918e-01  2.65339e-01  9.30430e-01  0.00000e+00  0.00000e+00  3.02700e-01
  712  1.91895e-01  2.65788e-01  9.23425e-01  0.00000e+00  0.00000e+00  3.03544e-01
  713  1.92871e-01  2.36930e-01  7.77837e-01  0.00000e+00  0.00000e+00  2.58753e-01
  714  1.93848e-01  1.35709e-01  9.52915e-02  0.00000e+00  0.00000e+00  1.12898e-01
  715  1.94824e-01  1.25038e-01  3.21896e-04  0.00000e+00  0.00000e+00  1.00043e-01
  716  1.95801e-01  1.25000e-01  8.09272e-07  0.00000e+00  0.00000e+00  1.00000e-01
  717  1.96777e-01  1.25000e-01  2.07721e-09  0.00000e+00  0.00000e+00  1.00000e-01
  718  1.97754e-01  1.25000e-01  5.34261e-12  0.00000e+00  0.00000e+00  1.00000e-01
  719  1.98730e-01  1.25000e-01  1.36329e-14  0.00000e+00  0.00000e+00  1.00000e-01
  720  1.99707e-01  1.25000e-01  8.09076e-17  0.00000e+00  0.00000e+00  1.00000e-01
  721  2.00684e-01  1.25000e-01  0.00000e+00  0.00000e+00  0.00000e+00  1.00000e-01
  722  2.01660e-01  1.25000e-01  0.00000e+00  0.00000e+00  0.00000e+00  1.00000e-01
  723  2.02637e-01  1.25000e-01  0.00000e+00  0.00000e+00  0.00000e+00  1.00000e-01
  724  2.03613e-01  1.25000e-01  0.00000e+00  0.00000e+00  0.00000e+00  1.00000e-01
  725  2.04590e-01  1.25000e-01  0.00000e+00  0.00000e+00  0.00000e+00  1.00000e-01
  726  2.05566e-01  1.25000e-01  0.00000e+00  0.00000e+00  0.00000e+00  1.00000e-01
  727  2.06543e-01  1.25000e-01  0.00000e+00  0.00000e+00  0.00000e+00  1.00000e-01
  728  2.07520e-01  1.25000e-01  0.00000e+00  0.00000e+00  0.00000e+00  1.00000e-01
  729  2.08496e-01  1.25000e-01  0.00000e+00  0.00000e+00  0.00000e+00  1.00000e-01
  730  2.09473e-01  1.25000e-01  0.00000e+00  0.00000e+00  0.00000e+00  1.00000e-01
  731  2.10449e-01  1.25000e-01  0.00000e+00  0.00000e+00  0.00000e+00  1.00000e-01
  732  2.11426e-01  1.25000e-01  0.00000e+00  0.00000e+00  0.00000e+00  1.00000e-01
  733  2.12402e-01  1.25000e-01  0.00000e+00  0.00000e+00  0.00000e+00  1.00000e-01
  734  2.13379e-01  1.25000e-01  0.00000e+00  0.00000e+00  0.00000e+00  1.00000e-01
  735  2.14355e-01  1.25000e-01  0.00000e+00  0.00000e+00  0.00000e+00  1.00000e-01
  736  2.15332e-01  1.25000e-01  0.00000e+00  0.00000e+00  0.00000e+00  1.00000e-01
  737  2.16309e-01  1.25000e-01  0.00000e+00  0.00000e+00  0.00000e+00  1.00000e-01
  738  2.17285e-01  1.25000e-01  0.00000e+00  0.00000e+00  0.00000e+00  1.00000e-01
  739  2.18262e-01  1.25000e-01  0.00000e+00  0.00000e+00  0.00000e+00  1.00000e-01
  740  2.19238e-01  1.25000e-01  0.00000e+00  0.00000e+00  0.00000e+00  1.00000e-01
  741  2.20215e-01  1.25000e-01  0.00000e+00  0.00000e+00  0.00000e+00  1.00000e-01
  742  2.21191e-01  1.25000e-01  0.00000e+00  0.00000e+00  0.00000e+00  1.00000e-01
  743  2.22168e-01  1.25000e-01  0.00000e+00  0.00000e+00  0.00000e+00  1.00000e-01
  744  2.23145e-01  1.25000e-01  0.00000e+00  0.00000e+00  0.00000e+00  1.00000e-01
  745  2.24121e-01  1.25000e-01  0.00000e+00  0.00000e+00  0.00000e+00  1.00000e-01
  746  2.25098e-01  1.25000e-01  0.00000e+00  0.00000e+00  0.00000e+00  1.00000e-01
  747  2.26074e-01  1.25000e-01  0.00000e+00  0.00000e+00  0.00000e+00  1.00000e-01
  748  2.27051e-01  1.25000e-01  0.00000e+00  0.00000e+00  0.00000e+00  1.00000e-01
  749  2.28027e-01  1.25000e-01  0.00000e+00  0.00000e+00  0.00000e+00  1.00000e-01
  750  2.29004e-01  1.25000e-01  0.00000e+00  0.00000e+00  0.00000e+00  1.00000e-01
  751  2.29980e-01  1.25000e-01  0.00000e+00  0.00000e+00  0.00000e+00  1.00000e-01
  752  2.30957e-01  1.25000e-01  0.00000e+00  0.00000e+00  0.00000e+00  1.00000e-01
  753  2.31934e-01  1.25000e-01  0.00000e+00  0.00000e+00  0.00000e+00  1.00000e-01
  754  2.32910e-01  1.25000e-01  0.00000e+00  0.00000e+00  0.00000e+00  1.00000e-01
  755  2.33887e-01  1.25000e-01  0.00000e+00  0.00000e+00  0.00000e+00  1.00000e-01
  756  2.34863e-01  1.25000e-01  0.00000e+00  0.00000e+00  0.00000e+00  1.00000e-01
  757  2.35840e-01  1.25000e-01  0.00000e+00  0.00000e+00  0.00000e+00  1.00000e-01
  758  2.36816e-01  1.25000e-01  0.00000e+00  0.00000e+00  0.00000e+00  1.00000e-01
  759  2.37793e-01  1.25000e-01  0.00000e+00  0.00000e+00  0.00000e+00  1.00000e-01
  760  2.38770e-01  1.25000e-01  0.00000e+00  0.00000e+00  0.00000e+00  1.00000e-01
  761  2.39746e-01  1.25000e-01  0.00000e+00  0.00000e+00  0.00000e+00  1.00000e-01
  762  2.40723e-01  1.25000e-01  0.00000e+00  0.00000e+00  0.00000e+00  1.00000e-01
  763  2.41699e-01  1.25000e-01  0.00000e+00  0.00000e+00  0.00000e+00  1.00000e-01
  764  2.42676e-01  1.25000e-01  0.00000e+00  0.00000e+00  0.00000e+00  1.00000e-01
  765  2.43652e-01  1.25000e-01  0.00000e+00  0.00000e+00  0.00000e+00  1.00000e-01
  766  2.44629e-01  1.25000e-01  0.00000e+00  0.00000e+00  0.00000e+00  1.00000e-01
  767  2.45605e-01  1.25000e-01  0.00000e+00  0.00000e+00  0.00000e+00  1.00000e-01
  768  2.46582e-01  1.25000e-01  0.00000e+00  0.00000e+00  0.00000e+00  1.00000e-01
  769  2.47559e-01  1.25000e-01  0.00000e+00  0.00000e+00  0.00000e+00  1.00000e-01
  770  2.48535e-01  1.25000e-01  0.00000e+00  0.00000e+00  0.00000e+00  1.00000e-01
  771  2.49512e-01  1.25000e-01  0.00000e+00  0.00000e+00  0.00000e+00  1.00000e-01
  772  2.50488e-01  1.25000e-01  0.00000e+00  0.00000e+00  0.00000e+00  1.00000e-01
  773  2.51465e-01  1.25000e-01  0.00000e+00  0.00000e+00  0.00000e+00  1.00000e-01
  774  2.52441e-01  1.25000e-01  0.00000e+00  0.00000e+00  0.00000e+00  1.00000e-01
  775  2.53418e-01  1.25000e-01  0.00000e+00  0.00000e+00  0.00000e+00  1.00000e-01
  776  2.54395e-01  1.25000e-01  0.00000e+00  0.00000e+00  0.00000e+00  1.00000e-01
  777  2.55371e-01  1.25000e-01  0.00000e+00  0.00000e+00  0.00000e+00  1.00000e-01
  778  2.56348e-01  1.25000e-01  0.00000e+00  0.00000e+00  0.00000e+00  1.00000e-01
  779  2.57324e-01  1.25000e-01  0.00000e+00  0.00000e+00  0.00000e+00  1.00000e-01
  780  2.58301e-01  1.25000e-01  0.00000e+00  0.00000e+00  0.00000e+00  1.00000e-01
  781  2.59277e-01  1.25000e-01  0.00000e+00  0.00000e+00  0.00000e+00  1.00000e-01
  782  2.60254e-01  1.25000e-01  0.00000e+00  0.00000e+00  0.00000e+00  1.00000e-01
  783  2.61230e-01  1.25000e-01  0.00000e+00  0.00000e+00  0.00000e+00  1.00000e-01
  784  2.62207e-01  1.25000e-01  0.00000e+00  0.00000e+00  0.00000e+00  1.00000e-01
  785  2.63184e-01  1.25000e-01  0.00000e+00  0.00000e+00  0.00000e+00  1.00000e-01
  786  2.64160e-01  1.25000e-01  0.00000e+00  0.00000e+00  0.00000e+00  1.00000e-01
  787  2.65137e-01  1.25000e-01  0.00000e+00  0.00000e+00  0.00000e+00  1.00000e-01
  788  2.66113e-01  1.25000e-01  0.00000e+00  0.00000e+00  0.00000e+00  1.00000e-01
  789  2.67090e-01  1.25000e-01  0.00000e+00  0.00000e+00  0.00000e+00  1.00000e-01
  790  2.68066e-01  1.25000e-01  0.00000e+00  0.00000e+00  0.00000e+00  1.00000e-01
  791  2.69043e-01  1.25000e-01  0.00000e+00  0.00000e+00  0.00000e+00  1.00000e-01
  792  2.70020e-01  1.25000e-01  0.00000e+00  0.00000e+00  0.00000e+00  1.00000e-01
  793  2.70996e-01  1.25000e-01  0.00000e+00  0.00000e+00  0.00000e+00  1.00000e-01
  794  2.71973e-01  1.25000e-01  0.00000e+00  0.00000e+00  0.00000e+00  1.00000e-01
  795  2.72949e-01  1.25000e-01  0.00000e+00  0.00000e+00  0.00000e+00  1.00000e-01
  796  2.73926e-01  1.25000e-01  0.00000e+00  0.00000e+00  0.00000e+00  1.00000e-01
  797  2.74902e-01  1.25000e-01  0.00000e+00  0.00000e+00  0.00000e+00  1.00000e-01
  798  2.75879e-01  1.25000e-01  0.00000e+00  0.00000e+00  0.00000e+00  1.00000e-01
  799  2.76855e-01  1.25000e-01  0.00000e+00  0.00000e+00  0.00000e+00  1.00000e-01
  800  2.77832e-01  1.25000e-01  0.00000e+00  0.00000e+00  0.00000e+00  1.00000e-01
  801  2.78809e-01  1.25000e-01  0.00000e+00  0.00000e+00  0.00000e+00  1.00000e-01
  802  2.79785e-01  1.25000e-01  0.00000e+00  0.00000e+00  0.00000e+00  1.00000e-01
  803  2.80762e-01  1.25000e-01  0.00000e+00  0.00000e+00  0.00000e+00  1.00000e-01
  804  2.81738e-01  1.25000e-01  0.00000e+00  0.00000e+00  0.00000e+00  1.00000e-01
  805  2.82715e-01  1.25000e-01  0.00000e+00  0.00000e+00  0.00000e+00  1.00000e-01
  806  2.83691e-01  1.25000e-01  0.00000e+00  0.00000e+00  0.00000e+00  1.00000e-01
  807  2.84668e-01  1.25000e-01  0.00000e+00  0.00000e+00  0.00000e+00  1.00000e-01
  808  2.85645e-01  1.25000e-01  0.00000e+00  0.00000e+00  0.00000e+00  1.00000e-01
  809  2.86621e-01  1.25000e-01  0.00000e+00  0.00000e+00  0.00000e+00  1.00000e-01
  810  2.87598e-01  1.25000e-01  0.00000e+00  0.00000e+00  0.00000e+00  1.00000e-01
  811  2.88574e-01  1.25000e-01  0.00000e+00  0.00000e+00  0.00000e+00  1.00000e-01
  812  2.89551e-01  1.25000e-01  0.00000e+00  0.00000e+00  0.00000e+00  1.00000e-01
  813  2.90527e-01  1.25000e-01  0.00000e+00  0.00000e+00  0.00000e+00  1.00000e-01
  814  2.91504e-01  1.25000e-01  0.00000e+00  0.00000e+00  0.00000e+00  1.00000e-01
  815  2.92480e-01  1.25000e-01  0.00000e+00  0.00000e+00  0.00000e+00  1.00000e-01
  816  2.93457e-01  1.25000e-01  0.00000e+00  0.00000e+00  0.00000e+00  1.00000e-01
  817  2.94434e-01  1.25000e-01  0.00000e+00  0.00000e+00  0.00000e+00  1.00000e-01
  818  2.95410e-01  1.25000e-01  0.00000e+00  0.00000e+00  0.00000e+00  1.00000e-01
  819  2.96387e-01  1.25000e-01  0.00000e+00  0.00000e+00  0.00000e+00  1.00000e-01
  820  2.97363e-01  1.25000e-01  0.00000e+00  0.00000e+00  0.00000e+00  1.00000e-01
  821  2.98340e-01  1.25000e-01  0.00000e+00  0.00000e+00  0.00000e+00  1.00000e-01
  822  2.99316e-01  1.25000e-01  0.00000e+00  0.00000e+00  0.00000e+00  1.00000e-01
  823  3.00293e-01  1.25000e-01  0.00000e+00  0.00000e+00  0.00000e+00  1.00000e-01
  824  3.01270e-01  1.25000e-01  0.00000e+00  0.00000e+00  0.00000e+00  1.00000e-01
  825  3.02246e-01  1.25000e-01  0.00000e+00  0.00000e+00  0.00000e+00  1.00000e-01
  826  3.03223e-01  1.25000e-01  0.00000e+00  0.00000e+00  0.00000e+00  1.00000e-01
  827  3.04199e-01  1.25000e-01  0.00000e+00  0.00000e+00  0.00000e+00  1.00000e-01
  828  3.05176e-01  1.25000e-01  0.00000e+00  0.00000e+00  0.00000e+00  1.00000e-01
  829  3.06152e-01  1.25000e-01  0.00000e+00  0.00000e+00  0.00000e+00  1.00000e-01
  830  3.07129e-01  1.25000e-01  0.00000e+00  0.00000e+00  0.00000e+00  1.00000e-01
  831  3.08105e-01  1.25000e-01  0.00000e+00  0.00000e+00  0.00000e+00  1.00000e-01
  832  3.09082e-01  1.25000e-01  0.00000e+00  0.00000e+00  0.00000e+00  1.00000e-01
  833  3.10059e-01  1.25000e-01  0.00000e+00  0.00000e+00  0.00000e+00  1.00000e-01
  834  3.11035e-01  1.25000e-01  0.00000e+00  0.00000e+00  0.00000e+00  1.00000e-01
  835  3.12012e-01  1.25000e-01  0.00000e+00  0.00000e+00  0.00000e+00  1.00000e-01
  836  3.12988e-01  1.25000e-01  0.00000e+00  0.00000e+00  0.00000e+00  1.00000e-01
  837  3.13965e-01  1.25000e-01  0.00000e+00  0.00000e+00  0.00000e+00  1.00000e-01
  838  3.14941e-01  1.25000e-01  0.00000e+00  0.00000e+00  0.00000e+00  1.00000e-01
  839  3.15918e-01  1.25000e-01  0.00000e+00  0.00000e+00  0.00000e+00  1.00000e-01
  840  3.16895e-01  1.25000e-01  0.00000e+00  0.00000e+00  0.00000e+00  1.00000e-01
  841  3.17871e-01  1.25000e-01  0.00000e+00  0.00000e+00  0.00000e+00  1.00000e-01
  842  3.18848e-01  1.25000e-01  0.00000e+00  0.00000e+00  0.00000e+00  1.00000e-01
  843  3.19824e-01  1.25000e-01  0.00000e+00  0.00000e+00  0.00000e+00  1.00000e-01
  844  3.20801e-01  1.25000e-01  0.00000e+00  0.00000e+00  0.00000e+00  1.00000e-01
  845  3.21777e-01  1.25000e-01  0.00000e+00  0.00000e+00  0.00000e+00  1.00000e-01
  846  3.22754e-01  1.25000e-01  0.00000e+00  0.00000e+00  0.00000e+00  1.00000e-01
  847  3.23730e-01  1.25000e-01  0.00000e+00  0.00000e+00  0.00000e+00  1.00000e-01
  848  3.24707e-01  1.25000e-01  0.00000e+00  0.00000e+00  0.00000e+00  1.00000e-01
  849  3.25684e-01  1.25000e-01  0.00000e+00  0.00000e+00  0.00000e+00  1.00000e-01
  850  3.26660e-01  1.25000e-01  0.00000e+00  0.00000e+00  0.00000e+00  1.00000e-01
  851  3.27637e-01  1.25000e-01  0.00000e+00  0.00000e+00  0.00000e+00  1.00000e-01
  852  3.28613e-01  1.25000e-01  0.00000e+00  0.00000e+00  0.00000e+00  1.00000e-01
  853  3.29590e-01  1.25000e-01  0.00000e+00  0.00000e+00  0.00000e+00  1.00000e-01
  854  3.30566e-01  1.25000e-01  0.00000e+00  0.00000e+00  0.00000e+00  1.00000e-01
  855  3.31543e-01  1.25000e-01  0.00000e+00  0.00000e+00  0.00000e+00  1.00000e-01
  856  3.32520e-01  1.25000e-01  0.00000e+00  0.00000e+00  0.00000e+00  1.00000e-01
  857  3.33496e-01  1.25000e-01  0.00000e+00  0.00000e+00  0.00000e+00  1.00000e-01
  858  3.34473e-01  1.25000e-01  0.00000e+00  0.00000e+00  0.00000e+00  1.00000e-01
  859  3.35449e-01  1.25000e-01  0.00000e+00  0.00000e+00  0.00000e+00  1.00000e-01
  860  3.36426e-01  1.25000e-01  0.00000e+00  0.00000e+00  0.00000e+00  1.00000e-01
  861  3.37402e-01  1.25000e-01  0.00000e+00  0.00000e+00  0.00000e+00  1.00000e-01
  862  3.38379e-01  1.25000e-01  0.00000e+00  0.00000e+00  0.00000e+00  1.00000e-01
  863  3.39355e-01  1.25000e-01  0.00000e+00  0.00000e+00  0.00000e+00  1.00000e-01
  864  3.40332e-01  1.25000e-01  0.00000e+00  0.00000e+00  0.00000e+00  1.00000e-01
  865  3.41309e-01  1.25000e-01  0.00000e+00  0.00000e+00  0.00000e+00  1.00000e-01
  866  3.42285e-01  1.25000e-01  0.00000e+00  0.00000e+00  0.00000e+00  1.00000e-01
  867  3.43262e-01  1.25000e-01  0.00000e+00  0.00000e+00  0.00000e+00  1.00000e-01
  868  3.44238e-01  1.25000e-01  0.00000e+00  0.00000e+00  0.00000e+00  1.00000e-01
  869  3.45215e-01  1.25000e-01  0.00000e+00  0.00000e+00  0.00000e+00  1.00000e-01
  870  3.46191e-01  1.25000e-01  0.00000e+00  0.00000e+00  0.00000e+00  1.00000e-01
  871  3.47168e-01  1.25000e-01  0.00000e+00  0.00000e+00  0.00000e+00  1.00000e-01
  872  3.48145e-01  1.25000e-01  0.00000e+00  0.00000e+00  0.00000e+00  1.00000e-01
  873  3.49121e-01  1.25000e-01  0.00000e+00  0.00000e+00  0.00000e+00  1.00000e-01
  874  3.50098e-01  1.25000e-01  0.00000e+00  0.00000e+00  0.00000e+00  1.00000e-01
  875  3.51074e-01  1.25000e-01  0.00000e+00  0.00000e+00  0.00000e+00  1.00000e-01
  876  3.52051e-01  1.25000e-01  0.00000e+00  0.00000e+00  0.00000e+00  1.00000e-01
  877  3.53027e-01  1.25000e-01  0.00000e+00  0.00000e+00  0.00000e+00  1.00000e-01
  878  3.54004e-01  1.25000e-01  0.00000e+00  0.00000e+00  0.00000e+00  1.00000e-01
  879  3.54980e-01  1.25000e-01  0.00000e+00  0.00000e+00  0.00000e+00  1.00000e-01
  880  3.55957e-01  1.25000e-01  0.00000e+00  0.00000e+00  0.00000e+00  1.00000e-01
  881  3.56934e-01  1.25000e-01  0.00000e+00  0.00000e+00  0.00000e+00  1.00000e-01
  882  3.57910e-01  1.25000e-01  0.00000e+00  0.00000e+00  0.00000e+00  1.00000e-01
  883  3.58887e-01  1.25000e-01  0.00000e+00  0.00000e+00  0.00000e+00  1.00000e-01
  884  3.59863e-01  1.25000e-01  0.00000e+00  0.00000e+00  0.00000e+00  1.00000e-01
  885  3.60840e-01  1.25000e-01  0.00000e+00  0.00000e+00  0.00000e+00  1.00000e-01
  886  3.61816e-01  1.25000e-01  0.00000e+00  0.00000e+00  0.00000e+00  1.00000e-01
  887  3.62793e-01  1.25000e-01  0.00000e+00  0.00000e+00  0.00000e+00  1.00000e-01
  888  3.63770e-01  1.25000e-01  0.00000e+00  0.00000e+00  0.00000e+00  1.00000e-01
  889  3.64746e-01  1.25000e-01  0.00000e+00  0.00000e+00  0.00000e+00  1.00000e-01
  890  3.65723e-01  1.25000e-01  0.00000e+00  0.00000e+00  0.00000e+00  1.00000e-01
  891  3.66699e-01  1.25000e-01  0.00000e+00  0.00000e+00  0.00000e+00  1.00000e-01
  892  3.67676e-01  1.25000e-01  0.00000e+00  0.00000e+00  0.00000e+00  1.00000e-01
  893  3.68652e-01  1.25000e-01  0.00000e+00  0.00000e+00  0.00000e+00  1.00000e-01
  894  3.69629e-01  1.25000e-01  0.00000e+00  0.00000e+00  0.00000e+00  1.00000e-01
  895  3.70605e-01  1.25000e-01  0.00000e+00  0.00000e+00  0.00000e+00  1.00000e-01
  896  3.71582e-01  1.25000e-01  0.00000e+00  0.00000e+00  0.00000e+00  1.00000e-01
  897  3.72559e-01  1.25000e-01  0.00000e+00  0.00000e+00  0.00000e+00  1.00000e-01
  898  3.73535e-01  1.25000e-01  0.00000e+00  0.00000e+00  0.00000e+00  1.00000e-01
  899  3.74512e-01  1.25000e-01  0.00000e+00  0.00000e+00  0.00000e+00  1.00000e-01
  900  3.75488e-01  1.25000e-01  0.00000e+00  0.00000e+00  0.00000e+00  1.00000e-01
  901  3.76465e-01  1.25000e-01  0.00000e+00  0.00000e+00  0.00000e+00  1.00000e-01
  902  3.77441e-01  1.25000e-01  0.00000e+00  0.00000e+00  0.00000e+00  1.00000e-01
  903  3.78418e-01  1.25000e-01  0.00000e+00  0.00000e+00  0.00000e+00  1.00000e-01
  904  3.79395e-01  1.25000e-01  0.00000e+00  0.00000e+00  0.00000e+00  1.00000e-01
  905  3.80371e-01  1.25000e-01  0.00000e+00  0.00000e+00  0.00000e+00  1.00000e-01
  906  3.81348e-01  1.25000e-01  0.00000e+00  0.00000e+00  0.00000e+00  1.00000e-01
  907  3.82324e-01  1.25000e-01  0.00000e+00  0.00000e+00  0.00000e+00  1.00000e-01
  908  3.83301e-01  1.25000e-01  0.00000e+00  0.00000e+00  0.00000e+00  1.00000e-01
  909  3.84277e-01  1.25000e-01  0.00000e+00  0.00000e+00  0.00000e+00  1.00000e-01
  910  3.85254e-01  1.25000e-01  0.00000e+00  0.00000e+00  0.00000e+00  1.00000e-01
  911  3.86230e-01  1.25000e-01  0.00000e+00  0.00000e+00  0.00000e+00  1.00000e-01
  912  3.87207e-01  1.25000e-01  0.00000e+00  0.00000e+00  0.00000e+00  1.00000e-01
  913  3.88184e-01  1.25000e-01  0.00000e+00  0.00000e+00  0.00000e+00  1.00000e-01
  914  3.89160e-01  1.25000e-01  0.00000e+00  0.00000e+00  0.00000e+00  1.00000e-01
  915  3.90137e-01  1.25000e-01  0.00000e+00  0.00000e+00  0.00000e+00  1.00000e-01
  916  3.91113e-01  1.25000e-01  0.00000e+00  0.00000e+00  0.00000e+00  1.00000e-01
  917  3.92090e-01  1.25000e-01  0.00000e+00  0.00000e+00  0.00000e+00  1.00000e-01
  918  3.93066e-01  1.25000e-01  0.00000e+00  0.00000e+00  0.00000e+00  1.00000e-01
  919  3.94043e-01  1.25000e-01  0.00000e+00  0.00000e+00  0.00000e+00  1.00000e-01
  920  3.95020e-01  1.25000e-01  0.00000e+00  0.00000e+00  0.00000e+00  1.00000e-01
  921  3.95996e-01  1.25000e-01  0.00000e+00  0.00000e+00  0.00000e+00  1.00000e-01
  922  3.96973e-01  1.25000e-01  0.00000e+00  0.00000e+00  0.00000e+00  1.00000e-01
  923  3.97949e-01  1.25000e-01  0.00000e+00  0.00000e+00  0.00000e+00  1.00000e-01
  924  3.98926e-01  1.25000e-01  0.00000e+00  0.00000e+00  0.00000e+00  1.00000e-01
  925  3.99902e-01  1.25000e-01  0.00000e+00  0.00000e+00  0.00000e+00  1.00000e-01
  926  4.00879e-01  1.25000e-01  0.00000e+00  0.00000e+00  0.00000e+00  1.00000e-01
  927  4.01855e-01  1.25000e-01  0.00000e+00  0.00000e+00  0.00000e+00  1.00000e-01
  928  4.02832e-01  1.25000e-01  0.00000e+00  0.00000e+00  0.00000e+00  1.00000e-01
  929  4.03809e-01  1.25000e-01  0.00000e+00  0.00000e+00  0.00000e+00  1.00000e-01
  930  4.04785e-01  1.25000e-01  0.00000e+00  0.00000e+00  0.00000e+00  1.00000e-01
  931  4.05762e-01  1.25000e-01  0.00000e+00  0.00000e+00  0.00000e+00  1.00000e-01
  932  4.06738e-01  1.25000e-01  0.00000e+00  0.00000e+00  0.00000e+00  1.00000e-01
  933  4.07715e-01  1.25000e-01  0.00000e+00  0.00000e+00  0.00000e+00  1.00000e-01
  934  4.08691e-01  1.25000e-01  0.00000e+00  0.00000e+00  0.00000e+00  1.00000e-01
  935  4.09668e-01  1.25000e-01  0.00000e+00  0.00000e+00  0.00000e+00  1.00000e-01
  936  4.10645e-01  1.25000e-01  0.00000e+00  0.00000e+00  0.00000e+00  1.00000e-01
  937  4.11621e-01  1.25000e-01  0.00000e+00  0.00000e+00  0.00000e+00  1.00000e-01
  938  4.12598e-01  1.25000e-01  0.00000e+00  0.00000e+00  0.00000e+00  1.00000e-01
  939  4.13574e-01  1.25000e-01  0.00000e+00  0.00000e+00  0.00000e+00  1.00000e-01
  940  4.14551e-01  1.25000e-01  0.00000e+00  0.00000e+00  0.00000e+00  1.00000e-01
  941  4.15527e-01  1.25000e-01  0.00000e+00  0.00000e+00  0.00000e+00  1.00000e-01
  942  4.16504e-01  1.25000e-01  0.00000e+00  0.00000e+00  0.00000e+00  1.00000e-01
  943  4.17480e-01  1.25000e-01  0.00000e+00  0.00000e+00  0.00000e+00  1.00000e-01
  944  4.18457e-01  1.25000e-01  0.00000e+00  0.00000e+00  0.00000e+00  1.00000e-01
  945  4.19434e-01  1.25000e-01  0.00000e+00  0.00000e+00  0.00000e+00  1.00000e-01
  946  4.20410e-01  1.25000e-01  0.00000e+00  0.00000e+00  0.00000e+00  1.00000e-01
  947  4.21387e-01  1.25000e-01  0.00000e+00  0.00000e+00  0.00000e+00  1.00000e-01
  948  4.22363e-01  1.25000e-01  0.00000e+00  0.00000e+00  0.00000e+00  1.00000e-01
  949  4.23340e-01  1.25000e-01  0.00000e+00  0.00000e+00  0.00000e+00  1.00000e-01
  950  4.24316e-01  1.25000e-01  0.00000e+00  0.00000e+00  0.00000e+00  1.00000e-01
  951  4.25293e-01  1.25000e-01  0.00000e+00  0.00000e+00  0.00000e+00  1.00000e-01
  952  4.26270e-01  1.25000e-01  0.00000e+00  0.00000e+00  0.00000e+00  1.00000e-01
  953  4.27246e-01  1.25000e-01  0.00000e+00  0.00000e+00  0.00000e+00  1.00000e-01
  954  4.28223e-01  1.25000e-01  0.00000e+00  0.00000e+00  0.00000e+00  1.00000e-01
  955  4.29199e-01  1.25000e-01  0.00000e+00  0.00000e+00  0.00000e+00  1.00000e-01
  956  4.30176e-01  1.25000e-01  0.00000e+00  0.00000e+00  0.00000e+00  1.00000e-01
  957  4.31152e-01  1.25000e-01  0.00000e+00  0.00000e+00  0.00000e+00  1.00000e-01
  958  4.32129e-01  1.25000e-01  0.00000e+00  0.00000e+00  0.00000e+00  1.00000e-01
  959  4.33105e-01  1.25000e-01  0.00000e+00  0.00000e+00  0.00000e+00  1.00000e-01
  960  4.34082e-01  1.25000e-01  0.00000e+00  0.00000e+00  0.00000e+00  1.00000e-01
  961  4.35059e-01  1.25000e-01  0.00000e+00  0.00000e+00  0.00000e+00  1.00000e-01
  962  4.36035e-01  1.25000e-01  0.00000e+00  0.00000e+00  0.00000e+00  1.00000e-01
  963  4.37012e-01  1.25000e-01  0.00000e+00  0.00000e+00  0.00000e+00  1.00000e-01
  964  4.37988e-01  1.25000e-01  0.00000e+00  0.00000e+00  0.00000e+00  1.00000e-01
  965  4.38965e-01  1.25000e-01  0.00000e+00  0.00000e+00  0.00000e+00  1.00000e-01
  966  4.39941e-01  1.25000e-01  0.00000e+00  0.00000e+00  0.00000e+00  1.00000e-01
  967  4.40918e-01  1.25000e-01  0.00000e+00  0.00000e+00  0.00000e+00  1.00000e-01
  968  4.41895e-01  1.25000e-01  0.00000e+00  0.00000e+00  0.00000e+00  1.00000e-01
  969  4.42871e-01  1.25000e-01  0.00000e+00  0.00000e+00  0.00000e+00  1.00000e-01
  970  4.43848e-01  1.25000e-01  0.00000e+00  0.00000e+00  0.00000e+00  1.00000e-01
  971  4.44824e-01  1.25000e-01  0.00000e+00  0.00000e+00  0.00000e+00  1.00000e-01
  972  4.45801e-01  1.25000e-01  0.00000e+00  0.00000e+00  0.00000e+00  1.00000e-01
  973  4.46777e-01  1.25000e-01  0.00000e+00  0.00000e+00  0.00000e+00  1.00000e-01
  974  4.47754e-01  1.25000e-01  0.00000e+00  0.00000e+00  0.00000e+00  1.00000e-01
  975  4.48730e-01  1.25000e-01  0.00000e+00  0.00000e+00  0.00000e+00  1.00000e-01
  976  4.49707e-01  1.25000e-01  0.00000e+00  0.00000e+00  0.00000e+00  1.00000e-01
  977  4.50684e-01  1.25000e-01  0.00000e+00  0.00000e+00  0.00000e+00  1.00000e-01
  978  4.51660e-01  1.25000e-01  0.00000e+00  0.00000e+00  0.00000e+00  1.00000e-01
  979  4.52637e-01  1.25000e-01  0.00000e+00  0.00000e+00  0.00000e+00  1.00000e-01
  980  4.53613e-01  1.25000e-01  0.00000e+00  0.00000e+00  0.00000e+00  1.00000e-01
  981  4.54590e-01  1.25000e-01  0.00000e+00  0.00000e+00  0.00000e+00  1.00000e-01
  982  4.55566e-01  1.25000e-01  0.00000e+00  0.00000e+00  0.00000e+00  1.00000e-01
  983  4.56543e-01  1.25000e-01  0.00000e+00  0.00000e+00  0.00000e+00  1.00000e-01
  984  4.57520e-01  1.25000e-01  0.00000e+00  0.00000e+00  0.00000e+00  1.00000e-01
  985  4.58496e-01  1.25000e-01  0.00000e+00  0.00000e+00  0.00000e+00  1.00000e-01
  986  4.59473e-01  1.25000e-01  0.00000e+00  0.00000e+00  0.00000e+00  1.00000e-01
  987  4.60449e-01  1.25000e-01  0.00000e+00  0.00000e+00  0.00000e+00  1.00000e-01
  988  4.61426e-01  1.25000e-01  0.00000e+00  0.00000e+00  0.00000e+00  1.00000e-01
  989  4.62402e-01  1.25000e-01  0.00000e+00  0.00000e+00  0.00000e+00  1.00000e-01
  990  4.63379e-01  1.25000e-01  0.00000e+00  0.00000e+00  0.00000e+00  1.00000e-01
  991  4.64355e-01  1.25000e-01  0.00000e+00  0.00000e+00  0.00000e+00  1.00000e-01
  992  4.65332e-01  1.25000e-01  0.00000e+00  0.00000e+00  0.00000e+00  1.00000e-01
  993  4.66309e-01  1.25000e-01  0.00000e+00  0.00000e+00  0.00000e+00  1.00000e-01
  994  4.67285e-01  1.25000e-01  0.00000e+00  0.00000e+00  0.00000e+00  1.00000e-01
  995  4.68262e-01  1.25000e-01  0.00000e+00  0.00000e+00  0.00000e+00  1.00000e-01
  996  4.69238e-01  1.25000e-01  0.00000e+00  0.00000e+00  0.00000e+00  1.00000e-01
  997  4.70215e-01  1.25000e-01  0.00000e+00  0.00000e+00  0.00000e+00  1.00000e-01
  998  4.71191e-01  1.25000e-01  0.00000e+00  0.00000e+00  0.00000e+00  1.00000e-01
  999  4.72168e-01  1.25000e-01  0.00000e+00  0.00000e+00  0.00000e+00  1.00000e-01
 1000  4.73145e-01  1.25000e-01  0.00000e+00  0.00000e+00  0.00000e+00  1.00000e-01
 1001  4.74121e-01  1.25000e-01  0.00000e+00  0.00000e+00  0.00000e+00  1.00000e-01
 1002  4.75098e-01  1.25000e-01  0.00000e+00  0.00000e+00  0.00000e+00  1.00000e-01
 1003  4.76074e-01  1.25000e-01  0.00000e+00  0.00000e+00  0.00000e+00  1.00000e-01
 1004  4.77051e-01  1.25000e-01  0.00000e+00  0.00000e+00  0.00000e+00  1.00000e-01
 1005  4.78027e-01  1.25000e-01  0.00000e+00  0.00000e+00  0.00000e+00  1.00000e-01
 1006  4.79004e-01  1.25000e-01  0.00000e+00  0.00000e+00  0.00000e+00  1.00000e-01
 1007  4.79980e-01  1.25000e-01  0.00000e+00  0.00000e+00  0.00000e+00  1.00000e-01
 1008  4.80957e-01  1.25000e-01  0.00000e+00  0.00000e+00  0.00000e+00  1.00000e-01
 1009  4.81934e-01  1.25000e-01  0.00000e+00  0.00000e+00  0.00000e+00  1.00000e-01
 1010  4.82910e-01  1.25000e-01  0.00000e+00  0.00000e+00  0.00000e+00  1.00000e-01
 1011  4.83887e-01  1.25000e-01  0.00000e+00  0.00000e+00  0.00000e+00  1.00000e-01
 1012  4.84863e-01  1.25000e-01  0.00000e+00  0.00000e+00  0.00000e+00  1.00000e-01
 1013  4.85840e-01  1.25000e-01  0.00000e+00  0.00000e+00  0.00000e+00  1.00000e-01
 1014  4.86816e-01  1.25000e-01  0.00000e+00  0.00000e+00  0.00000e+00  1.00000e-01
 1015  4.87793e-01  1.25000e-01  0.00000e+00  0.00000e+00  0.00000e+00  1.00000e-01
 1016  4.88770e-01  1.25000e-01  0.00000e+00  0.00000e+00  0.00000e+00  1.00000e-01
 1017  4.89746e-01  1.25000e-01  0.00000e+00  0.00000e+00  0.00000e+00  1.00000e-01
 1018  4.90723e-01  1.25000e-01  0.00000e+00  0.00000e+00  0.00000e+00  1.00000e-01
 1019  4.91699e-01  1.25000e-01  0.00000e+00  0.00000e+00  0.00000e+00  1.00000e-01
 1020  4.92676e-01  1.25000e-01  0.00000e+00  0.00000e+00  0.00000e+00  1.00000e-01
 1021  4.93652e-01  1.25000e-01  0.00000e+00  0.00000e+00  0.00000e+00  1.00000e-01
 1022  4.94629e-01  1.25000e-01  0.00000e+00  0.00000e+00  0.00000e+00  1.00000e-01
 1023  4.95605e-01  1.25000e-01  0.00000e+00  0.00000e+00  0.00000e+00  1.00000e-01
 1024  4.96582e-01  1.25000e-01  0.00000e+00  0.00000e+00  0.00000e+00  1.00000e-01
 1025  4.97559e-01  1.25000e-01  0.00000e+00  0.00000e+00  0.00000e+00  1.00000e-01
 1026  4.98535e-01  1.25000e-01  0.00000e+00  0.00000e+00  0.00000e+00  1.00000e-01
 1027  4.99512e-01  1.25000e-01  0.00000e+00  0.00000e+00  0.00000e+00  1.00000e-01
